SNP Chr.ref.males Pos.ref.males A1.combined A2.combined frqA1.combined beta.combined se.combined pval.combined dir.combined nmeta.combined info.combined frqA1.females beta.females se.females pval.females dir.females nmeta.females info.females frqA1.males beta.males se.males pval.males dir.males nmeta.males info.males psexdiff
rs10019888:A:G 4 26062990 A G 0.8133 -0.0208 0.0023 8.047e-20 -- 697602 0.987584 0.8128 -0.0317 0.0031 1.096e-24 -- 381099 0.987584 0.8122 -0.0071 0.0034 0.03715 -- 316688 0.987584 6.12308996727658e-08
rs10049088:C:T 3 156797648 T C 0.3814 -0.0271 0.0018 1.472e-53 -- 685782 0.995574 0.3816 -0.0284 0.0024 5.04e-33 -- 374664 0.995574 0.3811 -0.0258 0.0026 4.303e-23 -- 311303 0.995574 0.456729790001516
rs1006195:G:T 11 118958869 T G 0.3934 0.0139 0.0018 2.926e-14 ++ 629808 0.987627 0.3916 0.0152 0.0024 4.548e-10 ++ 350547 0.987627 0.3943 0.0119 0.0027 1.281e-05 ++ 279447 0.987627 0.354866885778984
rs10101067:G:C 8 72407374 C G 0.0711 0.0332 0.0034 8.753e-23 ++ 630071 0.995245 0.0698 0.0465 0.0045 2.277e-25 ++ 350707 0.995245 0.0714 0.0177 0.0051 0.0004821 +- 279550 0.995245 1.79870232573265e-05
rs10116353:G:T 9 111950088 T G 0.305 -0.014 0.0018 3.349e-14 -- 697636 0.994319 0.3049 -0.0158 0.0025 2.214e-10 -- 381125 0.994319 0.3055 -0.0107 0.0027 8.129e-05 -- 316695 0.994319 0.160378187042032
rs1035940:C:G 19 7199978 C G 0.2762 0.012 0.002 1.468e-09 ++ 629084 0.997199 0.2757 0.019 0.0026 7.295e-13 ++ 350114 0.997199 0.2766 0.0027 0.003 0.3561 ++ 279155 0.997199 3.20654753303506e-05
rs1045241:C:T 5 118729286 T C 0.2816 -0.0123 0.0019 8.856e-11 -- 697498 0.990114 0.2825 -0.0255 0.0026 1.925e-23 -- 381048 0.990114 0.2816 0.0034 0.0028 0.2207 +- 316635 0.990114 1.84952912585851e-14
rs1045411:C:T 13 31033232 T C 0.2792 -0.0155 0.0019 1.266e-15 -- 684449 0.996695 0.2801 -0.0155 0.0026 2.906e-09 -- 374554 0.996695 0.2793 -0.0165 0.0029 1.033e-08 -- 310079 0.996695 0.79483527200013
rs10460716:T:A 21 39456226 A T 0.4622 -0.0125 0.0018 3.556e-12 -- 629855 0.99673 0.4645 -0.0165 0.0024 4.287e-12 -- 350591 0.99673 0.4613 -0.0079 0.0027 0.003122 -- 279450 0.99673 0.0159043907912631
rs10462028:G:A 4 56298300 A G 0.3237 0.0123 0.0019 8.47e-11 ++ 630053 0.99994 0.3233 0.0194 0.0025 1.191e-14 ++ 350695 0.99994 0.3244 0.0043 0.0028 0.1316 ++ 279544 0.99994 4.6164605019805e-05
rs10761785:G:T 10 65318766 T G 0.5135 -0.0147 0.0017 6.427e-18 -- 697556 0.996172 0.5138 -0.0174 0.0023 1.997e-14 -- 381082 0.996172 0.5133 -0.0117 0.0025 3.138e-06 -- 316659 0.996172 0.0892305190375037
rs10788569:T:C 10 89604732 T C 0.7235 -0.0134 0.0019 3.975e-12 -- 697563 0.990664 0.7233 -0.0182 0.0026 2.503e-12 -- 381091 0.990664 0.7223 -0.0073 0.0029 0.01024 -- 316657 0.990664 0.00459114292915832
rs10795055:A:G 10 3581221 A G 0.3934 0.0106 0.0018 5.426e-09 ++ 630081 0.996651 0.3924 0.0159 0.0024 3.944e-11 ++ 350714 0.996651 0.3934 0.0037 0.0027 0.178 ++ 279553 0.996651 0.000625289349904614
rs10808546:C:T 8 126495818 T C 0.4215 -0.0084 0.0017 7.314e-07 -- 697577 0.990671 0.4216 -0.0184 0.0023 9.459e-16 -- 381106 0.990671 0.4202 0.003 0.0025 0.2308 +- 316655 0.990671 1.76546260206774e-10
rs10842707:C:T 12 26471364 T C 0.2036 0.0266 0.002 3.911e-39 ++ 697664 0.993975 0.2035 0.0392 0.0027 1.605e-46 ++ 381140 0.993975 0.2029 0.011 0.003 0.000279 ++ 316710 0.993975 1.47837176866989e-12
rs10875120:G:T 1 98399903 T G 0.7827 -0.0142 0.0021 2.716e-11 -- 618330 0.996274 0.7836 -0.0201 0.0028 1.586e-12 -- 344313 0.996274 0.7825 -0.0064 0.0032 0.04412 -+ 274203 0.996274 0.00110193624970316
rs10891290:T:C 11 111605215 T C 0.6409 0.0199 0.0018 2.054e-27 ++ 630012 0.990558 0.6454 0.0242 0.0024 3.008e-23 ++ 350676 0.990558 0.6395 0.0139 0.0027 3.82e-07 ++ 279522 0.990558 0.0038805076660024
rs10919388:A:C 1 170372503 A C 0.2729 -0.0266 0.0019 6.402e-43 -- 668419 0.991758 0.2731 -0.0372 0.0026 9.047e-47 -- 366846 0.991758 0.273 -0.0123 0.0029 2.003e-05 -- 301759 0.991758 9.48621589529426e-11
rs10980797:A:G 9 113912553 A G 0.5194 -0.0154 0.002 3.881e-15 -? 485486 0.993975 0.5197 -0.0215 0.0027 6.951e-16 -? 263148 0.993975 0.5191 -0.0077 0.0029 0.008508 -? 222338 0.993975 0.000419385918271167
rs11075985:C:A 16 53805207 A C 0.4384 0.0386 0.0017 6.67e-112 ++ 697378 0.999411 0.4374 0.0329 0.0023 4.145e-46 ++ 380984 0.999411 0.4414 0.0464 0.0025 1.71e-75 ++ 316578 0.999411 5.69602262997387e-05
rs11187537:G:C 10 95346805 C G 0.2632 0.013 0.002 1.729e-10 ++ 615174 0.9976 0.262 0.0214 0.0027 3.523e-15 ++ 343447 0.9976 0.2689 0.0033 0.0033 0.3221 +? 222338 0.9976 1.71846938755887e-05
rs1122157:C:T 10 63861600 T C 0.3066 -0.0122 0.002 4.412e-10 -- 629894 0.993751 0.3068 -0.0196 0.0026 4.85e-14 -- 350606 0.993751 0.3075 -0.0023 0.0029 0.4397 -- 279475 0.993751 6.8389801178817e-06
rs1139653:A:T 16 4484396 A T 0.2851 0.0147 0.002 1.145e-13 ++ 630039 1 0.2851 0.0168 0.0026 1.701e-10 ++ 350691 1 0.285 0.0118 0.0029 5.834e-05 ++ 279534 1 0.193537656674868
rs114760566:C:A 6 34192036 A C 0.0432 0.0674 0.0048 2.944e-44 +? 485486 0.99322 0.0433 0.0967 0.0065 8.916e-50 +? 263148 0.99322 0.0429 0.0302 0.0072 2.995e-05 +? 222338 0.99322 3.82355043356986e-12
rs1152008:T:G 3 12487612 T G 0.6257 0.0142 0.0018 6.213e-16 ++ 685565 0.990973 0.6258 0.0254 0.0024 3.454e-27 ++ 374580 0.990973 0.6273 1e-04 0.0026 0.9814 +- 311170 0.990973 4.4194675462111e-13
rs11603150:T:C 11 36373869 T C 0.6869 0.0111 0.0021 1.349e-07 +? 485486 0.996166 0.6866 0.02 0.0029 2.77e-12 +? 263148 0.996166 0.6873 -7e-04 0.0032 0.8199 -? 222338 0.996166 1.20551325065367e-06
rs11666808:T:C 19 18383506 T C 0.3702 0.0286 0.002 1.359e-44 +? 485486 0.99409 0.3705 0.03 0.0028 1.438e-27 +? 263148 0.99409 0.3697 0.0265 0.003 3.029e-18 +? 222338 0.99409 0.387663134482763
rs11694173:G:A 2 43590899 A G 0.1772 0.0113 0.0021 1.375e-07 ++ 697651 0.995631 0.1764 0.0201 0.0029 2.979e-12 ++ 381134 0.995631 0.1766 -0.0017 0.0032 0.5956 -+ 316702 0.995631 3.17569550265669e-07
rs1169809:G:A 12 121688026 A G 0.3071 0.0101 0.002 3.342e-07 ++ 628612 0.993671 0.3102 0.0157 0.0026 2.046e-09 ++ 349809 0.993671 0.3064 0.0032 0.0029 0.283 ++ 278989 0.993671 0.00115217717535578
rs11714441:C:T 3 123158946 T C 0.3533 0.0098 0.0019 1.891e-07 ++ 553068 0.995594 0.3997 0.0165 0.0027 1.217e-09 +? 263148 0.995594 0.4004 0.0025 0.003 0.4019 +? 222338 0.995594 0.000442814580972164
rs11727676:T:C 4 145659064 T C 0.9109 -0.0172 0.003 1.33e-08 -- 677223 1 0.911 -0.024 0.0041 4.944e-09 -- 370226 1 0.911 -0.0066 0.0045 0.1403 -0 307182 1 0.00379279929513493
rs11756568:A:T 6 152042413 A T 0.7368 -0.008 0.002 6.931e-05 -- 618180 0.998758 0.7377 -0.016 0.0027 1.908e-09 -- 344240 0.998758 0.737 0.0029 0.003 0.3281 ++ 274126 0.998758 2.10822978977312e-06
rs11760290:T:C 7 107616068 T C 0.9013 0.0218 0.0031 1.264e-12 ++ 618342 0.999073 0.9007 0.0292 0.0041 9.779e-13 ++ 344322 0.999073 0.9015 0.0126 0.0046 0.00665 ++ 274207 0.999073 0.00636376153984243
rs11764879:G:A 7 77333267 A G 0.2864 -0.0117 0.0019 3.926e-10 -- 697631 0.99616 0.2865 -0.0171 0.0025 1.171e-11 -- 381114 0.99616 0.2864 -0.0044 0.0028 0.1161 -- 316701 0.99616 0.000611009241784641
rs11897119:T:C 2 66772000 T C 0.594 -0.0134 0.0017 4.068e-15 -- 695095 1 0.5943 -0.0185 0.0023 1.413e-15 -- 379859 1 0.5938 -0.0074 0.0026 0.003605 -- 315420 1 0.0012014508359527
rs1190982:T:C 14 58815839 T C 0.3027 0.0157 0.0019 5.104e-16 ++ 629972 0.997466 0.3026 0.0193 0.0026 7.018e-14 ++ 350647 0.997466 0.3025 0.0106 0.0029 0.0002479 ++ 279510 0.997466 0.0236775493595201
rs11992444:G:T 8 25464690 T G 0.5085 0.0185 0.002 4.99e-21 +? 485486 1 0.5085 0.0189 0.0027 1.29e-12 +? 263148 1 0.5085 0.0191 0.0029 6.975e-11 +? 222338 1 0.95922649953409
rs12061508:G:A 1 196584468 A G 0.2113 0.0114 0.0021 8.584e-08 ++ 629471 0.994312 0.2097 0.0179 0.0028 2.966e-10 ++ 350351 0.994312 0.2111 0.0025 0.0032 0.4317 +- 279305 0.994312 0.00024442606893499
rs12138803:C:T 1 172348823 T C 0.2001 0.0198 0.0019 7.185e-25 ++ 697055 0.998836 0.1984 0.0294 0.0026 1.029e-29 ++ 380796 0.998836 0.1983 0.0087 0.0029 0.002519 ++ 316444 0.998836 7.33503321137611e-08
rs12325866:G:A 17 61755974 A G 0.2866 -0.0138 0.0019 3.239e-13 -- 697649 0.999056 0.2874 -0.0165 0.0025 9.12e-11 -- 381139 0.999056 0.2867 -0.012 0.0028 1.8e-05 -- 316694 0.999056 0.224679813185739
rs12437696:A:G 15 40878474 A G 0.5109 0.0118 0.002 2.07e-09 +? 485486 0.99848 0.5103 0.016 0.0027 1.691e-09 +? 263148 0.99848 0.5117 0.0063 0.0029 0.03108 +? 222338 0.99848 0.0131556799998997
rs12449442:G:A 17 65947640 A G 0.2186 0.0172 0.0021 2.554e-16 ++ 691377 0.995252 0.2198 0.0191 0.0028 1.085e-11 ++ 378137 0.995252 0.2189 0.0142 0.0031 4.722e-06 ++ 313425 0.995252 0.234818167679474
rs12454712:T:C 18 60845884 T C 0.6243 0.0075 0.0018 3.745e-05 ++ 654281 1 0.6248 0.0224 0.0024 7.149e-20 ++ 357946 1 0.624 -0.0109 0.0027 4.952e-05 -- 296300 1 1.00030986238632e-20
rs1250259:T:A 2 216300482 A T 0.7409 -0.0108 0.002 1.184e-07 -- 617214 0.993558 0.7421 -0.0182 0.0027 1.743e-11 -- 343633 0.993558 0.74 -0.0014 0.003 0.6498 -- 273767 0.993558 2.48906149740045e-05
rs12686771:C:T 9 95472584 T C 0.1622 0.0164 0.0024 4.705e-12 ++ 630081 0.998638 0.1612 0.019 0.0032 2.263e-09 ++ 350713 0.998638 0.1629 0.0122 0.0036 0.0006039 ++ 279554 0.998638 0.152763037449223
rs12817549:T:C 12 94121314 T C 0.5523 -0.0116 0.0017 8.83e-12 -- 697493 0.998773 0.5523 -0.0162 0.0023 1.414e-12 -- 381055 0.998773 0.5525 -0.006 0.0025 0.01652 -- 316623 0.998773 0.00235669965890293
rs1289011:G:C 1 163626413 C G 0.5029 -0.01 0.0018 1.764e-08 -- 630080 0.993549 0.5054 -0.0143 0.0023 1.128e-09 -- 350712 0.993549 0.5025 -0.0044 0.0027 0.09568 -- 279554 0.993549 0.00470257845917309
rs12943131:A:G 17 27863706 A G 0.5326 -0.0087 0.0018 8.042e-07 -- 630081 0.999399 0.5344 -0.0141 0.0024 1.84e-09 -- 350714 0.999399 0.5317 -0.0032 0.0027 0.2319 -- 279553 0.999399 0.0022436223334943
rs1294432:C:T 6 6745027 T C 0.5376 0.0187 0.0017 5.264e-27 ++ 668371 0.991903 0.5377 0.0246 0.0023 3.967e-26 ++ 366827 0.991903 0.5382 0.0117 0.0026 5.935e-06 ++ 301730 0.991903 0.000167415452553744
rs12982665:C:T 19 17158027 T C 0.1929 -0.0124 0.0025 6.351e-07 -? 485486 0.998528 0.1928 -0.0208 0.0034 6.288e-10 -? 263148 0.998528 0.193 -0.0027 0.0037 0.4692 -? 222338 0.998528 0.000263993939694283
rs13092573:C:T 3 46988561 T C 0.3339 0.0138 0.0019 2.883e-13 ++ 629820 1 0.332 0.0197 0.0025 6.963e-15 ++ 350579 1 0.3339 0.005 0.0028 0.07647 ++ 279426 1 7.29925837583713e-05
rs13101828:A:G 4 965720 A G 0.5499 0.0175 0.002 8.654e-19 +? 485486 0.992876 0.5507 0.0221 0.0027 1.181e-16 +? 263148 0.992876 0.549 0.0125 0.003 2.138e-05 +? 222338 0.992876 0.0159953153911357
rs13124532:C:T 4 120416445 T C 0.1453 0.0128 0.0026 6.429e-07 ++ 629832 0.998824 0.1452 0.0225 0.0034 5.544e-11 ++ 350580 0.998824 0.1455 -5e-04 0.0038 0.9062 -+ 279438 0.998824 4.91371512207562e-06
rs13223303:T:C 7 42692711 T C 0.7073 0.0106 0.0022 8.886e-07 +? 485486 0.996687 0.7067 0.0171 0.0029 4.25e-09 +? 263148 0.996687 0.7079 0.0032 0.0032 0.3162 +? 222338 0.996687 0.00111436186660879
rs13256367:A:C 8 128334900 A C 0.6534 0.0141 0.0019 5.415e-14 ++ 629886 0.997213 0.6528 0.0216 0.0025 3.421e-18 ++ 350604 0.997213 0.653 0.0044 0.0028 0.1147 ++ 279467 0.997213 3.46966178449639e-06
rs1334576:G:A 6 7211818 A G 0.4254 -0.0162 0.0018 1.66e-19 -- 630072 1 0.4252 -0.0154 0.0024 1.004e-10 -- 350708 1 0.4258 -0.017 0.0027 2.431e-10 -- 279549 1 0.653736716916099
rs13432211:A:G 2 226955609 A G 0.7763 0.008 0.0021 0.0001824 ++ 627862 0.99742 0.7764 0.0171 0.0028 1.393e-09 ++ 348506 0.99742 0.7761 -0.0044 0.0032 0.1646 -- 279541 0.99742 3.03997641499647e-07
rs1396514:C:T 17 68431026 T C 0.5116 -0.0151 0.0017 2.986e-19 -- 697628 0.994604 0.5103 -0.0281 0.0023 1.954e-35 -- 381124 0.994604 0.5121 0.001 0.0025 0.6794 ++ 316689 0.994604 4.09048773523346e-18
rs140201358:C:G 11 823586 C G 0.9868 -0.0557 0.0086 8.253e-11 -? 485486 1 0.9867 -0.0707 0.0116 1.005e-09 -? 263148 1 0.9869 -0.0371 0.0129 0.003975 -? 222338 1 0.0498107235010744
rs1457489:G:A 18 57861961 A G 0.2806 0.024 0.0019 3.071e-36 ++ 697446 0.99539 0.2807 0.0289 0.0026 2.439e-29 ++ 381041 0.99539 0.2815 0.0183 0.0028 9.494e-11 ++ 316591 0.99539 0.00495724270012874
rs151235402:C:T 20 569164 T C 0.0152 0.0384 0.0082 2.922e-06 +? 485486 0.953845 0.0153 0.0737 0.0111 3.02e-11 +? 263148 0.953845 0.0152 -0.0027 0.0123 0.8257 -? 222338 0.953845 3.00616496879606e-06
rs1534696:C:A 7 26397239 A C 0.5694 -0.0226 0.0017 3.674e-39 -- 685950 1 0.5705 -0.0341 0.0023 3.998e-49 -- 376136 1 0.571 -0.007 0.0026 0.005872 -+ 309998 1 2.64312798830653e-15
rs1535179:A:G 1 23639009 A G 0.9336 -0.0202 0.0036 1.314e-08 -- 629980 0.980054 0.9346 -0.0302 0.0047 1.835e-10 -- 350656 0.980054 0.9333 -0.0115 0.0053 0.02959 -- 279509 0.980054 0.00750409254593461
rs1569135:A:G 2 188115398 A G 0.5372 0.0215 0.0017 2.758e-37 ++ 697572 0.996958 0.5381 0.0213 0.0023 5.6e-21 ++ 381090 0.996958 0.5362 0.0224 0.0025 3.732e-19 ++ 316667 0.996958 0.742935826341232
rs16975388:C:G 16 85261963 C G 0.7824 0.0137 0.0022 8.371e-10 ++ 626065 0.99187 0.7812 0.0192 0.003 1.252e-10 ++ 348462 0.99187 0.782 0.0056 0.0033 0.09618 ++ 277788 0.99187 0.00201123023652302
rs17041868:T:C 2 111894720 T C 0.9216 -0.0191 0.0034 2.541e-08 -- 697541 1 0.921 -0.0306 0.0046 2.843e-11 -- 381119 1 0.921 -0.0031 0.0051 0.5405 -+ 316606 1 5.00536277707965e-05
rs17101456:A:G 10 122875040 A G 0.879 -0.0206 0.0028 7.456e-14 -- 614914 0.998029 0.8799 -0.0315 0.0037 1.432e-17 -- 342268 0.998029 0.8782 -0.0063 0.0041 0.1203 -- 272832 0.998029 3.80987341748684e-06
rs17238775:T:G 15 56779185 T G 0.8828 -0.0182 0.0029 2.156e-10 -- 618285 0.993506 0.8817 -0.027 0.0038 1.497e-12 -- 344286 0.993506 0.8833 -0.0061 0.0043 0.1574 -- 274185 0.993506 0.000225435954577882
rs17264866:C:G 1 40022777 C G 0.7772 -0.0145 0.0021 7.779e-12 -- 629976 0.999817 0.7768 -0.0182 0.0028 1.161e-10 -- 350666 0.999817 0.7772 -0.0088 0.0032 0.005316 -- 279495 0.999817 0.0251606218379062
rs17437657:G:A 7 27249617 A G 0.0868 -0.0245 0.0033 6.813e-14 -- 624471 0.99224 0.0875 -0.0284 0.0043 6.624e-11 -- 347510 0.99224 0.0866 -0.0196 0.0049 7.155e-05 -- 277146 0.99224 0.17159249926459
rs17457629:A:T 5 38795199 A T 0.7248 0.0091 0.002 6.545e-06 ++ 629892 0.986253 0.7241 0.016 0.0027 2.908e-09 ++ 350610 0.986253 0.7245 5e-04 0.003 0.8768 -+ 279467 0.986253 0.000100423056483481
rs1757471:C:T 10 34168090 T C 0.5081 0.0128 0.0018 5.891e-13 ++ 629880 1 0.5079 0.015 0.0024 3.23e-10 ++ 350607 1 0.5089 0.0093 0.0027 0.0004877 ++ 279460 1 0.110030489419274
rs17584626:A:T 6 20560435 A T 0.6887 0.0123 0.0019 1.653e-10 ++ 629926 0.982368 0.6877 0.0155 0.0026 1.699e-09 ++ 350619 0.982368 0.6896 0.0069 0.0029 0.01658 ++ 279492 0.982368 0.0253309634429275
rs17644283:A:G 4 26308792 A G 0.3879 0.0148 0.0018 3.237e-17 ++ 697632 0.994434 0.3882 0.0147 0.0024 5.462e-10 ++ 381126 0.994434 0.3893 0.0151 0.0026 5.761e-09 ++ 316691 0.994434 0.908842362913183
rs1799815:G:A 19 7125519 A G 0.0662 -0.019 0.0039 1.438e-06 -? 485486 1 0.0662 -0.0335 0.0053 3.581e-10 -? 263148 1 0.0663 -6e-04 0.0059 0.9125 -? 222338 1 2.65206197338029e-05
rs1800437:G:C 19 46181392 C G 0.1876 -0.0209 0.0022 6.225e-22 -- 670776 1 0.1878 -0.0181 0.0029 5.09e-10 -- 368643 1 0.1871 -0.0254 0.0032 3.779e-15 -- 302317 1 0.0868866652782669
rs1800978:C:G 9 107665978 C G 0.879 0.0201 0.0026 9.181e-15 ++ 691466 0.989117 0.8794 0.0247 0.0035 1.921e-12 ++ 379103 0.989117 0.8786 0.015 0.0038 8.921e-05 ++ 312548 0.989117 0.0572116934399885
rs1829276:G:A 5 4021401 A G 0.455 -0.0128 0.002 6.955e-11 -? 485486 0.998526 0.4551 -0.0179 0.0027 1.758e-11 -? 263148 0.998526 0.4548 -0.0067 0.0029 0.02329 -? 222338 0.998526 0.00419704981657364
rs2033529:A:G 6 40348653 A G 0.7246 -0.0153 0.0019 2.375e-16 -- 697632 0.991641 0.7246 -0.0154 0.0025 9.933e-10 -- 381105 0.991641 0.7251 -0.0154 0.0028 2.54e-08 -- 316711 0.991641 1
rs20478:G:A 13 44686064 A G 0.0983 0.0168 0.003 2.055e-08 ++ 630082 0.994624 0.0982 0.0275 0.004 6.633e-12 ++ 350715 0.994624 0.0984 0.0027 0.0045 0.5421 ++ 279553 0.994624 3.0224590355095e-05
rs2076586:C:T 1 112273026 T C 0.2321 -0.0141 0.0022 6.303e-11 -- 614447 0.978668 0.23 -0.017 0.0029 3.861e-09 -- 342072 0.978668 0.2322 -0.012 0.0032 0.0001925 -- 272562 0.978668 0.240940233781844
rs2112347:T:G 5 75015242 T G 0.63 0.015 0.0017 8.407e-18 ++ 697618 1 0.6299 0.0189 0.0023 8.506e-16 ++ 381106 1 0.6299 0.0099 0.0026 0.0001342 ++ 316697 1 0.00864355471230948
rs2124307:T:C 14 98344662 T C 0.3719 -0.0091 0.0018 6.045e-07 -- 627877 0.996892 0.3698 -0.0154 0.0024 2.508e-10 -- 348511 0.996892 0.3718 -0.0012 0.0027 0.6726 +- 279551 0.996892 6.85906595021166e-05
rs2159607:G:T 3 52501451 T G 0.8166 0.0175 0.0022 1.701e-15 ++ 694029 0.997317 0.8171 0.0236 0.0029 1.322e-15 ++ 380486 0.997317 0.8166 0.0099 0.0033 0.002342 ++ 313727 0.997317 0.00158679849983416
rs2193748:G:C 12 45986471 C G 0.2278 0.0106 0.0023 5.83e-06 +? 485486 0.992118 0.2284 0.0202 0.0032 1.934e-10 +? 263148 0.992118 0.2271 -0.0018 0.0035 0.6027 -? 222338 0.992118 2.61975783848492e-06
rs2207132:G:A 20 39142516 A G 0.032 0.0292 0.0056 1.694e-07 +? 485486 1 0.0324 0.0505 0.0075 1.513e-11 +? 263148 1 0.0316 -0.0026 0.0084 0.7568 -? 222338 1 1.79024251731245e-06
rs2240702:A:G 19 4159873 A G 0.8862 -0.0153 0.0029 8.258e-08 -- 629450 0.985649 0.8864 -0.0234 0.0038 9.634e-10 -- 350338 0.985649 0.8861 -0.0051 0.0043 0.2329 -- 279297 0.985649 0.00123882952941269
rs2294239:A:G 22 29449477 A G 0.5683 0.02 0.0017 3.173e-31 ++ 697702 0.989833 0.5679 0.0225 0.0023 2.58e-22 ++ 381134 0.989833 0.5683 0.0178 0.0025 2.491e-12 ++ 316752 0.989833 0.161119001916994
rs2303975:G:A 11 14276999 A G 0.1171 -0.0106 0.0026 4.758e-05 -- 697670 0.993623 0.117 -0.0209 0.0035 3.069e-09 -- 381147 0.993623 0.1173 7e-04 0.0038 0.8588 +- 316707 0.993623 2.28866043829434e-05
rs2306374:T:C 3 138119952 T C 0.8421 -0.0108 0.0023 3.262e-06 -- 693916 1 0.8422 -0.0214 0.0031 7.366e-12 -- 379254 1 0.842 0.0022 0.0034 0.5297 +- 314846 1 2.04675800379925e-07
rs2306589:T:C 17 34848874 T C 0.473 0.016 0.0017 2.521e-21 ++ 697624 0.998689 0.4717 0.0179 0.0023 2.188e-15 ++ 381119 0.998689 0.4744 0.0145 0.0025 6.779e-09 ++ 316690 0.998689 0.310716663473908
rs2335077:A:G 1 107573565 A G 0.6448 -0.0121 0.0019 8.334e-11 -- 630057 1 0.6451 -0.0159 0.0025 1.646e-10 -- 350701 1 0.6439 -0.008 0.0028 0.004221 -- 279542 1 0.0330433076354875
rs2373078:C:T 2 218392555 T C 0.1 0.0158 0.0029 4.408e-08 ++ 630070 0.986517 0.0986 0.0281 0.0038 2.379e-13 ++ 350709 0.986517 0.1006 -1e-04 0.0043 0.9864 +- 279547 0.986517 6.45616107157379e-07
rs2448:T:C 5 53302354 T C 0.7378 0.0158 0.002 4.621e-15 ++ 630072 0.999368 0.7379 0.0157 0.0027 4.688e-09 ++ 350707 0.999368 0.7383 0.0162 0.003 7.644e-08 ++ 279550 0.999368 0.900151539058201
rs2455799:G:T 3 15701184 T G 0.6696 -0.0119 0.0018 4.374e-11 -- 697631 0.991431 0.6697 -0.0178 0.0024 1.967e-13 -- 381121 0.991431 0.6698 -0.0038 0.0027 0.1579 -- 316694 0.991431 8.67116878645442e-05
rs2474714:A:G 10 33495983 A G 0.5667 0.0098 0.0018 5.047e-08 ++ 630048 0.998681 0.5655 0.0146 0.0024 9.377e-10 ++ 350695 0.998681 0.567 0.0043 0.0027 0.1124 ++ 279539 0.998681 0.0038805076660024
rs2503099:A:G 6 100610101 A G 0.8346 -0.0214 0.0023 8.298e-20 -- 630073 0.999462 0.8352 -0.0336 0.0031 6.372e-27 -- 350710 0.999462 0.8349 -0.0048 0.0035 0.1698 -+ 279549 0.999462 4.41491690675899e-10
rs2547049:G:A 19 37482817 A G 0.534 0.0096 0.0018 7.2e-08 ++ 630081 0.999885 0.5328 0.0155 0.0024 5.783e-11 ++ 350714 0.999885 0.535 0.0024 0.0027 0.3633 -+ 279553 0.999885 0.000239977267211455
rs2645294:C:T 1 119574587 T C 0.5563 0.0237 0.0017 1.252e-44 ++ 697614 0.999438 0.5571 0.0269 0.0023 1.14e-31 ++ 381122 0.999438 0.5554 0.0195 0.0025 1.113e-14 ++ 316677 0.999438 0.0273608699528213
rs2725371:A:G 8 30854033 A G 0.3 0.0172 0.0021 9.9e-16 +? 485486 0.989596 0.2982 0.0182 0.0029 4.064e-10 +? 263148 0.989596 0.3021 0.0171 0.0032 8.777e-08 +? 222338 0.989596 0.796421738770245
rs2747399:G:A 20 51707666 A G 0.4933 -0.0168 0.0018 4.432e-21 -- 630079 0.993329 0.4921 -0.0233 0.0024 8.448e-23 -- 350713 0.993329 0.4938 -0.0078 0.0027 0.003652 -- 279552 0.993329 1.38901053798661e-05
rs2791550:T:G 1 219655369 T G 0.2488 -0.0265 0.0018 2.48e-49 -- 697644 0.999956 0.2473 -0.0458 0.0024 9.919e-80 -- 381130 0.999956 0.2416 -0.0015 0.0026 0.5758 -- 316698 0.999956 7.56078980254968e-37
rs28445639:C:T 2 25182488 T C 0.2118 0.0223 0.0024 1.206e-20 +? 485486 0.998424 0.2118 0.0271 0.0032 5.733e-17 +? 263148 0.998424 0.2118 0.0144 0.0036 5.615e-05 +? 222338 0.998424 0.00757528395925449
rs2894204:C:T 6 31237061 T C 0.6383 0.0209 0.002 8.006e-25 +? 485486 0.998908 0.6383 0.0235 0.0027 1.418e-17 +? 263148 0.998908 0.6383 0.0193 0.003 2.081e-10 +? 222338 0.998908 0.291907041904263
rs2907794:G:A 10 32391109 A G 0.2544 -0.0124 0.002 3.238e-10 -- 697633 0.996855 0.2549 -0.0156 0.0027 4.472e-09 -- 381120 0.996855 0.2558 -0.0088 0.0029 0.002645 -- 316697 0.996855 0.0821711658854743
rs2925979:T:C 16 81534790 T C 0.2958 0.0215 0.0018 1.623e-31 ++ 696252 1 0.2958 0.0375 0.0025 1.218e-51 ++ 380279 1 0.2956 6e-04 0.0027 0.8147 +- 316158 1 3.08700977952586e-24
rs3092781:C:T 20 45789953 T C 0.451 -0.0145 0.0017 1.915e-17 -- 691625 0.997741 0.4514 -0.0135 0.0023 4.75e-09 -- 377859 0.997741 0.4509 -0.0146 0.0025 6.248e-09 -- 313952 0.997741 0.742935826341232
rs3213849:G:A 8 38326046 A G 0.401 0.0143 0.002 8.007e-13 +? 485486 0.996957 0.4012 0.02 0.0027 1.718e-13 +? 263148 0.996957 0.4007 0.0078 0.003 0.009126 +? 222338 0.996957 0.00220256012201349
rs34000:T:C 5 141973501 T C 0.6002 0.0107 0.0018 5.076e-09 ++ 607003 0.985019 0.6016 0.0162 0.0025 4.024e-11 ++ 338712 0.985019 0.5905 0.003 0.003 0.3166 +? 222338 0.985019 0.000619321834816773
rs34699:G:T 5 66304225 T G 0.5808 -0.0118 0.0018 4.415e-11 -- 630014 0.993628 0.5833 -0.0143 0.0024 1.966e-09 -- 350677 0.993628 0.5801 -0.0084 0.0027 0.001705 -- 279523 0.993628 0.0981014556432981
rs362275:C:T 4 3224602 T C 0.2979 -0.0128 0.0019 2.127e-11 -- 630063 0.998848 0.2969 -0.0158 0.0026 5.373e-10 -- 350705 0.998848 0.2983 -0.0088 0.0029 0.00215 -- 279544 0.998848 0.0687196256161187
rs3767846:A:G 1 214175126 A G 0.7474 0.013 0.0023 8.476e-09 +? 485486 0.992163 0.7476 0.02 0.003 5.691e-11 +? 263148 0.992163 0.7473 0.0031 0.0034 0.3644 +? 222338 0.992163 0.000160143677967069
rs3786897:A:G 19 33893008 A G 0.5805 -0.0237 0.0017 1.451e-43 -- 697495 0.997489 0.58 -0.023 0.0023 2.14e-23 -- 381058 0.997489 0.5814 -0.0259 0.0025 2.083e-24 -- 316621 0.997489 0.387234753113535
rs3792751:C:T 5 32773314 T C 0.364 0.0082 0.0017 2.452e-06 ++ 697637 0.987811 0.3637 0.0138 0.0024 3.903e-09 ++ 381133 0.987811 0.3636 0.0012 0.0026 0.6431 +- 316689 0.987811 0.000310099629434509
rs3803042:G:A 12 54387947 A G 0.4295 0.0216 0.0018 6.042e-33 ++ 630005 0.996149 0.4306 0.0261 0.0024 2.086e-27 ++ 350675 0.996149 0.429 0.0161 0.0027 2.892e-09 ++ 279515 0.996149 0.00505344270036909
rs3809924:A:G 18 46889938 A G 0.3454 0.0153 0.0019 3.204e-16 ++ 630079 0.998608 0.3476 0.0179 0.0025 6.243e-13 ++ 350712 0.998608 0.3443 0.0127 0.0028 5.637e-06 ++ 279553 0.998608 0.160601938135199
rs3851294:A:G 1 205130413 A G 0.0964 -0.0208 0.0031 1.27e-11 -- 630077 1 0.0973 -0.0316 0.0041 8.455e-15 -- 350711 1 0.0971 -0.0072 0.0045 0.1158 -- 279552 1 4.91749057141364e-05
rs3909256:T:C 9 96889505 T C 0.7541 0.0159 0.0021 5.683e-14 ++ 629831 0.982334 0.7523 0.0167 0.0028 2.623e-09 ++ 350574 0.982334 0.7546 0.0154 0.0031 1.022e-06 ++ 279442 0.982334 0.752614408124144
rs3930017:A:G 7 76720582 A G 0.3933 -0.01 0.0018 1.148e-08 -- 686696 0.995675 0.3938 -0.0148 0.0024 5.919e-10 -- 375522 0.995675 0.3921 -0.005 0.0026 0.05381 -- 311359 0.995675 0.00502819861056206
rs39312:A:C 7 116954785 A C 0.6205 -0.0154 0.0018 3.496e-18 -- 697538 0.986082 0.6199 -0.017 0.0024 9.651e-13 -- 381073 0.986082 0.619 -0.0131 0.0026 5.533e-07 -- 316649 0.986082 0.264266473619314
rs3936510:G:T 5 55860866 T G 0.1967 0.0241 0.0021 1.756e-29 ++ 695940 1 0.1963 0.0422 0.0029 2.59e-48 ++ 380270 1 0.1968 0.003 0.0032 0.3427 +- 315855 1 3.80273469037224e-20
rs4130827:T:G 12 66430452 T G 0.7063 -0.0145 0.002 7.853e-13 -- 615515 0.976317 0.7053 -0.0198 0.0027 1.932e-13 -- 342711 0.976317 0.7055 -0.0081 0.003 0.006825 -- 272990 0.976317 0.00332478531728615
rs4146819:C:A 16 69923563 A C 0.5773 0.0164 0.0018 7.126e-19 ++ 589670 0.998232 0.5771 0.0175 0.0025 1.19e-12 ++ 329198 0.998232 0.5822 0.0145 0.003 1.112e-06 +? 222338 0.998232 0.436594696691688
rs4346064:C:A 12 107081599 A C 0.3504 0.0115 0.0021 2.401e-08 +? 485486 0.99638 0.3503 0.0182 0.0028 5.688e-11 +? 263148 0.99638 0.3505 0.0035 0.0031 0.2566 +? 222338 0.99638 0.000365084395091049
rs4420638:A:G 19 45422946 A G 0.8131 0.0288 0.0024 2.23e-34 ++ 611061 1 0.813 0.0325 0.0032 9.805e-25 ++ 340734 1 0.8128 0.0259 0.0038 5.081e-12 +? 222338 1 0.178497042864392
rs4465809:G:T 2 48980507 T G 0.4917 0.0118 0.0018 4.003e-11 ++ 629982 0.984753 0.4917 0.02 0.0024 4.33e-17 ++ 350655 0.984753 0.492 0.0022 0.0027 0.4177 +0 279513 0.984753 6.02478851585511e-07
rs4536164:A:C 11 27467109 A C 0.3137 0.0126 0.0018 6.339e-12 ++ 695114 0.991164 0.3145 0.0149 0.0025 1.473e-09 ++ 378747 0.991164 0.313 0.0095 0.0027 0.0004369 ++ 316552 0.991164 0.137179356657592
rs4556142:A:G 9 107734714 A G 0.3741 -0.014 0.0018 3.04e-14 -- 630037 0.994688 0.3757 -0.0223 0.0024 9.088e-20 -- 350694 0.994688 0.3738 -0.0028 0.0028 0.3039 -- 279530 0.994688 8.55523858200783e-08
rs4671193:C:T 2 67846288 T C 0.3562 -0.0191 0.0018 4.792e-25 -- 627804 0.996388 0.3558 -0.022 0.0025 5.768e-19 -- 348472 0.996388 0.3559 -0.0156 0.0028 1.613e-08 -- 279518 0.996388 0.0841980671444658
rs4705986:T:G 5 132349654 T G 0.9385 0.0281 0.0038 1.748e-13 ++ 621640 0.978107 0.9387 0.033 0.0051 1.005e-10 ++ 346255 0.978107 0.938 0.0219 0.0057 0.0001054 ++ 275571 0.978107 0.141603633386224
rs474513:A:G 6 160770312 A G 0.51 0.0116 0.0018 7.069e-11 ++ 627764 0.997251 0.5073 0.0191 0.0024 5.219e-16 ++ 348455 0.997251 0.5106 0.0011 0.0027 0.6718 +- 279494 0.997251 4.49993393617999e-07
rs4809604:T:G 20 45550489 T G 0.5741 -0.0194 0.0018 5.615e-27 -- 627852 0.977311 0.575 -0.0255 0.0024 3.168e-26 -- 348501 0.977311 0.5739 -0.0118 0.0027 1.323e-05 -- 279537 0.977311 0.000122563129712847
rs4871958:G:A 8 25762216 A G 0.5072 0.0139 0.0017 2.358e-16 ++ 697530 0.997043 0.5075 0.0164 0.0023 6.869e-13 ++ 381052 0.997043 0.5065 0.0112 0.0025 8.073e-06 ++ 316662 0.997043 0.121046886828975
rs4894803:A:G 3 171800256 A G 0.6004 0.0149 0.0018 3.743e-16 ++ 629705 0.985672 0.6014 0.0178 0.0024 2.332e-13 ++ 350708 0.985672 0.5994 0.0098 0.0027 0.0003572 ++ 279182 0.985672 0.0249041813853515
rs4929927:A:G 11 8658485 A G 0.3319 -0.0153 0.0018 2.526e-18 -- 697638 0.999348 0.3312 -0.0182 0.0024 1.792e-14 -- 381121 0.999348 0.3321 -0.012 0.0026 4.188e-06 -- 316701 0.999348 0.0759421359953776
rs4964656:G:C 12 108594069 C G 0.3026 -0.0181 0.002 1.957e-20 -- 628243 0.999554 0.3017 -0.0202 0.0026 1.219e-14 -- 344569 0.999554 0.3028 -0.0144 0.0029 7.719e-07 -- 278804 0.999554 0.13149968650246
rs543874:A:G 1 177889480 A G 0.7802 -0.0203 0.0021 8.143e-22 -- 697646 1 0.7793 -0.0193 0.0028 9.649e-12 -- 381128 1 0.7789 -0.0222 0.0031 9.523e-13 -- 316702 1 0.481977892106223
rs55747707:G:A 7 73037366 A G 0.1765 -0.0154 0.0023 3.396e-11 -- 553057 0.995534 0.1982 -0.0277 0.0033 9.67e-17 -? 263148 0.995534 0.1984 -6e-04 0.0037 0.8689 -? 222338 0.995534 3.0930282262073e-08
rs55920843:T:G 2 158412701 T G 0.9886 0.0623 0.0092 1.549e-11 +? 485486 1 0.9888 0.0967 0.0126 1.688e-14 +? 263148 1 0.9884 0.0195 0.0137 0.154 +? 222338 1 2.65898367189461e-05
rs56271783:G:C 11 64004723 C G 0.0439 0.0441 0.0048 8.848e-20 +? 485486 0.975925 0.0443 0.0759 0.0065 2.987e-31 +? 263148 0.975925 0.0434 0.003 0.0073 0.6833 +? 222338 0.975925 4.23136606617622e-14
rs579682:C:T 11 122014110 T C 0.7141 -0.0133 0.002 2.022e-11 -- 630068 0.989004 0.7149 -0.0156 0.0026 3.694e-09 -- 350705 0.989004 0.7132 -0.0113 0.003 0.0001426 -- 279549 0.989004 0.272654851450118
rs59043281:G:A 2 112261030 A G 0.207 -0.019 0.0024 5.876e-15 -? 485486 0.979317 0.2071 -0.0254 0.0033 1.167e-14 -? 263148 0.979317 0.2069 -0.0139 0.0036 0.0001366 -? 222338 0.979317 0.0170777752507828
rs6021889:A:G 20 50982870 A G 0.7102 0.0203 0.0019 2.463e-27 ++ 697643 0.997371 0.7099 0.0213 0.0025 2.586e-17 ++ 381132 0.997371 0.7103 0.0188 0.0028 1.275e-11 ++ 316695 0.997371 0.499965995228744
rs605066:C:T 6 139829666 T C 0.5834 -0.0192 0.0018 2.381e-26 -- 618321 0.999822 0.5819 -0.0297 0.0024 5.727e-35 -- 344309 0.999822 0.5844 -0.0054 0.0027 0.04718 -- 274198 0.999822 9.57401123690468e-12
rs6090040:A:C 20 62692060 A C 0.4804 0.0103 0.002 2.083e-07 +? 485486 0.987466 0.4802 0.0208 0.0027 9.032e-15 +? 263148 0.987466 0.4806 -0.0034 0.003 0.2433 -? 222338 0.987466 1.25742817485604e-09
rs62106258:T:C 2 417167 T C 0.9534 0.0434 0.0046 8.766e-21 +? 485486 1 0.9532 0.0526 0.0063 4.181e-17 +? 263148 1 0.9536 0.0326 0.007 2.747e-06 +? 222338 1 0.0314830772145433
rs62271373:T:A 3 150066540 A T 0.0578 0.032 0.0043 7.346e-14 +? 485486 0.957592 0.0578 0.0568 0.0058 1.032e-22 +? 263148 0.957592 0.0577 -7e-04 0.0064 0.9188 -? 222338 0.957592 1.55491915644532e-11
rs645040:G:T 3 135926622 T G 0.7704 0.0156 0.002 1.154e-14 ++ 697639 1 0.7707 0.0181 0.0027 3.179e-11 ++ 381126 1 0.77 0.0128 0.003 1.823e-05 ++ 316697 1 0.183524489658243
rs6542479:C:G 2 119541788 C G 0.3482 0.0128 0.0018 3.858e-12 ++ 629892 0.99978 0.3471 0.0184 0.0025 6.759e-14 ++ 350597 0.99978 0.3491 0.0056 0.0028 0.04276 ++ 279480 0.99978 0.000553031124877306
rs6688233:C:T 1 9335745 T C 0.2394 0.0186 0.0021 3.021e-19 ++ 629724 0.982661 0.238 0.0252 0.0028 1.123e-19 ++ 350511 0.982661 0.2399 0.0095 0.0031 0.002162 ++ 279399 0.982661 0.00014090574869248
rs6691427:G:C 1 203510048 C G 0.4901 -0.0062 0.002 0.001726 -? 485486 0.992711 0.4899 -0.017 0.0027 1.563e-10 -? 263148 0.992711 0.4905 0.0069 0.0029 0.01833 +? 222338 0.992711 1.00037835506686e-09
rs6699397:A:G 1 91212216 A G 0.6236 -0.0118 0.0017 1.276e-11 -- 697661 0.996577 0.6231 -0.0148 0.0023 3.002e-10 -- 381134 0.996577 0.6234 -0.0088 0.0026 0.0006712 -- 316712 0.996577 0.0800217805188131
rs6719428:T:C 2 66238005 T C 0.7053 -0.017 0.002 3.763e-18 -- 630069 0.994838 0.7045 -0.0224 0.0026 1.107e-17 -- 350707 0.994838 0.705 -0.0106 0.0029 0.0002876 -- 279547 0.994838 0.00215182410450451
rs6725549:C:A 2 630323 A C 0.8423 0.0263 0.0022 8.348e-32 ++ 695422 0.997419 0.8426 0.0236 0.003 6.638e-15 ++ 378922 0.997419 0.8425 0.0296 0.0033 5.483e-19 ++ 316685 0.997419 0.173007365072041
rs6795831:A:C 3 129341403 A C 0.8143 0.0288 0.0023 2.091e-37 ++ 630036 0.984604 0.8166 0.0443 0.003 1.329e-49 ++ 350692 0.984604 0.8136 0.0086 0.0034 0.01092 +- 279531 0.984604 1.53668246709721e-15
rs6859752:C:T 5 171851934 T C 0.3292 0.0107 0.0019 2.121e-08 ++ 629358 0.998267 0.3309 0.0151 0.0025 2.768e-09 ++ 350329 0.998267 0.3285 0.006 0.0029 0.03696 +- 279215 0.998267 0.0160846296766338
rs6905288:G:A 6 43758873 A G 0.5735 0.0327 0.0017 2.015e-78 ++ 674178 1 0.5735 0.0497 0.0024 1.55e-98 ++ 368588 1 0.5735 0.0122 0.0026 2.038e-06 ++ 305775 1 7.02747372879456e-27
rs7020604:A:G 9 112583554 A G 0.6653 0.011 0.0021 1.39e-07 +? 485486 0.99457 0.6646 0.0173 0.0028 8.916e-10 +? 263148 0.99457 0.6661 0.003 0.0031 0.3424 +? 222338 0.99457 0.000526040919782782
rs703984:G:C 10 80941417 C G 0.4135 -0.0137 0.0018 3.916e-14 -- 630032 0.993495 0.4139 -0.0146 0.0024 1.186e-09 -- 350685 0.993495 0.4135 -0.0126 0.0027 3.111e-06 -- 279533 0.993495 0.574987446659782
rs704067:G:A 12 89726027 A G 0.4517 0.0116 0.0018 2.438e-10 ++ 616751 0.987995 0.4507 0.0146 0.0024 1.773e-09 ++ 343363 0.987995 0.4512 0.0084 0.0027 0.002048 ++ 273574 0.987995 0.0821691545934925
rs7102:T:C 16 11642242 T C 0.6465 -0.0086 0.0018 1.434e-06 -- 691133 0.98977 0.6465 -0.0151 0.0024 2.587e-10 -- 378439 0.98977 0.6472 9e-04 0.0026 0.7477 +- 312879 0.98977 4.65078761078242e-06
rs711869:G:A 2 13073967 A G 0.5566 -0.0171 0.0018 2.375e-21 -- 629977 0.981668 0.557 -0.0162 0.0024 1.112e-11 -- 350651 0.981668 0.5566 -0.018 0.0027 2.591e-11 -- 279511 0.981668 0.613805177407059
rs7175346:G:A 15 42100674 A G 0.524 0.0117 0.0018 4.082e-11 ++ 629953 0.997689 0.5248 0.0155 0.0024 6.549e-11 ++ 350635 0.997689 0.5241 0.0064 0.0027 0.01634 ++ 279504 0.997689 0.0107327269924965
rs7213608:C:T 17 21279289 T C 0.6826 -0.0171 0.0019 6.951e-19 -- 629948 0.977134 0.6819 -0.019 0.0026 1.678e-13 -- 350638 0.977134 0.6837 -0.0137 0.0029 1.937e-06 -- 279496 0.977134 0.16814283341445
rs7221005:T:C 17 67590431 T C 0.3253 0.0062 0.0019 0.001305 ++ 630006 0.994475 0.3271 0.0155 0.0026 1.643e-09 ++ 350678 0.994475 0.325 -0.005 0.0029 0.0844 -- 279514 0.994475 9.78039641122404e-08
rs7231852:G:A 18 40761976 A G 0.2502 -0.0145 0.0021 1.772e-12 -- 630031 0.998558 0.2506 -0.0174 0.0027 1.684e-10 -- 350677 0.998558 0.2497 -0.0112 0.0031 0.0002355 -- 279539 0.998558 0.126658520110139
rs7249081:T:C 19 2157167 T C 0.5246 0.0148 0.002 6.233e-14 +? 485486 0.989424 0.5241 0.017 0.0027 2.275e-10 +? 263148 0.989424 0.5253 0.0127 0.003 1.891e-05 +? 222338 0.989424 0.280569320728409
rs727428:T:C 17 7537792 T C 0.4542 0.0105 0.0018 4.797e-09 ++ 629762 1 0.4548 0.0141 0.0024 4.343e-09 ++ 350557 1 0.4542 0.005 0.0027 0.06563 +- 279391 1 0.0107327269924965
rs72959041:G:A 6 127454893 A G 0.0409 0.126 0.0044 4.56e-183 ++ 550831 0.969127 0.0473 0.1791 0.0063 1.7e-175 +? 263148 0.969127 0.047 0.0698 0.007 2.203e-23 +? 222338 0.969127 6.6766850794101e-32
rs7372321:T:C 3 64713815 T C 0.0999 -0.0217 0.003 2.431e-13 -- 626388 0.980853 0.0989 -0.0405 0.004 1.919e-24 -- 348513 0.980853 0.1007 2e-04 0.0044 0.9623 -+ 278061 0.980853 4.14206245821061e-12
rs7395513:G:A 11 69262756 A G 0.4389 -0.0173 0.002 2.458e-18 -? 485486 0.99223 0.439 -0.0237 0.0027 8.584e-19 -? 263148 0.99223 0.4387 -0.01 0.003 0.0007541 -? 222338 0.99223 0.000586296670030385
rs7402977:G:A 15 31726824 A G 0.2639 -0.0127 0.0021 1.412e-09 -- 589592 0.981127 0.2639 -0.0169 0.0028 1.527e-09 -- 329159 0.981127 0.2662 -0.0078 0.0033 0.02027 -? 222338 0.981127 0.0332206335622889
rs747249:A:G 11 130271647 A G 0.3588 0.0111 0.0019 2.65e-09 ++ 629846 0.985753 0.3597 0.0151 0.0025 9.222e-10 ++ 350586 0.985753 0.3585 0.0058 0.0028 0.03665 ++ 279446 0.985753 0.0120970385677417
rs7492628:C:G 14 91547136 C G 0.6801 -0.0125 0.0019 7.893e-11 -- 629729 0.981371 0.6796 -0.0192 0.0026 9.032e-14 -- 350516 0.981371 0.6806 -0.0036 0.0029 0.2138 -- 279399 0.981371 4.9797275185205e-05
rs7498665:A:G 16 28883241 A G 0.6175 -0.0168 0.0017 1.13e-22 -- 695962 1 0.6182 -0.014 0.0023 1.474e-09 -- 380420 1 0.617 -0.0208 0.0026 4.743e-16 -- 315725 1 0.047259444055911
rs7585974:C:G 2 172377212 C G 0.1826 0.0128 0.0025 4.471e-07 +? 485486 0.995766 0.1824 0.022 0.0034 1.512e-10 +? 263148 0.995766 0.1829 0.001 0.0038 0.7852 +? 222338 0.995766 3.03022573516609e-05
rs7607980:T:C 2 165551201 T C 0.8696 0.0247 0.0026 1.181e-21 ++ 697673 0.997546 0.8698 0.0598 0.0035 1.651e-66 ++ 381145 0.997546 0.8686 -0.0177 0.0038 3.559e-06 -- 316712 0.997546 3.88035426682174e-52
rs7612999:G:A 3 35678337 A G 0.2469 0.0168 0.0021 5.309e-16 ++ 629679 0.994883 0.2474 0.021 0.0028 2.52e-14 ++ 350479 0.994883 0.2466 0.0124 0.0031 5.762e-05 ++ 279385 0.994883 0.0370575810116878
rs76189032:C:T 17 40756882 T C 0.0769 0.0285 0.0037 1.095e-14 +? 485486 1 0.0768 0.0365 0.005 2.332e-13 +? 263148 1 0.077 0.0191 0.0055 0.0005327 +? 222338 1 0.0177433497345239
rs7637773:G:A 3 185515635 A G 0.3178 0.0105 0.0019 3.155e-08 ++ 628904 0.999944 0.3172 0.0152 0.0025 1.555e-09 ++ 349994 0.999944 0.3178 0.0049 0.0028 0.08656 ++ 279096 0.999944 0.00545066853058323
rs7731717:T:C 5 173281685 T C 0.621 -0.0174 0.002 4.397e-18 -- 553066 0.99746 0.7025 -0.0245 0.0029 2.709e-17 -? 263148 0.99746 0.7029 -0.0091 0.0032 0.004287 -? 222338 0.99746 0.000304160035896416
rs7736177:G:A 5 55003944 A G 0.6911 -0.0105 0.0019 3.957e-08 -- 629982 0.999805 0.6911 -0.0172 0.0026 1.958e-11 -- 350671 0.999805 0.6912 -0.0017 0.0029 0.5481 -- 279497 0.999805 5.56411108381515e-05
rs7783857:C:G 7 130439058 C G 0.7317 -0.0096 0.0019 3.138e-07 -- 696121 0.996652 0.7317 -0.0239 0.0025 1.924e-21 -- 380180 0.996652 0.7334 0.0081 0.0028 0.00368 ++ 316125 0.996652 5.91634224605243e-18
rs7932891:A:G 11 10921512 A G 0.2954 0.0113 0.002 9.89e-09 ++ 629150 0.998727 0.2959 0.0157 0.0026 2.599e-09 ++ 350244 0.998727 0.2953 0.0063 0.0029 0.03244 +- 279092 0.998727 0.0145114485735979
rs797486:C:A 13 51221618 A C 0.8938 0.0316 0.0026 1.089e-34 ++ 697602 0.987915 0.894 0.0357 0.0035 7.659e-25 ++ 381116 0.987915 0.8945 0.0249 0.0038 7.746e-11 ++ 316671 0.987915 0.0342305298989849
rs8033381:G:A 15 75080685 A G 0.7297 0.0114 0.0019 2.383e-09 ++ 697623 0.996152 0.7293 0.0157 0.0026 9.665e-10 ++ 381125 0.996152 0.7298 0.006 0.0028 0.03355 ++ 316682 0.996152 0.0101337622995117
rs8054299:C:G 16 53498655 C G 0.6861 0.0107 0.0019 2.463e-08 ++ 618064 0.999166 0.686 0.0167 0.0026 8.789e-11 ++ 344177 0.999166 0.6859 0.0039 0.0029 0.1734 ++ 274073 0.999166 0.000873234827870699
rs8054556:G:A 16 29958216 A G 0.4647 0.0184 0.002 8.268e-21 +? 485486 0.997524 0.4645 0.0198 0.0027 9.907e-14 +? 263148 0.997524 0.4649 0.0173 0.0029 3.456e-09 +? 222338 0.997524 0.522788239683235
rs8070723:A:G 17 44081064 A G 0.7848 -0.0162 0.0021 4.205e-15 -- 697589 1 0.7848 -0.0218 0.0028 3.189e-15 -- 381104 1 0.7853 -0.0075 0.0031 0.01362 -+ 316669 1 0.000526040919782782
rs8078513:C:A 17 17431208 A C 0.0523 0.023 0.0041 1.352e-08 ++ 626740 0.967673 0.052 0.039 0.0054 6.346e-13 ++ 348697 0.967673 0.0519 0.0012 0.0061 0.8401 -+ 278229 0.967673 2.61159778364412e-06
rs8079062:A:G 17 74255029 A G 0.9209 -0.0234 0.0033 1.668e-12 -- 616828 0.994364 0.922 -0.0342 0.0044 6.511e-15 -- 343348 0.994364 0.9202 -0.0098 0.005 0.0485 -+ 273666 0.994364 0.000207009652146849
rs8103017:C:G 19 55999142 C G 0.7044 -0.0165 0.0022 2.244e-14 -? 485486 0.980636 0.7047 -0.0191 0.0029 6.49e-11 -? 263148 0.980636 0.7041 -0.0135 0.0032 3.268e-05 -? 222338 0.980636 0.189062777380465
rs863750:C:T 12 124505444 T C 0.5836 0.0259 0.0017 6.195e-51 ++ 697620 0.993593 0.5828 0.0405 0.0023 3.965e-68 ++ 381119 0.993593 0.5829 0.0077 0.0026 0.002478 ++ 316685 0.993593 1.07188940488414e-21
rs905938:T:C 1 154991389 T C 0.7235 0.0126 0.0019 7.831e-11 ++ 697389 1 0.7223 0.0212 0.0026 3.899e-16 ++ 380996 1 0.7231 0.0023 0.0029 0.4345 ++ 316573 1 8.89192616746541e-07
rs917191:G:C 7 80570871 C G 0.5704 0.0095 0.0018 1.616e-07 ++ 629374 0.980862 0.5694 0.0171 0.0024 1.397e-12 ++ 350325 0.980862 0.5701 -0.001 0.0027 0.702 -+ 279235 0.980862 3.88456859496478e-07
rs9296938:A:G 6 14573063 A G 0.2501 -0.0145 0.002 1.502e-12 -- 630072 0.996434 0.2506 -0.0172 0.0027 2.939e-10 -- 350711 0.996434 0.2495 -0.0105 0.0031 0.0005722 -- 279547 0.996434 0.0988221771205029
rs9352872:G:C 6 81510118 C G 0.5334 -0.0144 0.002 1.987e-13 -? 485486 0.996445 0.5334 -0.0214 0.0027 8.554e-16 -? 263148 0.996445 0.5333 -0.0059 0.0029 0.04446 -? 222338 0.996445 7.42838726247966e-05
rs9436299:C:A 1 65892888 A C 0.6604 0.008 0.0019 3.396e-05 ++ 629062 0.969509 0.6571 0.016 0.0026 6.836e-10 ++ 350107 0.969509 0.6613 -0.0024 0.0029 0.4145 -+ 279141 0.969509 1.71260068542266e-06
rs9644033:A:T 8 23610639 A T 0.7545 0.0188 0.0021 2.101e-19 ++ 630079 0.997191 0.7544 0.0334 0.0028 2.89e-33 ++ 350712 0.997191 0.7538 -7e-04 0.0031 0.8294 -- 279553 0.997191 1.36477071148981e-16
rs9674436:A:G 16 1342841 A G 0.4658 0.0068 0.002 0.0005476 +? 485486 0.982151 0.465 0.016 0.0027 2.139e-09 +? 263148 0.982151 0.4667 -0.0043 0.003 0.1469 -? 222338 0.982151 3.50441263239655e-07
rs9678859:A:G 2 100288478 A G 0.1816 0.0155 0.0023 2.176e-11 ++ 630034 0.99681 0.1819 0.0205 0.0031 2.897e-11 ++ 350690 0.99681 0.1817 0.0088 0.0035 0.01153 ++ 279529 0.99681 0.0112629439931338
rs974801:A:G 4 106071064 A G 0.6417 -0.0093 0.0017 9.557e-08 -- 697582 1 0.6409 -0.017 0.0023 4.184e-13 -- 381097 1 0.6431 0.0014 0.0026 0.5812 ++ 316670 1 7.9445654753492e-08
rs9991328:C:T 4 89713121 T C 0.4738 0.0185 0.0017 5.168e-28 ++ 697657 0.996777 0.4741 0.0331 0.0023 1.176e-48 ++ 381139 0.996777 0.4739 2e-04 0.0025 0.9216 ++ 316703 0.996777 1.0275368895268e-22
