SNP Chr.ref.males Pos.ref.males A1.combined A2.combined frqA1.combined beta.combined se.combined pval.combined dir.combined nmeta.combined info.combined frqA1.females beta.females se.females pval.females dir.females nmeta.females info.females frqA1.males beta.males se.males pval.males dir.males nmeta.males info.males psexdiff
rs10019888:A:G 4 26062990 A G 0.8133 -0.0208 0.0023 8.047e-20 -- 697602 0.987584 0.8128 -0.0317 0.0031 1.096e-24 -- 381099 0.987584 0.8122 -0.0071 0.0034 0.03715 -- 316688 0.987584 6.12308996727658e-08
rs10049088:C:T 3 156797648 T C 0.3814 -0.0271 0.0018 1.472e-53 -- 685782 0.995574 0.3816 -0.0284 0.0024 5.04e-33 -- 374664 0.995574 0.3811 -0.0258 0.0026 4.303e-23 -- 311303 0.995574 0.456729790001516
rs10070064:C:T 5 173281777 T C 0.2645 0.0175 0.002 3.814e-18 ++ 553013 0.997272 0.2995 0.0243 0.0029 4.766e-17 +? 263148 0.997272 0.299 0.0091 0.0032 0.004311 +? 222338 0.997272 0.00036409854480489
rs10132280:C:A 14 25928179 A C 0.3106 -0.0116 0.0018 3.114e-10 -- 697591 0.988362 0.3109 -0.0032 0.0025 0.2008 -- 381102 0.988362 0.3108 -0.0227 0.0027 8.971e-17 -- 316673 0.988362 7.98472348509235e-08
rs10153926:G:A 2 43189120 A G 0.2188 0.0143 0.0024 2.003e-09 +? 485486 0.97686 0.2184 0.0153 0.0032 2.289e-06 +? 263148 0.97686 0.2192 0.012 0.0036 0.0007837 +? 222338 0.97686 0.48774944786836
rs10164099:T:C 18 34690744 T C 0.8742 -0.0149 0.0025 1.173e-09 -- 697649 0.99824 0.8746 -0.0132 0.0033 6.864e-05 -- 381135 0.99824 0.8747 -0.0165 0.0036 5.036e-06 -- 316698 0.99824 0.493722852820401
rs1017698:G:A 2 219170525 A G 0.5974 -0.0113 0.0018 5.13e-10 -- 621813 0.996858 0.5988 -0.0128 0.0024 1.097e-07 -- 345996 0.996858 0.597 -0.0089 0.0027 0.0009913 -- 276003 0.996858 0.274215222821908
rs1020731:G:A 2 161144055 A G 0.7021 0.0127 0.0019 5.838e-11 ++ 630022 0.996832 0.7025 0.0126 0.0026 1.163e-06 ++ 350681 0.996832 0.7016 0.0132 0.0029 5.173e-06 ++ 279527 0.996832 0.876015546251688
rs1035940:C:G 19 7199978 C G 0.2762 0.012 0.002 1.468e-09 ++ 629084 0.997199 0.2757 0.019 0.0026 7.295e-13 ++ 350114 0.997199 0.2766 0.0027 0.003 0.3561 ++ 279155 0.997199 3.20654753303506e-05
rs1045241:C:T 5 118729286 T C 0.2816 -0.0123 0.0019 8.856e-11 -- 697498 0.990114 0.2825 -0.0255 0.0026 1.925e-23 -- 381048 0.990114 0.2816 0.0034 0.0028 0.2207 +- 316635 0.990114 1.84952912585851e-14
rs1045411:C:T 13 31033232 T C 0.2792 -0.0155 0.0019 1.266e-15 -- 684449 0.996695 0.2801 -0.0155 0.0026 2.906e-09 -- 374554 0.996695 0.2793 -0.0165 0.0029 1.033e-08 -- 310079 0.996695 0.79483527200013
rs10475249:C:G 5 4010135 C G 0.5488 0.0134 0.002 1.292e-11 +? 485486 0.992943 0.5489 0.0175 0.0027 4.765e-11 +? 263148 0.992943 0.5487 0.008 0.0029 0.006977 +? 222338 0.992943 0.0151654958491415
rs10490869:A:T 3 35635145 A T 0.7964 -0.0183 0.0022 9.338e-17 -- 630057 0.989407 0.7967 -0.022 0.0029 5.296e-14 -- 350703 0.989407 0.7961 -0.0142 0.0033 1.607e-05 -- 279540 0.989407 0.0721502185122829
rs10499013:G:A 6 97946396 A G 0.28 -0.0125 0.002 5.096e-10 -- 629734 0.990019 0.2812 -0.0088 0.0027 0.001054 -- 350508 0.990019 0.2805 -0.0174 0.003 6.976e-09 -- 279411 0.990019 0.0309214116205756
rs10507223:C:G 12 108455828 C G 0.7667 0.0134 0.0022 5.095e-10 ++ 628542 0.999204 0.765 0.0158 0.0029 3.703e-08 ++ 349782 0.999204 0.7666 0.0113 0.0032 0.0004595 ++ 278946 0.999204 0.291253427770862
rs10745659:C:G 12 94092690 C G 0.5607 -0.0127 0.0018 1.427e-12 -- 629804 0.992346 0.5612 -0.0162 0.0024 9.493e-12 -- 350538 0.992346 0.5606 -0.0081 0.0027 0.002551 -- 279452 0.992346 0.0231517095353041
rs10761785:G:T 10 65318766 T G 0.5135 -0.0147 0.0017 6.427e-18 -- 697556 0.996172 0.5138 -0.0174 0.0023 1.997e-14 -- 381082 0.996172 0.5133 -0.0117 0.0025 3.138e-06 -- 316659 0.996172 0.0892305190375037
rs10788569:T:C 10 89604732 T C 0.7235 -0.0134 0.0019 3.975e-12 -- 697563 0.990664 0.7233 -0.0182 0.0026 2.503e-12 -- 381091 0.990664 0.7223 -0.0073 0.0029 0.01024 -- 316657 0.990664 0.00459114292915832
rs10827252:A:G 10 33672884 A G 0.4934 -0.0113 0.0018 2.031e-10 -- 629961 0.995279 0.4936 -0.012 0.0024 3.781e-07 -- 350657 0.995279 0.4934 -0.0105 0.0027 8.073e-05 -- 279490 0.995279 0.674090224105495
rs10840349:A:G 11 10076430 A G 0.507 -0.0122 0.002 4.93e-10 -? 485486 0.997011 0.5062 -0.0147 0.0027 3.143e-08 -? 263148 0.997011 0.508 -0.0094 0.0029 0.001396 -? 222338 0.997011 0.175483499018437
rs10842707:C:T 12 26471364 T C 0.2036 0.0266 0.002 3.911e-39 ++ 697664 0.993975 0.2035 0.0392 0.0027 1.605e-46 ++ 381140 0.993975 0.2029 0.011 0.003 0.000279 ++ 316710 0.993975 1.47837176866989e-12
rs10843817:A:C 12 30865510 A C 0.7604 0.0127 0.002 5.847e-10 ++ 630079 0.998877 0.7614 0.0148 0.0027 6.291e-08 ++ 350711 0.998877 0.7608 0.0098 0.0031 0.001419 ++ 279553 0.998877 0.218029739853788
rs10851523:G:C 15 53044002 C G 0.2742 -0.0118 0.002 1.787e-09 -- 648928 0.992849 0.2731 -0.0114 0.0026 1.438e-05 -- 359021 0.992849 0.2744 -0.013 0.0029 8.071e-06 -- 290093 0.992849 0.677366743223786
rs10876528:C:A 12 54421476 A C 0.351 0.0236 0.0018 8.584e-39 ++ 657052 1 0.351 0.0257 0.0024 5.723e-26 ++ 359541 1 0.3504 0.0209 0.0027 7.742e-15 ++ 297696 1 0.178389135278348
rs10896012:T:C 11 65278461 T C 0.7853 -0.018 0.0022 2.147e-16 -- 629971 0.99646 0.7857 -0.0209 0.0029 1.054e-12 -- 350662 0.99646 0.7844 -0.0142 0.0033 1.544e-05 -- 279494 0.99646 0.122447613629051
rs10919388:A:C 1 170372503 A C 0.2729 -0.0266 0.0019 6.402e-43 -- 668419 0.991758 0.2731 -0.0372 0.0026 9.047e-47 -- 366846 0.991758 0.273 -0.0123 0.0029 2.003e-05 -- 301759 0.991758 9.48621589529426e-11
rs10923724:C:T 1 119546842 T C 0.5565 0.024 0.0017 1.81e-45 ++ 697647 0.992599 0.5567 0.0266 0.0023 2.404e-31 ++ 381139 0.992599 0.556 0.0202 0.0025 1.48e-15 ++ 316692 0.992599 0.0563682531547834
rs10980797:A:G 9 113912553 A G 0.5194 -0.0154 0.002 3.881e-15 -? 485486 0.993975 0.5197 -0.0215 0.0027 6.951e-16 -? 263148 0.993975 0.5191 -0.0077 0.0029 0.008508 -? 222338 0.993975 0.000419385918271167
rs10991433:T:C 9 107726918 T C 0.8956 -0.0254 0.0028 5.731e-20 -- 694341 0.984949 0.8957 -0.0339 0.0037 8.098e-20 -- 379116 0.984949 0.8957 -0.0137 0.0041 0.0007991 -- 315409 0.984949 0.000211782647786024
rs11030108:A:G 11 27695464 A G 0.3307 0.0154 0.0018 1.214e-17 ++ 697583 0.99797 0.331 0.013 0.0024 9.018e-08 ++ 381096 0.99797 0.3306 0.0193 0.0027 8.27e-13 ++ 316672 0.99797 0.0773501350737612
rs11055887:G:A 12 14417179 A G 0.1934 -0.0133 0.0023 4.281e-09 -- 629851 0.989782 0.1924 -0.0112 0.003 0.0002429 -- 350595 0.989782 0.1944 -0.0166 0.0034 9.358e-07 -- 279441 0.989782 0.227761456286503
rs11176015:C:T 12 66441684 T C 0.293 0.0151 0.002 7.208e-14 ++ 615415 0.986629 0.2945 0.0193 0.0027 6.067e-13 ++ 342662 0.986629 0.2929 0.0097 0.003 0.001271 ++ 272938 0.986629 0.0159953153911357
rs11187537:G:C 10 95346805 C G 0.2632 0.013 0.002 1.729e-10 ++ 615174 0.9976 0.262 0.0214 0.0027 3.523e-15 ++ 343447 0.9976 0.2689 0.0033 0.0033 0.3221 +? 222338 0.9976 1.71846938755887e-05
rs11216183:C:A 11 116781545 A C 0.0923 0.0226 0.0034 2.711e-11 +? 485486 0.998403 0.0924 0.0248 0.0046 6.769e-08 +? 263148 0.998403 0.0921 0.0202 0.0051 7.065e-05 +? 222338 0.998403 0.497547346314141
rs1122080:G:A 5 158015903 A G 0.2045 -0.0131 0.0022 1.603e-09 -- 697618 0.977194 0.2048 -0.0079 0.0029 0.007147 -- 381112 0.977194 0.2056 -0.0197 0.0032 1.015e-09 -- 316691 0.977194 0.00565001410098312
rs112266013:G:A 6 15230743 A G 0.1408 -0.0167 0.0028 3.168e-09 -? 485486 0.996049 0.1413 -0.0103 0.0038 0.006932 -? 263148 0.996049 0.1402 -0.0234 0.0042 3.01e-08 -? 222338 0.996049 0.019152903952144
rs11231084:C:G 11 62177643 C G 0.4943 -0.0117 0.002 2.409e-09 -? 485486 0.993954 0.4947 -0.0128 0.0027 1.42e-06 -? 263148 0.993954 0.4939 -0.0114 0.0029 0.0001047 -? 222338 0.993954 0.720440703915644
rs1124639:T:C 2 200775744 T C 0.4392 -0.0113 0.0017 7.475e-11 -- 657164 0.997216 0.4397 -0.0117 0.0023 5.874e-07 -- 359580 0.997216 0.4381 -0.0108 0.0026 3.066e-05 -- 297769 0.997216 0.792871267141857
rs1139653:A:T 16 4484396 A T 0.2851 0.0147 0.002 1.145e-13 ++ 630039 1 0.2851 0.0168 0.0026 1.701e-10 ++ 350691 1 0.285 0.0118 0.0029 5.834e-05 ++ 279534 1 0.193537656674868
rs1142:C:T 7 104756326 T C 0.3344 0.0149 0.0018 2.057e-17 ++ 697632 0.996927 0.3352 0.0131 0.0024 3.381e-08 ++ 381128 0.996927 0.3329 0.0163 0.0026 4.542e-10 ++ 316688 0.996927 0.359671746438674
rs114760566:C:A 6 34192036 A C 0.0432 0.0674 0.0048 2.944e-44 +? 485486 0.99322 0.0433 0.0967 0.0065 8.916e-50 +? 263148 0.99322 0.0429 0.0302 0.0072 2.995e-05 +? 222338 0.99322 3.82355043356986e-12
rs1158805:C:A 18 40736590 A C 0.3797 -0.0133 0.0018 4.947e-13 -- 630065 0.997106 0.3811 -0.0153 0.0024 3.291e-10 -- 350705 0.997106 0.3785 -0.0103 0.0027 0.0001805 -- 279546 0.997106 0.160973900610644
rs1163627:C:A 13 112225701 A C 0.5446 0.0104 0.0017 3.008e-09 ++ 657179 0.996529 0.5446 0.0072 0.0024 0.002258 ++ 359587 0.996529 0.5436 0.0138 0.0026 1.109e-07 ++ 297777 0.996529 0.0588608930129647
rs11654387:C:G 17 68446861 C G 0.4878 0.0161 0.0018 1.453e-19 ++ 629940 0.995917 0.4902 0.0288 0.0024 3.833e-34 ++ 350644 0.995917 0.4867 -6e-04 0.0027 0.8091 -- 279482 0.995917 1.68500825774519e-16
rs11724804:G:A 4 965779 A G 0.4436 -0.0165 0.0018 4.979e-20 -- 627647 0.995671 0.4427 -0.0198 0.0024 2.311e-16 -- 349423 0.995671 0.4446 -0.013 0.0027 1.571e-06 -- 278409 0.995671 0.0565914699891226
rs11747001:A:G 5 132412299 A G 0.7638 0.0154 0.002 8.389e-15 ++ 697616 0.998801 0.7639 0.0151 0.0027 1.299e-08 ++ 381121 0.998801 0.7636 0.0148 0.0029 4.103e-07 ++ 316680 0.998801 0.938873024301599
rs11764879:G:A 7 77333267 A G 0.2864 -0.0117 0.0019 3.926e-10 -- 697631 0.99616 0.2865 -0.0171 0.0025 1.171e-11 -- 381114 0.99616 0.2864 -0.0044 0.0028 0.1161 -- 316701 0.99616 0.000611009241784641
rs11878507:G:A 19 18837823 A G 0.5056 -0.0119 0.002 1.385e-09 -? 485486 0.986985 0.506 -0.0111 0.0027 3.283e-05 -? 263148 0.986985 0.505 -0.0122 0.0029 3.623e-05 -? 222338 0.986985 0.778569686397357
rs11897119:T:C 2 66772000 T C 0.594 -0.0134 0.0017 4.068e-15 -- 695095 1 0.5943 -0.0185 0.0023 1.413e-15 -- 379859 1 0.5938 -0.0074 0.0026 0.003605 -- 315420 1 0.0012014508359527
rs1190982:T:C 14 58815839 T C 0.3027 0.0157 0.0019 5.104e-16 ++ 629972 0.997466 0.3026 0.0193 0.0026 7.018e-14 ++ 350647 0.997466 0.3025 0.0106 0.0029 0.0002479 ++ 279510 0.997466 0.0236775493595201
rs11992444:G:T 8 25464690 T G 0.5085 0.0185 0.002 4.99e-21 +? 485486 1 0.5085 0.0189 0.0027 1.29e-12 +? 263148 1 0.5085 0.0191 0.0029 6.975e-11 +? 222338 1 0.95922649953409
rs12024554:C:T 1 19925759 T C 0.2346 -0.0149 0.0023 1.077e-10 -? 485486 0.997091 0.2339 -0.0134 0.0031 1.608e-05 -? 263148 0.997091 0.2356 -0.017 0.0034 7.511e-07 -? 222338 0.997091 0.428090330671408
rs12042959:A:G 1 243533273 A G 0.8633 0.0155 0.0025 9.25e-10 ++ 630062 0.984695 0.8638 0.0166 0.0034 8.12e-07 ++ 350702 0.984695 0.8633 0.0173 0.0038 5.253e-06 ++ 279545 0.984695 0.889418992153102
rs12101393:C:G 15 92570921 C G 0.7865 0.014 0.0022 1.187e-10 ++ 630019 0.989164 0.7859 0.0153 0.0029 1.127e-07 ++ 350679 0.989164 0.7875 0.0125 0.0032 0.0001199 ++ 279526 0.989164 0.511387754846491
rs12138803:C:T 1 172348823 T C 0.2001 0.0198 0.0019 7.185e-25 ++ 697055 0.998836 0.1984 0.0294 0.0026 1.029e-29 ++ 380796 0.998836 0.1983 0.0087 0.0029 0.002519 ++ 316444 0.998836 7.33503321137611e-08
rs12140153:G:T 1 62579891 T G 0.091 -0.0214 0.0035 7.637e-10 -? 485486 0.947242 0.0905 -0.0252 0.0047 9.967e-08 -? 263148 0.947242 0.0917 -0.0182 0.0052 0.0004459 -? 222338 0.947242 0.311786786306587
rs12206094:C:T 6 108906200 T C 0.2888 -0.0119 0.0019 2.207e-10 -- 697599 0.996379 0.2891 -0.0122 0.0025 1.45e-06 -- 381106 0.996379 0.2895 -0.0113 0.0028 4.476e-05 -- 316678 0.996379 0.808132777776801
rs12287076:G:C 11 47606865 C G 0.625 0.0192 0.002 3.529e-21 ++ 553016 0.989819 0.7029 0.0129 0.0029 9.099e-06 +? 263148 0.989819 0.7029 0.0293 0.0032 7.119e-20 +? 222338 0.989819 0.00011993501504369
rs12430764:G:A 13 93896935 A G 0.5164 0.0107 0.0018 1.872e-09 ++ 630067 0.996382 0.516 0.0056 0.0024 0.0176 ++ 350706 0.996382 0.5165 0.0175 0.0027 4.342e-11 ++ 279546 0.996382 0.000849037558567899
rs1243188:T:C 10 21908803 T C 0.7061 -0.0148 0.0019 2.371e-14 -- 618174 0.996876 0.7064 -0.0082 0.0026 0.00158 -- 344232 0.996876 0.7063 -0.023 0.0029 3.044e-15 -- 274128 0.996876 0.000118820572391475
rs12440605:G:A 15 42102285 A G 0.5243 0.0118 0.0018 4.022e-11 ++ 629948 0.997641 0.5251 0.0155 0.0024 6.628e-11 ++ 350634 0.997641 0.5244 0.0064 0.0027 0.01674 ++ 279500 0.997641 0.0107327269924965
rs12440695:T:C 15 62435156 T C 0.6151 -0.0103 0.0018 4.353e-09 -- 685904 0.996761 0.6148 -0.0119 0.0024 4.994e-07 -- 374733 0.996761 0.6153 -0.0085 0.0026 0.001221 -- 311355 0.996761 0.330433949435028
rs12449442:G:A 17 65947640 A G 0.2186 0.0172 0.0021 2.554e-16 ++ 691377 0.995252 0.2198 0.0191 0.0028 1.085e-11 ++ 378137 0.995252 0.2189 0.0142 0.0031 4.722e-06 ++ 313425 0.995252 0.234818167679474
rs12459350:A:G 19 2176586 A G 0.5423 0.0134 0.0017 2.233e-15 ++ 697658 0.999463 0.5421 0.0124 0.0023 5.825e-08 ++ 381137 0.999463 0.5427 0.015 0.0025 2.427e-09 ++ 316705 0.999463 0.438223148621492
rs12469667:G:A 2 166162705 A G 0.2322 -0.013 0.0021 2.821e-10 -- 630067 0.99919 0.2306 -0.0077 0.0027 0.00508 -- 350708 0.99919 0.2322 -0.018 0.0031 4.75e-09 -- 279545 0.99919 0.0111655256329087
rs12494190:G:A 3 168949384 A G 0.4038 -0.0121 0.0018 3.034e-11 -- 630013 0.994419 0.4048 -0.0136 0.0024 2.31e-08 -- 350677 0.994419 0.4036 -0.0109 0.0027 6.286e-05 -- 279522 0.994419 0.44906547017466
rs12495178:T:C 3 85886077 T C 0.6416 0.0124 0.0018 1.321e-12 ++ 697641 0.997656 0.6412 0.011 0.0024 3.21e-06 ++ 381133 0.997656 0.6419 0.0146 0.0026 1.825e-08 ++ 316692 0.997656 0.302780234674581
rs12527712:C:T 6 80916967 T C 0.0882 0.0284 0.0033 3.377e-18 ++ 630083 0.999789 0.0896 0.0294 0.0043 1.261e-11 ++ 350715 0.999789 0.0884 0.0254 0.0049 1.67e-07 ++ 279554 0.999789 0.534329095366498
rs12575252:G:C 11 8694073 C G 0.3337 -0.0154 0.0018 2.316e-18 -- 695992 0.988345 0.3331 -0.0179 0.0024 5.199e-14 -- 380432 0.988345 0.3339 -0.0124 0.0026 1.99e-06 -- 315744 0.988345 0.115404453316341
rs12590238:C:G 14 103350197 C G 0.8339 -0.0141 0.0023 1.546e-09 -- 630082 0.996555 0.8344 -0.0124 0.0031 6.484e-05 -+ 350715 0.996555 0.8342 -0.0165 0.0035 2.571e-06 -- 279553 0.996555 0.374468317275335
rs12593088:G:A 15 81058640 A G 0.3106 -0.0128 0.0019 5.159e-12 -- 697372 0.989085 0.3113 -0.012 0.0025 1.324e-06 -- 381008 0.989085 0.3115 -0.0133 0.0027 1.131e-06 -- 316549 0.989085 0.720469365767604
rs12608504:A:G 19 18389135 A G 0.3593 0.0251 0.0018 4.675e-46 ++ 697639 0.9985 0.3594 0.0246 0.0024 3.039e-25 ++ 381124 0.9985 0.3585 0.0252 0.0026 3.704e-22 ++ 316698 0.9985 0.863635439052497
rs12621633:G:A 2 162859436 A G 0.011 0.0538 0.0091 2.996e-09 ++ 577145 0.959743 0.011 0.0421 0.0122 0.0005604 ++ 323643 0.959743 0.0113 0.0679 0.0141 1.55e-06 +? 222338 0.959743 0.161104849797588
rs12629247:G:C 3 187632584 C G 0.0399 0.0289 0.0047 9.83e-10 ++ 616938 0.985474 0.0402 0.0283 0.0063 6.848e-06 ++ 343461 0.985474 0.0397 0.0274 0.0071 0.0001102 ++ 273545 0.985474 0.92349772142252
rs12631066:G:C 3 33872787 C G 0.2247 0.0124 0.0021 2.089e-09 ++ 630056 0.999317 0.2219 0.0092 0.0028 0.0008296 ++ 350701 0.999317 0.2245 0.0166 0.0031 9.453e-08 ++ 279541 0.999317 0.0727843034543839
rs12684047:T:A 9 111972671 A T 0.1914 -0.0185 0.0023 3.439e-15 -- 629679 0.960641 0.1911 -0.0156 0.0031 6e-07 -- 350496 0.960641 0.1921 -0.0218 0.0035 4.31e-10 -- 279370 0.960641 0.179261317703436
rs12692387:T:C 2 9698190 T C 0.3315 -0.0124 0.0021 2.896e-09 -? 485486 0.974111 0.3323 -0.0125 0.0028 1.01e-05 -? 263148 0.974111 0.3306 -0.0116 0.0031 0.0002299 -? 222338 0.974111 0.827264568604189
rs12774134:C:T 10 4963327 T C 0.1187 -0.0158 0.0026 2.096e-09 -- 684223 1 0.1186 -0.007 0.0035 0.04783 -- 374208 1 0.119 -0.0283 0.0039 5.049e-13 -- 310200 1 3.84200458191776e-05
rs12777288:T:C 10 115860058 T C 0.7714 -0.0139 0.0021 6.882e-11 -- 616139 0.997234 0.7714 -0.0137 0.0029 1.495e-06 -- 342121 0.997234 0.7714 -0.0139 0.0032 1.46e-05 -- 274204 0.997234 0.962588467406579
rs12828016:G:T 12 998365 T G 0.391 -0.0114 0.0018 4.081e-10 -- 630044 1 0.3905 -0.0137 0.0024 1.558e-08 -- 350696 1 0.3916 -0.0077 0.0027 0.004698 -- 279534 1 0.0925369787958816
rs1294436:G:C 6 6746166 C G 0.5972 0.023 0.002 1.287e-30 +? 485486 0.98586 0.5964 0.0284 0.0027 1.051e-25 +? 263148 0.98586 0.5981 0.0163 0.003 5.406e-08 +? 222338 0.98586 0.0023944374332025
rs12986231:T:C 19 18469017 T C 0.7288 0.015 0.0022 2.044e-11 +? 485486 0.975163 0.7288 0.0162 0.003 8.594e-08 +? 263148 0.975163 0.7289 0.0137 0.0033 3.811e-05 +? 222338 0.975163 0.570203619098548
rs13028903:C:T 2 59951465 T C 0.4597 0.0113 0.0018 2.752e-10 ++ 629889 0.986178 0.4617 0.0117 0.0024 9.198e-07 ++ 350601 0.986178 0.4601 0.0115 0.0027 1.708e-05 ++ 279474 0.986178 0.955284334611129
rs13063979:T:G 3 131564741 T G 0.7323 -0.0135 0.0019 1.194e-12 -- 697570 0.993917 0.7327 -0.0089 0.0026 0.0005032 -- 381105 0.993917 0.7318 -0.0188 0.0028 3.309e-11 -- 316649 0.993917 0.00868409442599929
rs13130484:C:T 4 45175691 T C 0.4294 0.0147 0.0017 7.834e-18 ++ 697423 0.99594 0.4282 0.0112 0.0023 1.142e-06 ++ 381019 0.99594 0.4309 0.0199 0.0025 4.335e-15 ++ 316588 0.99594 0.00948860635703547
rs13229637:T:C 7 136717447 T C 0.8538 0.0159 0.0025 1.907e-10 ++ 630070 0.985688 0.8532 0.0139 0.0033 3.101e-05 ++ 350706 0.985688 0.8547 0.0177 0.0037 2.224e-06 ++ 279549 0.985688 0.437584875886028
rs13255070:A:G 8 68203608 A G 0.7187 -0.0136 0.0022 5.072e-10 -? 485486 0.99882 0.7189 -0.0149 0.003 4.373e-07 -? 263148 0.99882 0.7184 -0.0125 0.0033 0.0001235 -? 222338 0.99882 0.585724922096694
rs13256367:A:C 8 128334900 A C 0.6534 0.0141 0.0019 5.415e-14 ++ 629886 0.997213 0.6528 0.0216 0.0025 3.421e-18 ++ 350604 0.997213 0.653 0.0044 0.0028 0.1147 ++ 279467 0.997213 3.46966178449639e-06
rs1328757:C:T 20 56135199 T C 0.4743 0.0114 0.0018 1.693e-10 ++ 630053 0.991493 0.4756 0.0098 0.0024 3.774e-05 ++ 350696 0.991493 0.4748 0.014 0.0027 1.481e-07 ++ 279542 0.991493 0.23899000165263
rs13333747:T:C 16 2175373 T C 0.8169 0.018 0.0025 1.418e-12 +? 485486 0.989554 0.8167 0.0163 0.0034 2.181e-06 +? 263148 0.989554 0.8171 0.0202 0.0038 1.011e-07 +? 222338 0.989554 0.43854754104069
rs1334576:G:A 6 7211818 A G 0.4254 -0.0162 0.0018 1.66e-19 -- 630072 1 0.4252 -0.0154 0.0024 1.004e-10 -- 350708 1 0.4258 -0.017 0.0027 2.431e-10 -- 279549 1 0.653736716916099
rs1345203:T:C 2 112253851 T C 0.7829 0.0187 0.0024 3.068e-15 +? 485486 0.99293 0.7826 0.0247 0.0032 1.249e-14 +? 263148 0.99293 0.7832 0.0138 0.0035 9.939e-05 +? 222338 0.99293 0.0199156551392965
rs13642:A:T 11 30432220 A T 0.6452 0.0113 0.0019 9.486e-10 ++ 630073 0.998267 0.6457 0.0124 0.0025 5.284e-07 ++ 350712 0.998267 0.6446 0.0102 0.0028 0.0002451 ++ 279546 0.998267 0.552780975731468
rs1382894:A:T 5 76599022 A T 0.6486 0.0114 0.0019 9.152e-10 ++ 629884 0.991072 0.6487 0.0096 0.0025 0.0001012 ++ 350592 0.991072 0.6486 0.0121 0.0028 1.453e-05 ++ 279477 0.991072 0.499965995228744
rs1385167:A:G 2 66200648 A G 0.862 -0.0224 0.0024 6.224e-20 -- 694270 0.998332 0.862 -0.024 0.0033 3.269e-13 -- 379116 0.998332 0.862 -0.0201 0.0036 3.011e-08 -- 315338 0.998332 0.418609531697202
rs140201358:C:G 11 823586 C G 0.9868 -0.0557 0.0086 8.253e-11 -? 485486 1 0.9867 -0.0707 0.0116 1.005e-09 -? 263148 1 0.9869 -0.0371 0.0129 0.003975 -? 222338 1 0.0498107235010744
rs1406948:G:A 20 33905619 A G 0.3679 -0.0137 0.0017 4.124e-15 -- 697307 0.995099 0.3672 -0.0056 0.0023 0.01591 -- 380992 0.995099 0.3679 -0.0249 0.0026 3.841e-22 -- 316500 0.995099 1.79201947675783e-08
rs1431659:A:G 8 73439070 A G 0.2736 0.0143 0.002 1.121e-12 ++ 630048 0.993753 0.2734 0.0155 0.0027 6.27e-09 ++ 350691 0.993753 0.274 0.0119 0.003 6.68e-05 ++ 279542 0.993753 0.366322443348107
rs1440372:T:C 15 67033151 T C 0.2666 -0.0137 0.0019 5.081e-13 -- 695873 0.993347 0.2664 -0.0139 0.0026 5.355e-08 -- 380063 0.993347 0.2665 -0.0138 0.0028 8.239e-07 -- 315995 0.993347 0.978852520410055
rs1452075:C:T 3 62481063 T C 0.7316 0.0123 0.0019 1.319e-10 ++ 685867 1 0.7321 0.0127 0.0026 8.051e-07 ++ 374729 1 0.7307 0.012 0.0028 2.305e-05 ++ 311321 1 0.852795491612664
rs1458156:C:T 12 41887940 T C 0.4963 0.0125 0.0018 1.856e-12 ++ 630047 0.993447 0.497 0.0119 0.0024 4.445e-07 ++ 350696 0.993447 0.496 0.0137 0.0027 2.543e-07 ++ 279537 0.993447 0.613805177407059
rs1494204:C:T 10 27904321 T C 0.419 -0.0106 0.0018 4.406e-09 -- 629926 0.991012 0.4196 -0.0107 0.0024 8.068e-06 -- 350624 0.991012 0.4181 -0.0106 0.0027 9.629e-05 -- 279488 0.991012 0.977633381014719
rs15285:C:T 8 19824667 T C 0.2629 -0.0117 0.0019 1.619e-09 -- 688914 1 0.2634 -0.0117 0.0026 8.512e-06 -- 376245 1 0.2608 -0.012 0.0029 3.032e-05 -- 312854 1 0.937819235394473
rs1534696:C:A 7 26397239 A C 0.5694 -0.0226 0.0017 3.674e-39 -- 685950 1 0.5705 -0.0341 0.0023 3.998e-49 -- 376136 1 0.571 -0.007 0.0026 0.005872 -+ 309998 1 2.64312798830653e-15
rs155524:G:A 3 37562141 A G 0.5905 0.0134 0.0018 1.275e-13 ++ 630015 0.993822 0.5904 0.0136 0.0024 1.463e-08 ++ 350680 0.993822 0.5895 0.0124 0.0027 4.667e-06 ++ 279520 0.993822 0.736544468892357
rs1563355:T:C 1 219653101 T C 0.328 -0.0277 0.0019 1.591e-49 -- 630076 0.999897 0.328 -0.0461 0.0025 1.986e-75 -- 350710 0.999897 0.3277 -0.0024 0.0028 0.3878 -- 279551 0.999897 4.34269675421338e-32
rs1569135:A:G 2 188115398 A G 0.5372 0.0215 0.0017 2.758e-37 ++ 697572 0.996958 0.5381 0.0213 0.0023 5.6e-21 ++ 381090 0.996958 0.5362 0.0224 0.0025 3.732e-19 ++ 316667 0.996958 0.742935826341232
rs16976932:G:A 15 56781255 A G 0.12 0.0186 0.0027 1.026e-11 ++ 697620 0.990083 0.1204 0.0254 0.0037 4.772e-12 ++ 381109 0.990083 0.1203 0.0094 0.0041 0.02046 ++ 316695 0.990083 0.00334320779985393
rs17101456:A:G 10 122875040 A G 0.879 -0.0206 0.0028 7.456e-14 -- 614914 0.998029 0.8799 -0.0315 0.0037 1.432e-17 -- 342268 0.998029 0.8782 -0.0063 0.0041 0.1203 -- 272832 0.998029 3.80987341748684e-06
rs17109256:G:A 14 79939993 A G 0.2324 0.0169 0.0021 2.403e-16 ++ 693908 0.996149 0.2328 0.0109 0.0028 8.664e-05 ++ 379326 0.996149 0.2335 0.0247 0.003 4.747e-16 ++ 314767 0.996149 0.000659008024653298
rs17324331:G:C 2 230739209 C G 0.3136 0.012 0.0019 1.79e-10 ++ 630042 0.997973 0.3119 0.0125 0.0025 7.795e-07 ++ 350689 0.997973 0.3148 0.01 0.0028 0.0003985 ++ 279539 0.997973 0.499965995228744
rs17326656:G:T 2 48962291 T G 0.2346 0.0153 0.0021 4.166e-13 ++ 629945 0.989881 0.2348 0.0235 0.0028 5.228e-17 ++ 350641 0.989881 0.2343 0.0039 0.0032 0.213 +- 279490 0.989881 3.03550911001877e-06
rs17448885:C:G 6 97385975 C G 0.6522 0.011 0.0019 3.325e-09 ++ 629907 0.995527 0.6523 0.006 0.0025 0.01497 ++ 350615 0.995527 0.6521 0.0168 0.0028 1.889e-09 ++ 279478 0.995527 0.00356799202370843
rs17513613:T:C 19 30286822 T C 0.6914 -0.0125 0.0018 5.424e-12 -- 697642 0.993373 0.6922 -0.0133 0.0024 4.725e-08 -- 381131 0.993373 0.6918 -0.0121 0.0027 6.511e-06 -- 316696 0.993373 0.736544468892357
rs1757471:C:T 10 34168090 T C 0.5081 0.0128 0.0018 5.891e-13 ++ 629880 1 0.5079 0.015 0.0024 3.23e-10 ++ 350607 1 0.5089 0.0093 0.0027 0.0004877 ++ 279460 1 0.110030489419274
rs17644283:A:G 4 26308792 A G 0.3879 0.0148 0.0018 3.237e-17 ++ 697632 0.994434 0.3882 0.0147 0.0024 5.462e-10 ++ 381126 0.994434 0.3893 0.0151 0.0026 5.761e-09 ++ 316691 0.994434 0.908842362913183
rs17651507:A:T 17 44059010 A T 0.7274 0.0187 0.002 1.855e-20 ++ 629101 0.975599 0.7279 0.017 0.0027 2.614e-10 ++ 350147 0.975599 0.7268 0.0205 0.003 1.084e-11 ++ 279140 0.975599 0.379786674020894
rs17738166:G:A 5 172997978 A G 0.3974 0.0114 0.0018 3.779e-10 ++ 629858 0.990357 0.3964 0.0103 0.0024 1.853e-05 ++ 350593 0.990357 0.3974 0.0134 0.0027 8.058e-07 ++ 279450 0.990357 0.384782462526957
rs1787013:T:C 18 13072979 T C 0.5586 -0.0108 0.0018 1.327e-09 -- 630077 0.999083 0.56 -0.009 0.0024 0.0001589 -- 350712 0.999083 0.5586 -0.0136 0.0027 3.45e-07 -- 279551 0.999083 0.197168969776311
rs1789882:A:G 4 100235053 A G 0.1691 0.016 0.0023 9.974e-12 ++ 615827 0.998712 0.1681 0.0158 0.0031 4.58e-07 ++ 341930 0.998712 0.1681 0.016 0.0035 5.031e-06 ++ 274083 0.998712 0.965443545118113
rs1800437:G:C 19 46181392 C G 0.1876 -0.0209 0.0022 6.225e-22 -- 670776 1 0.1878 -0.0181 0.0029 5.09e-10 -- 368643 1 0.1871 -0.0254 0.0032 3.779e-15 -- 302317 1 0.0868866652782669
rs1800978:C:G 9 107665978 C G 0.879 0.0201 0.0026 9.181e-15 ++ 691466 0.989117 0.8794 0.0247 0.0035 1.921e-12 ++ 379103 0.989117 0.8786 0.015 0.0038 8.921e-05 ++ 312548 0.989117 0.0572116934399885
rs1805740:G:T 12 9075014 T G 0.7185 -0.0135 0.002 5.636e-12 -- 629953 0.998009 0.7181 -0.0109 0.0026 3.161e-05 -- 350643 0.998009 0.7192 -0.0168 0.0029 1.096e-08 -- 279496 0.998009 0.124976030105735
rs1822489:A:G 5 112542527 A G 0.3177 0.0122 0.0019 1.521e-10 ++ 630076 0.98874 0.3179 0.0147 0.0026 9.398e-09 ++ 350711 0.98874 0.3175 0.0099 0.0029 0.0005439 ++ 279550 0.98874 0.211966113662822
rs1974004:C:T 9 95568230 T C 0.1528 0.0173 0.0025 3.846e-12 ++ 616046 0.996256 0.1519 0.0195 0.0033 4.938e-09 ++ 342058 0.996256 0.1534 0.0134 0.0037 0.000299 ++ 274173 0.996256 0.212716514658298
rs1997833:T:C 20 39690342 T C 0.7073 -0.0122 0.0019 4.219e-11 -- 697323 0.998656 0.7076 -0.0141 0.0025 1.409e-08 -- 380966 0.998656 0.7079 -0.0096 0.0027 0.0004693 -- 316541 0.998656 0.215475983446095
rs2033529:A:G 6 40348653 A G 0.7246 -0.0153 0.0019 2.375e-16 -- 697632 0.991641 0.7246 -0.0154 0.0025 9.933e-10 -- 381105 0.991641 0.7251 -0.0154 0.0028 2.54e-08 -- 316711 0.991641 1
rs2047937:C:T 16 49864791 T C 0.517 -0.0106 0.0017 4.573e-10 -- 697373 0.999687 0.5173 -0.0095 0.0023 3.305e-05 -- 380985 0.999687 0.5171 -0.0111 0.0025 1.004e-05 -- 316573 0.999687 0.633330487982428
rs2061708:G:C 1 103417203 C G 0.5884 0.0152 0.002 2.127e-14 +? 485486 0.994471 0.5888 0.0133 0.0027 7.884e-07 +? 263148 0.994471 0.5878 0.0164 0.003 3.216e-08 +? 222338 0.994471 0.436620015365066
rs2112347:T:G 5 75015242 T G 0.63 0.015 0.0017 8.407e-18 ++ 697618 1 0.6299 0.0189 0.0023 8.506e-16 ++ 381106 1 0.6299 0.0099 0.0026 0.0001342 ++ 316697 1 0.00864355471230948
rs213624:G:A 1 26201164 A G 0.5263 0.0118 0.0018 3.294e-11 ++ 629387 0.99759 0.5243 0.0124 0.0024 1.436e-07 ++ 350294 0.99759 0.5272 0.0126 0.0027 2.179e-06 ++ 279279 0.99759 0.955284334611129
rs2161097:C:T 5 103945178 T C 0.4408 0.0126 0.0018 2.107e-12 ++ 630081 0.99917 0.4412 0.0119 0.0024 5.327e-07 ++ 350714 0.99917 0.441 0.0146 0.0027 4.201e-08 ++ 279553 0.99917 0.44906547017466
rs2161228:C:T 5 88001798 T C 0.102 0.0192 0.0029 4.317e-11 ++ 628980 0.984111 0.1014 0.0159 0.0039 3.701e-05 ++ 350102 0.984111 0.1018 0.0229 0.0043 1.18e-07 ++ 279063 0.984111 0.221977498446492
rs2167750:C:T 4 89730074 T C 0.4729 0.0199 0.0018 6.473e-29 ++ 630020 0.997953 0.4735 0.0343 0.0024 1.565e-47 ++ 350677 0.997953 0.4728 9e-04 0.0027 0.7464 ++ 279528 0.997953 7.67388695674762e-21
rs2183825:T:C 9 28412375 T C 0.6861 -0.0141 0.0018 4.425e-15 -- 697647 0.997843 0.6854 -0.0132 0.0024 5.259e-08 -- 381129 0.997843 0.6874 -0.0163 0.0027 1.022e-09 -- 316702 0.997843 0.384782462526957
rs2195086:T:G 2 60814466 T G 0.8328 -0.0144 0.0024 2.809e-09 -- 628853 0.990347 0.8314 -0.0123 0.0032 0.0001543 -- 350012 0.990347 0.8335 -0.0174 0.0036 1.769e-06 -- 279027 0.990347 0.283549494861221
rs2200155:G:A 12 33734935 A G 0.3722 -0.0133 0.0018 5.074e-13 -- 629970 0.997285 0.3734 -0.0141 0.0025 9.561e-09 -- 350650 0.997285 0.372 -0.0127 0.0028 4.696e-06 -- 279506 0.997285 0.705620612375786
rs2236519:G:A 20 45529571 A G 0.3693 0.0212 0.0018 1.894e-30 ++ 629796 0.993531 0.3678 0.026 0.0025 3.333e-26 ++ 350543 0.993531 0.3703 0.015 0.0028 5.295e-08 ++ 279439 0.993531 0.00299753766923126
rs2276390:G:T 11 111895254 T G 0.3375 -0.021 0.0019 5.76e-28 -- 589692 0.995068 0.3334 -0.0244 0.0025 8.099e-22 -- 329215 0.995068 0.3541 -0.0161 0.0031 1.549e-07 -? 222338 0.995068 0.0348259375422292
rs2291542:C:T 3 49751585 T C 0.3272 0.0168 0.0018 1.74e-20 ++ 697596 0.999786 0.3266 0.0158 0.0024 6.85e-11 ++ 381110 0.999786 0.3288 0.0185 0.0027 5.715e-12 ++ 316670 0.999786 0.449065470174661
rs2294239:A:G 22 29449477 A G 0.5683 0.02 0.0017 3.173e-31 ++ 697702 0.989833 0.5679 0.0225 0.0023 2.58e-22 ++ 381134 0.989833 0.5683 0.0178 0.0025 2.491e-12 ++ 316752 0.989833 0.161119001916994
rs2306589:T:C 17 34848874 T C 0.473 0.016 0.0017 2.521e-21 ++ 697624 0.998689 0.4717 0.0179 0.0023 2.188e-15 ++ 381119 0.998689 0.4744 0.0145 0.0025 6.779e-09 ++ 316690 0.998689 0.310716663473908
rs2335077:A:G 1 107573565 A G 0.6448 -0.0121 0.0019 8.334e-11 -- 630057 1 0.6451 -0.0159 0.0025 1.646e-10 -- 350701 1 0.6439 -0.008 0.0028 0.004221 -- 279542 1 0.0330433076354875
rs2357760:G:A 6 120213880 A G 0.6738 0.0113 0.0018 3.804e-10 ++ 697664 0.99263 0.6739 0.0106 0.0024 1.204e-05 ++ 381137 0.99263 0.673 0.0112 0.0027 2.639e-05 ++ 316711 0.99263 0.866413013475037
rs2398893:A:G 9 96758342 A G 0.7143 0.0157 0.0019 9.007e-17 ++ 697659 0.999774 0.7136 0.0149 0.0025 4.555e-09 ++ 381138 0.999774 0.7139 0.018 0.0028 1.136e-10 ++ 316705 0.999774 0.402910996211603
rs2419407:C:T 2 60170875 T C 0.5648 0.0105 0.0018 3.854e-09 ++ 629978 0.994023 0.5649 0.0075 0.0024 0.00151 ++ 350656 0.994023 0.5648 0.0152 0.0027 1.58e-08 ++ 279507 0.994023 0.0308674284349255
rs244723:G:A 5 176534886 A G 0.5292 0.0148 0.002 8.915e-14 +? 485486 0.977453 0.5294 0.0128 0.0027 1.995e-06 +? 263148 0.977453 0.529 0.0171 0.003 8.004e-09 +? 222338 0.977453 0.28056932072841
rs2448:T:C 5 53302354 T C 0.7378 0.0158 0.002 4.621e-15 ++ 630072 0.999368 0.7379 0.0157 0.0027 4.688e-09 ++ 350707 0.999368 0.7383 0.0162 0.003 7.644e-08 ++ 279550 0.999368 0.900151539058201
rs2455848:T:C 3 15771372 T C 0.3137 0.0128 0.0018 1.827e-12 ++ 697593 0.999026 0.3133 0.0173 0.0025 1.482e-12 ++ 381108 0.999026 0.314 0.007 0.0027 0.009724 ++ 316669 0.999026 0.00458074675638833
rs2503099:A:G 6 100610101 A G 0.8346 -0.0214 0.0023 8.298e-20 -- 630073 0.999462 0.8352 -0.0336 0.0031 6.372e-27 -- 350710 0.999462 0.8349 -0.0048 0.0035 0.1698 -+ 279549 0.999462 4.41491690675899e-10
rs2509967:C:G 11 62312786 C G 0.6337 -0.0154 0.0018 1.022e-16 -- 630051 0.991433 0.6358 -0.0245 0.0025 2.932e-23 -- 350696 0.991433 0.6328 -0.0045 0.0028 0.1063 -- 279541 0.991433 6.8011717606279e-08
rs2513987:G:A 11 102977271 A G 0.2688 -0.0138 0.0022 3.882e-10 -? 485486 0.99695 0.2687 -0.0129 0.003 1.515e-05 -? 263148 0.99695 0.2689 -0.0138 0.0033 2.826e-05 -? 222338 0.99695 0.838048281777251
rs2526886:G:T 14 71359064 T G 0.69 0.0125 0.0021 3.646e-09 +? 485486 0.995027 0.6893 0.0129 0.0029 7.362e-06 +? 263148 0.995027 0.6908 0.0129 0.0032 5.055e-05 +? 222338 0.995027 1
rs2595004:C:T 3 11406721 T C 0.8253 -0.0156 0.0023 2.062e-11 -- 630066 0.991141 0.8261 -0.0139 0.0031 7.208e-06 -- 350705 0.991141 0.8246 -0.017 0.0035 1.075e-06 -- 279547 0.991141 0.50189158045847
rs2613505:C:T 1 72835410 T C 0.8197 0.0161 0.0022 1.012e-13 ++ 697476 0.995476 0.8199 0.0136 0.0029 2.885e-06 ++ 381060 0.995476 0.8205 0.0207 0.0032 1.273e-10 ++ 316601 0.995476 0.0958830954730381
rs2660824:C:T 15 73618309 T C 0.461 -0.0113 0.0018 2.715e-10 -- 629850 0.985646 0.4576 -0.0117 0.0024 9.877e-07 -- 350571 0.985646 0.4623 -0.011 0.0027 3.889e-05 -- 279465 0.985646 0.844412533801193
rs2715135:T:G 7 50750128 T G 0.3706 0.0109 0.0018 4.092e-09 ++ 630042 0.995138 0.3723 0.0112 0.0025 5.58e-06 ++ 350695 0.995138 0.3706 0.0093 0.0028 0.000753 ++ 279532 0.995138 0.608194160196496
rs2725371:A:G 8 30854033 A G 0.3 0.0172 0.0021 9.9e-16 +? 485486 0.989596 0.2982 0.0182 0.0029 4.064e-10 +? 263148 0.989596 0.3021 0.0171 0.0032 8.777e-08 +? 222338 0.989596 0.796421738770245
rs2742690:C:A 1 2987268 A C 0.2001 0.0168 0.0025 9.216e-12 +? 485486 0.976937 0.1999 0.017 0.0033 3.52e-07 +? 263148 0.976937 0.2003 0.0162 0.0037 1.087e-05 +? 222338 0.976937 0.870182291638765
rs28446899:C:T 8 72396213 T C 0.078 0.0362 0.0037 7.917e-23 +? 485486 0.989489 0.0781 0.0486 0.005 1.526e-22 +? 263148 0.989489 0.0779 0.0233 0.0055 2.279e-05 +? 222338 0.989489 0.000566035084814963
rs28451064:G:A 21 35593827 A G 0.1268 0.0177 0.003 4.228e-09 +? 485486 0.955171 0.1261 0.0152 0.0041 0.000203 +? 263148 0.955171 0.1277 0.0203 0.0045 6.234e-06 +? 222338 0.955171 0.396156772969465
rs2894204:C:T 6 31237061 T C 0.6383 0.0209 0.002 8.006e-25 +? 485486 0.998908 0.6383 0.0235 0.0027 1.418e-17 +? 263148 0.998908 0.6383 0.0193 0.003 2.081e-10 +? 222338 0.998908 0.291907041904263
rs2898885:T:C 14 65421274 T C 0.809 -0.0138 0.0023 8.513e-10 -- 630064 0.992941 0.811 -0.0145 0.003 1.359e-06 -- 350705 0.992941 0.8077 -0.0132 0.0034 9.321e-05 -- 279544 0.992941 0.771534475611703
rs2903995:T:A 1 23271504 A T 0.3781 -0.0122 0.0018 1.607e-11 -- 630045 0.997474 0.3772 -0.0115 0.0024 1.754e-06 -- 350694 0.997474 0.3779 -0.0142 0.0027 1.599e-07 -- 279536 0.997474 0.44906547017466
rs2925979:T:C 16 81534790 T C 0.2958 0.0215 0.0018 1.623e-31 ++ 696252 1 0.2958 0.0375 0.0025 1.218e-51 ++ 380279 1 0.2956 6e-04 0.0027 0.8147 +- 316158 1 3.08700977952586e-24
rs2928140:G:C 15 40990353 C G 0.4546 0.0119 0.0019 2.46e-10 ++ 543098 0.996042 0.4972 0.0158 0.0027 2.856e-09 +? 263148 0.996042 0.4978 0.0056 0.0029 0.05703 +? 222338 0.996042 0.00912493484792127
rs2957658:G:A 11 10393468 A G 0.4912 -0.0125 0.002 1.841e-10 -? 485486 0.992933 0.491 -0.0114 0.0027 1.745e-05 -? 263148 0.992933 0.4915 -0.0132 0.0029 7.248e-06 -? 222338 0.992933 0.645431239732097
rs3092781:C:T 20 45789953 T C 0.451 -0.0145 0.0017 1.915e-17 -- 691625 0.997741 0.4514 -0.0135 0.0023 4.75e-09 -- 377859 0.997741 0.4509 -0.0146 0.0025 6.248e-09 -- 313952 0.997741 0.742935826341232
rs3121419:C:T 4 3232257 T C 0.2971 -0.0129 0.0019 1.59e-11 -- 630063 0.998584 0.296 -0.0156 0.0026 8.948e-10 -- 350705 0.998584 0.2976 -0.0091 0.0029 0.001431 -- 279544 0.998584 0.0909820156568674
rs313741:A:T 1 86273451 A T 0.5511 -0.012 0.0018 1.626e-11 -- 630072 0.998227 0.5521 -0.0122 0.0024 2.537e-07 -- 350709 0.998227 0.5501 -0.0112 0.0027 2.68e-05 -- 279548 0.998227 0.779200768639474
rs332105:G:A 2 119444229 A G 0.5544 -0.0139 0.0018 1.119e-14 -- 627839 0.982559 0.5539 -0.0176 0.0024 1.931e-13 -- 348490 0.982559 0.5533 -0.0086 0.0027 0.001413 -- 279534 0.982559 0.0116276863654279
rs34322:T:C 12 12879570 T C 0.466 0.0104 0.0018 4.604e-09 ++ 629994 1 0.4636 0.0071 0.0024 0.002646 ++ 350675 1 0.4669 0.0149 0.0027 2.11e-08 ++ 279503 1 0.0287561321027873
rs34699:G:T 5 66304225 T G 0.5808 -0.0118 0.0018 4.415e-11 -- 630014 0.993628 0.5833 -0.0143 0.0024 1.966e-09 -- 350677 0.993628 0.5801 -0.0084 0.0027 0.001705 -- 279523 0.993628 0.0981014556432981
rs35169799:C:T 11 64031241 T C 0.0615 0.0373 0.0041 6.257e-20 +? 485486 1 0.0621 0.0588 0.0055 9.88e-27 +? 263148 1 0.0608 0.01 0.0061 0.1044 +? 222338 1 1.769530622188e-09
rs36061954:C:T 8 38329650 T C 0.3979 0.0146 0.002 3.421e-13 +? 485486 0.997196 0.398 0.0195 0.0027 5.6e-13 +? 263148 0.997196 0.3976 0.0091 0.003 0.002274 +? 222338 0.997196 0.00906019806676444
rs372321:G:A 7 101721006 A G 0.1776 0.0156 0.0023 1.72e-11 ++ 630074 0.998096 0.1777 0.0146 0.0031 2.188e-06 ++ 350709 0.998096 0.1777 0.0171 0.0035 9.532e-07 ++ 279551 0.998096 0.588131625615457
rs3736485:A:G 15 51748610 A G 0.4564 0.0118 0.0017 3.846e-12 ++ 697496 0.994655 0.4564 0.0122 0.0023 8.211e-08 ++ 381055 0.994655 0.4558 0.0118 0.0025 2.384e-06 ++ 316626 0.994655 0.90506849636773
rs3767848:G:A 1 214173840 A G 0.2539 -0.0124 0.0021 2.161e-09 -- 618182 0.987666 0.2536 -0.017 0.0028 7.6e-10 -- 344233 0.987666 0.2539 -0.0053 0.0031 0.09073 -- 274135 0.987666 0.00455759334129583
rs3786897:A:G 19 33893008 A G 0.5805 -0.0237 0.0017 1.451e-43 -- 697495 0.997489 0.58 -0.023 0.0023 2.14e-23 -- 381058 0.997489 0.5814 -0.0259 0.0025 2.083e-24 -- 316621 0.997489 0.387234753113535
rs3825061:C:T 11 118944675 T C 0.387 0.0142 0.0018 5.454e-15 ++ 630003 0.999277 0.3854 0.0148 0.0024 1.047e-09 ++ 350662 0.999277 0.3881 0.0131 0.0027 1.421e-06 ++ 279527 0.999277 0.633637562953553
rs3891424:G:A 2 239365456 A G 0.0527 -0.0278 0.0044 3.997e-10 -? 485486 0.966238 0.0525 -0.032 0.006 1.122e-07 -? 263148 0.966238 0.053 -0.0254 0.0066 0.0001272 -? 222338 0.966238 0.453596767665141
rs3903399:T:C 1 205041542 T C 0.7847 -0.0149 0.0022 6.817e-12 -- 629969 0.996769 0.7845 -0.0192 0.0029 3.548e-11 -- 350648 0.996769 0.7846 -0.0114 0.0033 0.0004724 -- 279507 0.996769 0.0721502185122829
rs39312:A:C 7 116954785 A C 0.6205 -0.0154 0.0018 3.496e-18 -- 697538 0.986082 0.6199 -0.017 0.0024 9.651e-13 -- 381073 0.986082 0.619 -0.0131 0.0026 5.533e-07 -- 316649 0.986082 0.264266473619314
rs3936510:G:T 5 55860866 T G 0.1967 0.0241 0.0021 1.756e-29 ++ 695940 1 0.1963 0.0422 0.0029 2.59e-48 ++ 380270 1 0.1968 0.003 0.0032 0.3427 +- 315855 1 3.80273469037224e-20
rs399984:C:G 2 164877930 C G 0.7788 0.0129 0.0022 1.862e-09 ++ 630044 0.981419 0.7798 0.0154 0.0029 7.666e-08 ++ 350700 0.981419 0.7771 0.0097 0.0032 0.002583 ++ 279529 0.981419 0.181284824575817
rs409125:T:A 2 165667643 A T 0.628 -0.0182 0.0018 2.083e-23 -- 630053 0.9927 0.6291 -0.0357 0.0024 4.117e-49 -- 350697 0.9927 0.628 0.0041 0.0027 0.1317 ++ 279542 0.9927 6.51853020221023e-29
rs4239275:T:C 17 79923718 T C 0.4129 0.0118 0.0018 3.261e-11 ++ 654042 0.995573 0.4116 0.0111 0.0024 3.549e-06 ++ 359898 0.995573 0.4141 0.013 0.0026 9.389e-07 ++ 294329 0.995573 0.586531273201912
rs429358:T:C 19 45411941 T C 0.8459 0.0346 0.0027 4.214e-37 +? 485486 1 0.8459 0.0363 0.0037 6.617e-23 +? 263148 1 0.846 0.0315 0.0041 9.545e-15 +? 222338 1 0.378705224012325
rs4372913:A:G 2 114517748 A G 0.7875 -0.014 0.0022 8.599e-11 -- 629846 0.996809 0.7875 -0.0162 0.0029 1.737e-08 -- 350574 0.996809 0.7872 -0.0101 0.0032 0.001714 -- 279458 0.996809 0.152538950907895
rs4395620:T:C 5 106328326 T C 0.5756 0.0106 0.0018 3.568e-09 ++ 629963 0.99967 0.576 0.0124 0.0024 2.079e-07 ++ 350654 0.99967 0.5747 0.0069 0.0027 0.009732 ++ 279496 0.99967 0.123077489165912
rs4454042:T:C 5 155824774 T C 0.2734 0.0127 0.002 1.368e-10 ++ 630055 0.989832 0.2732 0.0129 0.0026 1.018e-06 ++ 350700 0.989832 0.2734 0.0115 0.003 9.852e-05 ++ 279541 0.989832 0.720977443953493
rs4476935:C:T 7 112987650 T C 0.4268 -0.0108 0.0018 1.54e-09 -- 630008 0.997179 0.4274 -0.0083 0.0024 0.0004852 -- 350669 0.997179 0.4256 -0.0151 0.0027 1.717e-08 -- 279524 0.997179 0.0565914699891227
rs4646342:G:A 17 17493272 A G 0.4535 -0.013 0.0018 6.61e-13 -- 629916 0.974599 0.4551 -0.0132 0.0024 3.814e-08 -- 350621 0.974599 0.4531 -0.0114 0.0027 2.507e-05 -- 279480 0.974599 0.613805177407059
rs4660808:C:T 1 40018509 T C 0.223 0.0145 0.0021 7.577e-12 ++ 630077 0.999548 0.2233 0.0181 0.0028 1.279e-10 ++ 350711 0.999548 0.2229 0.0089 0.0032 0.005036 ++ 279552 0.999548 0.0284307463536026
rs4671193:C:T 2 67846288 T C 0.3562 -0.0191 0.0018 4.792e-25 -- 627804 0.996388 0.3558 -0.022 0.0025 5.768e-19 -- 348472 0.996388 0.3559 -0.0156 0.0028 1.613e-08 -- 279518 0.996388 0.0841980671444658
rs4686340:A:C 3 9345218 A C 0.2513 0.0123 0.002 6.014e-10 ++ 695667 0.978864 0.2513 0.0142 0.0027 1.295e-07 ++ 380176 0.978864 0.2519 0.0106 0.0029 0.0003318 ++ 315676 0.978864 0.357449030628327
rs4714668:C:G 6 43101270 C G 0.5295 -0.0117 0.002 2.529e-09 -? 485486 0.996863 0.5292 -0.0097 0.0027 0.0002767 -? 263148 0.996863 0.5299 -0.0151 0.0029 2.689e-07 -? 222338 0.996863 0.167477309518975
rs4727695:A:G 7 107614003 A G 0.8989 0.0215 0.0029 1.846e-13 ++ 697649 0.993652 0.8988 0.0263 0.0039 1.951e-11 ++ 381136 0.993652 0.8984 0.0154 0.0043 0.000383 ++ 316697 0.993652 0.0572080554875175
rs4755720:C:T 11 43628749 T C 0.6112 -0.0132 0.0018 3.975e-13 -- 630011 0.99151 0.612 -0.0119 0.0024 1.115e-06 -- 350679 0.99151 0.6109 -0.0139 0.0027 3.361e-07 -- 279517 0.99151 0.574987446659783
rs4779526:A:T 15 31705683 A T 0.7568 0.0132 0.0021 2.086e-10 ++ 629999 0.987422 0.7575 0.0158 0.0028 9.917e-09 ++ 350662 0.987422 0.7573 0.01 0.0031 0.001266 ++ 279523 0.987422 0.159649938398562
rs4788204:G:A 16 29995218 A G 0.4594 0.0169 0.0018 2.638e-21 ++ 630051 0.999552 0.4599 0.0173 0.0024 2.88e-13 ++ 350696 0.999552 0.4594 0.0161 0.0027 1.391e-09 ++ 279541 0.999552 0.736544468892357
rs4851284:C:T 2 100894887 T C 0.6685 -0.0151 0.0021 5.616e-13 -? 485486 0.979336 0.6692 -0.014 0.0028 8.926e-07 -? 263148 0.979336 0.6677 -0.0165 0.0031 1.441e-07 -? 222338 0.979336 0.544420338424529
rs4894803:A:G 3 171800256 A G 0.6004 0.0149 0.0018 3.743e-16 ++ 629705 0.985672 0.6014 0.0178 0.0024 2.332e-13 ++ 350708 0.985672 0.5994 0.0098 0.0027 0.0003572 ++ 279182 0.985672 0.0249041813853515
rs494752:G:C 18 46853270 C G 0.6548 -0.0154 0.0019 2.313e-16 -- 630081 0.998719 0.6531 -0.0179 0.0025 8.519e-13 -- 350714 0.998719 0.656 -0.0128 0.0028 5.41e-06 -- 279553 0.998719 0.168800506966797
rs4964656:G:C 12 108594069 C G 0.3026 -0.0181 0.002 1.957e-20 -- 628243 0.999554 0.3017 -0.0202 0.0026 1.219e-14 -- 344569 0.999554 0.3028 -0.0144 0.0029 7.719e-07 -- 278804 0.999554 0.13149968650246
rs536665:A:G 11 85322400 A G 0.7979 -0.0171 0.0024 2.183e-12 -? 485486 0.994091 0.7986 -0.0186 0.0033 1.754e-08 -? 263148 0.994091 0.7971 -0.0156 0.0036 1.848e-05 -? 222338 0.994091 0.533822544298169
rs543874:A:G 1 177889480 A G 0.7802 -0.0203 0.0021 8.143e-22 -- 697646 1 0.7793 -0.0193 0.0028 9.649e-12 -- 381128 1 0.7789 -0.0222 0.0031 9.523e-13 -- 316702 1 0.481977892106223
rs55747707:G:A 7 73037366 A G 0.1765 -0.0154 0.0023 3.396e-11 -- 553057 0.995534 0.1982 -0.0277 0.0033 9.67e-17 -? 263148 0.995534 0.1984 -6e-04 0.0037 0.8689 -? 222338 0.995534 3.0930282262073e-08
rs55920843:T:G 2 158412701 T G 0.9886 0.0623 0.0092 1.549e-11 +? 485486 1 0.9888 0.0967 0.0126 1.688e-14 +? 263148 1 0.9884 0.0195 0.0137 0.154 +? 222338 1 2.65898367189461e-05
rs564930:T:C 13 54756074 T C 0.1229 0.0202 0.003 1.572e-11 +? 485486 0.996965 0.1231 0.019 0.0041 2.789e-06 +? 263148 0.996965 0.1228 0.0215 0.0045 1.469e-06 +? 222338 0.996965 0.677458417990333
rs579682:C:T 11 122014110 T C 0.7141 -0.0133 0.002 2.022e-11 -- 630068 0.989004 0.7149 -0.0156 0.0026 3.694e-09 -- 350705 0.989004 0.7132 -0.0113 0.003 0.0001426 -- 279549 0.989004 0.272654851450118
rs591939:A:G 17 40698075 A G 0.7547 -0.0177 0.0023 9.11e-15 -? 485486 0.995919 0.7547 -0.0187 0.0031 1.28e-09 -? 263148 0.995919 0.7547 -0.0162 0.0034 2.117e-06 -? 222338 0.995919 0.582098512260188
rs6021889:A:G 20 50982870 A G 0.7102 0.0203 0.0019 2.463e-27 ++ 697643 0.997371 0.7099 0.0213 0.0025 2.586e-17 ++ 381132 0.997371 0.7103 0.0188 0.0028 1.275e-11 ++ 316695 0.997371 0.499965995228744
rs605066:C:T 6 139829666 T C 0.5834 -0.0192 0.0018 2.381e-26 -- 618321 0.999822 0.5819 -0.0297 0.0024 5.727e-35 -- 344309 0.999822 0.5844 -0.0054 0.0027 0.04718 -- 274198 0.999822 9.57401123690468e-12
rs6130360:A:G 20 42010996 A G 0.8485 0.0151 0.0025 1.133e-09 ++ 629927 0.997625 0.8489 0.0179 0.0033 6.18e-08 ++ 350633 0.997625 0.8487 0.0099 0.0037 0.007332 +- 279479 0.997625 0.102202292384642
rs62095889:G:A 18 21069068 A G 0.3426 -0.0166 0.0021 1.623e-15 -? 485486 0.98579 0.3429 -0.0161 0.0028 9.612e-09 -? 263148 0.98579 0.3422 -0.0165 0.0031 1.137e-07 -? 222338 0.98579 0.922740093307785
rs62506196:A:C 8 60264465 A C 0.8376 -0.0159 0.0027 2.696e-09 -? 485486 0.9922 0.8374 -0.0175 0.0036 1.313e-06 -? 263148 0.9922 0.8378 -0.0118 0.004 0.002986 -? 222338 0.9922 0.283375313395306
rs62565259:C:T 9 102162570 T C 0.1646 -0.0157 0.0027 3.706e-09 -? 485486 0.983752 0.1651 -0.0173 0.0036 1.558e-06 -? 263148 0.983752 0.164 -0.0138 0.004 0.000536 -? 222338 0.983752 0.510077470912824
rs645040:G:T 3 135926622 T G 0.7704 0.0156 0.002 1.154e-14 ++ 697639 1 0.7707 0.0181 0.0027 3.179e-11 ++ 381126 1 0.77 0.0128 0.003 1.823e-05 ++ 316697 1 0.183524489658243
rs6474945:G:T 9 15670492 T G 0.4535 -0.0101 0.0017 2.669e-09 -- 695388 0.997144 0.4532 -0.0079 0.0023 0.000552 -- 378908 0.997144 0.4541 -0.0128 0.0025 3.303e-07 -- 316665 0.997144 0.144029561591113
rs6545714:G:A 2 59307725 A G 0.6107 -0.0139 0.0017 8.963e-16 -- 697639 0.994954 0.6112 -0.0105 0.0023 6.871e-06 -- 381136 0.994954 0.6106 -0.0186 0.0026 3.418e-13 -- 316688 0.994954 0.0181151703675697
rs6548834:G:A 3 82704753 A G 0.3632 0.0118 0.0018 1.642e-10 ++ 630065 0.998671 0.3631 0.0129 0.0025 1.341e-07 ++ 350707 0.998671 0.3634 0.0099 0.0028 0.0003287 ++ 279544 0.998671 0.418255255740749
rs6550597:G:A 3 18738940 A G 0.7193 0.0117 0.002 3.083e-09 ++ 630059 0.997203 0.7183 0.0066 0.0026 0.0123 ++ 350701 0.997203 0.72 0.0196 0.003 3.502e-11 ++ 279544 0.997203 0.000911791625273056
rs6566233:T:C 18 53445930 T C 0.5152 -0.0128 0.002 7.126e-11 -? 485486 0.995724 0.5141 -0.013 0.0027 9.459e-07 -? 263148 0.995724 0.5165 -0.0123 0.0029 2.803e-05 -? 222338 0.995724 0.857988793500789
rs6567160:T:C 18 57829135 T C 0.7532 -0.0263 0.002 2.53e-39 -- 697633 0.997773 0.7531 -0.0299 0.0027 9.87e-29 -- 381121 0.997773 0.7516 -0.0218 0.003 1.628e-13 -- 316696 0.997773 0.0420916708697978
rs6604731:C:T 1 224051439 T C 0.2997 -0.0116 0.0019 2.546e-09 -- 630008 0.99042 0.3003 -0.0124 0.0026 1.673e-06 -- 350677 0.99042 0.2991 -0.0119 0.0029 4.198e-05 -- 279516 0.99042 0.896551809964429
rs664532:T:C 13 110932363 T C 0.3787 0.0113 0.0019 1.667e-09 ++ 553057 0.987828 0.4281 0.0132 0.0027 1.005e-06 +? 263148 0.987828 0.429 0.0096 0.003 0.001264 +? 222338 0.987828 0.366322443348107
rs6658424:T:A 1 200049302 A T 0.2843 -0.0125 0.0019 1.357e-10 -- 630081 0.993948 0.2833 -0.0124 0.0026 1.517e-06 -- 350713 0.993948 0.2841 -0.0121 0.0029 3.079e-05 -- 279554 0.993948 0.937819235394473
rs6658723:T:C 1 112274162 T C 0.4332 0.0145 0.002 2.343e-13 +? 485486 0.993786 0.4334 0.0136 0.0027 3.466e-07 +? 263148 0.993786 0.433 0.0158 0.003 8.43e-08 +? 222338 0.993786 0.580902013429299
rs6688053:C:T 1 163589208 T C 0.4445 0.0123 0.002 4.434e-10 +? 485486 0.986634 0.4437 0.0158 0.0027 3.672e-09 +? 263148 0.986634 0.4455 0.008 0.003 0.006799 +? 222338 0.986634 0.0503085985422017
rs6688233:C:T 1 9335745 T C 0.2394 0.0186 0.0021 3.021e-19 ++ 629724 0.982661 0.238 0.0252 0.0028 1.123e-19 ++ 350511 0.982661 0.2399 0.0095 0.0031 0.002162 ++ 279399 0.982661 0.00014090574869248
rs668871:C:T 6 160769811 T C 0.469 -0.0134 0.002 7.192e-12 -? 485486 0.997963 0.4694 -0.0213 0.0027 8.79e-16 -? 263148 0.997963 0.4686 -0.0034 0.0029 0.2501 -? 222338 0.997963 4.74807541584033e-06
rs6694768:T:C 1 114953420 T C 0.6817 0.0121 0.0019 1.621e-10 ++ 630075 0.997446 0.6828 0.0123 0.0025 1.181e-06 ++ 350712 0.997446 0.6814 0.0112 0.0028 8.047e-05 ++ 279549 0.997446 0.76661994426422
rs6699397:A:G 1 91212216 A G 0.6236 -0.0118 0.0017 1.276e-11 -- 697661 0.996577 0.6231 -0.0148 0.0023 3.002e-10 -- 381134 0.996577 0.6234 -0.0088 0.0026 0.0006712 -- 316712 0.996577 0.0800217805188131
rs672341:G:A 6 153455994 A G 0.4126 -0.0122 0.002 7.964e-10 -? 485486 0.999275 0.4125 -0.0139 0.0027 2.287e-07 -? 263148 0.999275 0.4126 -0.0094 0.003 0.001563 -? 222338 0.999275 0.258801134011944
rs6743060:C:A 2 629510 A C 0.8423 0.0266 0.0022 1.795e-32 ++ 695299 0.997446 0.8427 0.0236 0.003 7.128e-15 ++ 378862 0.997446 0.8426 0.0297 0.0033 4.072e-19 ++ 316622 0.997446 0.165956471621593
rs6749646:A:T 2 25193998 A T 0.7801 -0.021 0.0022 5.985e-22 -- 629855 0.996912 0.779 -0.0236 0.0029 4.076e-16 -- 350575 0.996912 0.7804 -0.0158 0.0033 1.261e-06 -- 279466 0.996912 0.0721502185122829
rs6795831:A:C 3 129341403 A C 0.8143 0.0288 0.0023 2.091e-37 ++ 630036 0.984604 0.8166 0.0443 0.003 1.329e-49 ++ 350692 0.984604 0.8136 0.0086 0.0034 0.01092 +- 279531 0.984604 1.53668246709721e-15
rs6905288:G:A 6 43758873 A G 0.5735 0.0327 0.0017 2.015e-78 ++ 674178 1 0.5735 0.0497 0.0024 1.55e-98 ++ 368588 1 0.5735 0.0122 0.0026 2.038e-06 ++ 305775 1 7.02747372879456e-27
rs6942652:G:C 7 120889272 C G 0.4294 -0.0126 0.0018 2.182e-12 -- 630054 0.998475 0.4286 -0.0135 0.0024 1.579e-08 -- 350697 0.998475 0.4296 -0.0117 0.0027 1.338e-05 -- 279542 0.998475 0.613805177407059
rs7025089:C:A 9 134881443 A C 0.6792 -0.0118 0.0019 4.288e-10 -- 630076 0.998059 0.6791 -0.0132 0.0025 1.564e-07 -- 350712 0.998059 0.6797 -0.0097 0.0028 0.0005972 -- 279550 0.998059 0.344985429884974
rs704061:T:C 12 89771903 T C 0.5518 -0.0118 0.0018 4.367e-11 -- 618285 0.995572 0.5529 -0.0139 0.0024 6.343e-09 -- 344289 0.995572 0.5516 -0.0094 0.0027 0.0004587 -- 274179 0.995572 0.207084386786436
rs7070670:C:T 10 61842645 T C 0.3228 -0.0132 0.0021 3.644e-10 -? 485486 0.982719 0.3225 -0.0132 0.0029 4.134e-06 -? 263148 0.982719 0.3232 -0.0132 0.0031 2.871e-05 -? 222338 0.982719 1
rs7070749:G:A 10 63882682 A G 0.5531 0.0126 0.002 1.88e-10 +? 485486 0.995798 0.5539 0.0175 0.0027 5.875e-11 +? 263148 0.995798 0.5522 0.0065 0.0029 0.02797 +? 222338 0.995798 0.00492598191022008
rs708437:G:A 10 36227656 A G 0.8256 0.0144 0.0024 1.598e-09 ++ 617811 0.995895 0.8265 0.0133 0.0032 3.27e-05 ++ 343997 0.995895 0.8257 0.015 0.0036 2.744e-05 ++ 274000 0.995895 0.720747525847213
rs711869:G:A 2 13073967 A G 0.5566 -0.0171 0.0018 2.375e-21 -- 629977 0.981668 0.557 -0.0162 0.0024 1.112e-11 -- 350651 0.981668 0.5566 -0.018 0.0027 2.591e-11 -- 279511 0.981668 0.613805177407059
rs7138803:G:A 12 50247468 A G 0.3842 0.0125 0.0018 1.089e-12 ++ 697653 1 0.3848 0.0088 0.0024 0.0001898 ++ 381136 1 0.3859 0.0165 0.0026 1.929e-10 ++ 316701 1 0.0275171193326454
rs7183908:T:C 15 74329193 T C 0.5074 -0.0158 0.002 8.25e-16 -? 485486 0.998939 0.5077 -0.0133 0.0027 5.85e-07 -? 263148 0.998939 0.5071 -0.0191 0.0029 8.326e-11 -? 222338 0.998939 0.13817972721553
rs7186893:G:T 16 24806420 T G 0.2635 -0.0137 0.002 1.21e-11 -- 629754 0.998542 0.264 -0.0128 0.0027 2.095e-06 -- 350530 0.998542 0.2625 -0.015 0.003 6.707e-07 -- 279410 0.998542 0.580902013429299
rs719802:T:C 11 113234679 T C 0.3967 0.0114 0.0018 3.793e-10 ++ 630064 1 0.3977 0.0137 0.0024 1.435e-08 ++ 350705 1 0.3964 0.0079 0.0027 0.003801 ++ 279544 1 0.103930046084992
rs7198287:C:T 16 85258191 T C 0.2182 -0.0138 0.0022 6.096e-10 -- 626096 0.993015 0.2194 -0.0188 0.003 2.432e-10 -- 348478 0.993015 0.2188 -0.006 0.0033 0.07198 -- 277804 0.993015 0.00365043389222243
rs7206608:C:G 16 82872628 C G 0.6754 -0.0127 0.0019 2.481e-11 -- 628665 0.996158 0.6748 -0.0145 0.0025 1.277e-08 -- 349846 0.996158 0.6757 -0.0109 0.0029 0.000137 -- 279005 0.996158 0.340987625643617
rs7213608:C:T 17 21279289 T C 0.6826 -0.0171 0.0019 6.951e-19 -- 629948 0.977134 0.6819 -0.019 0.0026 1.678e-13 -- 350638 0.977134 0.6837 -0.0137 0.0029 1.937e-06 -- 279496 0.977134 0.16814283341445
rs7217226:T:G 17 2136065 T G 0.6555 -0.0137 0.0018 9.937e-15 -- 692197 0.997838 0.6559 -0.0133 0.0024 2.367e-08 -- 377981 0.997838 0.6555 -0.0135 0.0026 2.495e-07 -- 314402 0.997838 0.954346509716749
rs7222:T:C 12 2055266 T C 0.499 0.0109 0.0018 1.169e-09 ++ 629933 0.989203 0.4968 0.0122 0.0024 2.449e-07 ++ 350631 0.989203 0.4993 0.0091 0.0027 0.0007064 ++ 279488 0.989203 0.384782462526957
rs72959041:G:A 6 127454893 A G 0.0409 0.126 0.0044 4.56e-183 ++ 550831 0.969127 0.0473 0.1791 0.0063 1.7e-175 +? 263148 0.969127 0.047 0.0698 0.007 2.203e-23 +? 222338 0.969127 6.6766850794101e-32
rs7311622:C:T 12 98772975 T C 0.4526 -0.0119 0.0018 2.959e-11 -- 628710 0.988621 0.4529 -0.0117 0.0024 9.376e-07 -- 349911 0.988621 0.4513 -0.0118 0.0027 1.147e-05 -- 278985 0.988621 0.977633381014719
rs733381:A:G 22 40669648 A G 0.7717 0.0122 0.0021 2.817e-09 ++ 697671 0.998452 0.7713 0.0137 0.0028 8.15e-07 ++ 381113 0.998452 0.7709 0.0105 0.0031 0.0005448 ++ 316743 0.998452 0.437830471209616
rs7395513:G:A 11 69262756 A G 0.4389 -0.0173 0.002 2.458e-18 -? 485486 0.99223 0.439 -0.0237 0.0027 8.584e-19 -? 263148 0.99223 0.4387 -0.01 0.003 0.0007541 -? 222338 0.99223 0.000586296670030385
rs747249:A:G 11 130271647 A G 0.3588 0.0111 0.0019 2.65e-09 ++ 629846 0.985753 0.3597 0.0151 0.0025 9.222e-10 ++ 350586 0.985753 0.3585 0.0058 0.0028 0.03665 ++ 279446 0.985753 0.0120970385677417
rs747601:A:T 11 13274553 A T 0.275 -0.0128 0.002 7.274e-11 -- 630043 0.995416 0.2744 -0.0124 0.0026 2.529e-06 -- 350696 0.995416 0.2747 -0.0142 0.0029 1.446e-06 -- 279532 0.995416 0.639737028188179
rs7492628:C:G 14 91547136 C G 0.6801 -0.0125 0.0019 7.893e-11 -- 629729 0.981371 0.6796 -0.0192 0.0026 9.032e-14 -- 350516 0.981371 0.6806 -0.0036 0.0029 0.2138 -- 279399 0.981371 4.9797275185205e-05
rs7498665:A:G 16 28883241 A G 0.6175 -0.0168 0.0017 1.13e-22 -- 695962 1 0.6182 -0.014 0.0023 1.474e-09 -- 380420 1 0.617 -0.0208 0.0026 4.743e-16 -- 315725 1 0.047259444055911
rs758598:A:G 17 59492714 A G 0.33 0.0123 0.0019 5.587e-11 ++ 629972 0.996376 0.3295 0.0128 0.0025 3.678e-07 ++ 350662 0.996376 0.3299 0.0119 0.0028 2.381e-05 ++ 279496 0.996376 0.808132777776801
rs7591387:C:T 2 43756032 T C 0.1024 0.0179 0.0028 9.298e-11 ++ 697510 0.995116 0.1021 0.0237 0.0037 1.336e-10 ++ 381075 0.995116 0.102 0.0085 0.0041 0.03749 ++ 316619 0.995116 0.00531053921063521
rs7599312:G:A 2 213413231 A G 0.2732 -0.0114 0.0019 2.358e-09 -- 697620 0.978529 0.2736 -0.0116 0.0026 6.454e-06 -- 381119 0.978529 0.2734 -0.0103 0.0028 0.0002721 -- 316685 0.978529 0.730396603683521
rs7647305:T:C 3 185834290 T C 0.2099 -0.0142 0.0021 8.28e-12 -- 696269 0.986011 0.2094 -0.0136 0.0028 1.028e-06 -- 380286 0.986011 0.2096 -0.0139 0.0031 6.401e-06 -- 316168 0.986011 0.942015354989689
rs76699125:T:C 3 64701535 T C 0.9368 0.032 0.0041 4.955e-15 +? 485486 0.967782 0.9371 0.0469 0.0055 2.524e-17 +? 263148 0.967782 0.9365 0.013 0.0061 0.03306 +? 222338 0.967782 2.91121174589259e-05
rs7744833:A:G 6 20581828 A G 0.6823 0.0125 0.0019 6.875e-11 ++ 630066 0.986807 0.6811 0.0154 0.0026 1.985e-09 ++ 350705 0.986807 0.6832 0.0076 0.0029 0.00801 ++ 279546 0.986807 0.0425308418381401
rs7797307:G:C 7 68686127 C G 0.0598 -0.0245 0.004 7.072e-10 -- 617387 0.979572 0.0612 -0.0261 0.0052 6.43e-07 -- 343854 0.979572 0.0592 -0.0214 0.006 0.0003401 -- 273719 0.979572 0.548835223970304
rs780159:A:G 10 80907147 A G 0.4292 -0.0133 0.0017 2.861e-14 -- 689739 0.969682 0.4298 -0.0135 0.0023 6.69e-09 -- 377885 0.969682 0.4308 -0.0132 0.0026 2.977e-07 -- 312039 0.969682 0.930251841590327
rs7823561:A:C 8 25641764 A C 0.6527 0.0159 0.0019 3.258e-17 ++ 629939 0.986948 0.6519 0.0173 0.0025 5.953e-12 ++ 350633 0.986948 0.653 0.0134 0.0028 1.88e-06 ++ 279492 0.986948 0.292667674815844
rs789351:C:T 4 145868370 T C 0.4202 0.0123 0.0017 7.567e-13 ++ 691309 0.998275 0.4203 0.0132 0.0023 1.01e-08 ++ 378532 0.998275 0.42 0.0097 0.0025 0.0001307 ++ 312962 0.998275 0.296700728414512
rs7907173:G:A 10 5648787 A G 0.4511 -0.0109 0.0018 9.433e-10 -- 629892 0.997527 0.4497 -0.013 0.0024 5.115e-08 -- 350615 0.997527 0.4522 -0.0087 0.0027 0.001175 -- 279463 0.997527 0.227990622384591
rs793456:G:A 3 99525631 A G 0.6045 -0.0106 0.0018 3.563e-09 -- 630013 0.997672 0.605 -0.0083 0.0024 0.0005878 -- 350672 0.997672 0.6048 -0.0138 0.0027 3.55e-07 -- 279527 0.997672 0.123077489165912
rs797486:C:A 13 51221618 A C 0.8938 0.0316 0.0026 1.089e-34 ++ 697602 0.987915 0.894 0.0357 0.0035 7.659e-25 ++ 381116 0.987915 0.8945 0.0249 0.0038 7.746e-11 ++ 316671 0.987915 0.0342305298989849
rs8024294:G:A 15 94023132 A G 0.1115 0.0177 0.0028 3.624e-10 ++ 618157 0.97696 0.1114 0.0151 0.0038 5.687e-05 ++ 344233 0.97696 0.1114 0.0212 0.0042 5.514e-07 ++ 274110 0.97696 0.275360119270573
rs8043060:G:A 15 67661784 A G 0.2217 -0.0166 0.002 8.931e-17 -- 697661 0.996751 0.2216 -0.0105 0.0027 0.0001002 -- 381143 0.996751 0.2212 -0.0226 0.003 2.473e-14 -- 316703 0.996751 0.00239443743320251
rs805768:C:T 20 5666891 T C 0.2391 0.0137 0.0023 3.625e-09 +? 485486 0.987885 0.24 0.015 0.0031 1.649e-06 +? 263148 0.987885 0.2381 0.0126 0.0035 0.0002901 +? 222338 0.987885 0.603144631975683
rs8060576:C:T 16 4908956 T C 0.1234 0.0161 0.0027 1.496e-09 ++ 630037 0.995077 0.1223 0.0092 0.0035 0.00901 ++ 350685 0.995077 0.1236 0.0257 0.004 1.036e-10 ++ 279537 0.995077 0.00166640570652664
rs8070737:G:T 17 3981066 T G 0.1682 0.016 0.0023 7.386e-12 ++ 630045 0.99906 0.1665 0.0175 0.0031 1.907e-08 ++ 350699 0.99906 0.1687 0.0133 0.0035 0.0001359 ++ 279532 0.99906 0.362929847414836
rs8071778:G:C 17 46080233 C G 0.1539 -0.016 0.0025 6.622e-11 -- 629706 0.992231 0.1525 -0.0153 0.0033 3.153e-06 -- 350527 0.992231 0.1547 -0.0173 0.0037 2.209e-06 -- 279365 0.992231 0.682857192301405
rs8075273:C:A 17 61728881 A C 0.2867 -0.0138 0.0019 2.757e-13 -- 697440 0.998729 0.2875 -0.0165 0.0025 9.642e-11 -- 381036 0.998729 0.2867 -0.0121 0.0028 1.588e-05 -- 316588 0.998729 0.23515026724961
rs8079062:A:G 17 74255029 A G 0.9209 -0.0234 0.0033 1.668e-12 -- 616828 0.994364 0.922 -0.0342 0.0044 6.511e-15 -- 343348 0.994364 0.9202 -0.0098 0.005 0.0485 -+ 273666 0.994364 0.000207009652146849
rs809955:G:A 4 140874760 A G 0.3669 -0.0155 0.002 2.482e-14 -? 485486 0.995391 0.3679 -0.0153 0.0028 2.754e-08 -? 263148 0.995391 0.3657 -0.0156 0.003 3.219e-07 -? 222338 0.995391 0.940974257928848
rs8103017:C:G 19 55999142 C G 0.7044 -0.0165 0.0022 2.244e-14 -? 485486 0.980636 0.7047 -0.0191 0.0029 6.49e-11 -? 263148 0.980636 0.7041 -0.0135 0.0032 3.268e-05 -? 222338 0.980636 0.189062777380465
rs8141715:T:G 22 47214749 T G 0.7545 -0.0136 0.002 1.454e-11 -- 630122 0.992312 0.7566 -0.015 0.0027 2.13e-08 -- 350707 0.992312 0.7535 -0.0115 0.003 0.0001353 -- 279601 0.992312 0.379786674020894
rs858516:C:T 17 7537098 T C 0.5472 -0.0119 0.002 1.628e-09 -? 485486 0.996924 0.547 -0.0148 0.0027 2.791e-08 -? 263148 0.996924 0.5473 -0.0074 0.0029 0.0114 -? 222338 0.996924 0.0585445819931949
rs861029:T:C 4 56245637 T C 0.7492 -0.0135 0.002 4.364e-11 -- 630003 0.997804 0.7497 -0.0203 0.0027 1.002e-13 -- 350671 0.997804 0.7482 -0.0056 0.0031 0.06524 -- 279518 0.997804 0.000292961766024933
rs863750:C:T 12 124505444 T C 0.5836 0.0259 0.0017 6.195e-51 ++ 697620 0.993593 0.5828 0.0405 0.0023 3.965e-68 ++ 381119 0.993593 0.5829 0.0077 0.0026 0.002478 ++ 316685 0.993593 1.07188940488414e-21
rs889398:C:T 16 69556715 T C 0.4146 -0.0171 0.0017 1.985e-23 -- 697586 0.990464 0.4142 -0.0152 0.0023 5.15e-11 -- 381098 0.990464 0.4157 -0.02 0.0025 3.063e-15 -- 316673 0.990464 0.152392022863968
rs901630:C:T 6 98539519 T C 0.411 -0.0119 0.0017 6.814e-12 -- 697456 0.999146 0.4115 -0.008 0.0023 0.0006024 -- 381029 0.999146 0.411 -0.0182 0.0026 1.584e-12 -- 316611 0.999146 0.00292081044190152
rs905938:T:C 1 154991389 T C 0.7235 0.0126 0.0019 7.831e-11 ++ 697389 1 0.7223 0.0212 0.0026 3.899e-16 ++ 380996 1 0.7231 0.0023 0.0029 0.4345 ++ 316573 1 8.89192616746541e-07
rs910382:G:A 20 51699189 A G 0.4935 -0.0169 0.0018 2.395e-21 -- 630074 0.991927 0.4924 -0.0232 0.0024 1.167e-22 -- 350709 0.991927 0.494 -0.0081 0.0027 0.002401 -- 279551 0.991927 2.30136542003491e-05
rs929641:A:G 2 58792377 A G 0.5889 0.0127 0.0017 7.979e-14 ++ 697588 0.996927 0.5885 0.0107 0.0023 3.254e-06 ++ 381117 0.996927 0.5898 0.0147 0.0025 7.191e-09 ++ 316656 0.996927 0.233021731943229
rs9296938:A:G 6 14573063 A G 0.2501 -0.0145 0.002 1.502e-12 -- 630072 0.996434 0.2506 -0.0172 0.0027 2.939e-10 -- 350711 0.996434 0.2495 -0.0105 0.0031 0.0005722 -- 279547 0.996434 0.0988221771205029
rs9302652:C:T 16 53865975 T C 0.7344 -0.0152 0.0019 3.813e-15 -- 683235 0.981583 0.7353 -0.0109 0.0026 2.607e-05 -- 372603 0.981583 0.734 -0.0197 0.0029 5.307e-12 -- 310816 0.981583 0.0221185925446966
rs9362083:T:A 6 85396119 A T 0.5866 -0.0117 0.0018 7.838e-11 -- 630076 0.997962 0.5874 -0.011 0.0024 4.071e-06 -- 350712 0.997962 0.5861 -0.0131 0.0027 1.208e-06 -- 279550 0.997962 0.556023949043696
rs936226:C:T 15 75069282 T C 0.7294 0.0114 0.0019 1.95e-09 ++ 697021 1 0.7291 0.0156 0.0026 1.124e-09 ++ 380996 1 0.7294 0.0064 0.0028 0.02272 +- 316209 1 0.0147404608176753
rs9369425:G:A 6 43810974 A G 0.7078 0.0195 0.0019 1.089e-23 ++ 629913 0.994643 0.7083 0.0264 0.0026 2.881e-24 ++ 350619 0.994643 0.7073 0.0103 0.0029 0.0004123 ++ 279479 0.994643 2.83170580489113e-05
rs9370243:G:T 6 53789830 T G 0.0804 0.0198 0.0032 1.131e-09 ++ 630083 0.994365 0.0798 0.0224 0.0043 2.181e-07 ++ 350714 0.994365 0.081 0.016 0.0049 0.001001 ++ 279555 0.994365 0.32009730533902
rs946106:C:T 1 49928489 T C 0.7664 -0.017 0.002 2.719e-17 -- 697636 0.997133 0.7667 -0.0155 0.0027 1.117e-08 -- 381128 0.997133 0.7656 -0.0196 0.003 5.499e-11 -- 316693 0.997133 0.303548604444751
rs950732:C:T 10 94114633 T C 0.5746 0.012 0.0018 2.376e-11 ++ 630080 0.998683 0.5731 0.0127 0.0024 1.179e-07 ++ 350714 0.998683 0.5755 0.0107 0.0027 7.349e-05 ++ 279552 0.998683 0.574987446659782
rs9515201:A:C 13 111040798 A C 0.3068 -0.0121 0.0018 6.633e-11 -- 697494 0.975822 0.3073 -0.0092 0.0025 0.0002318 -- 381048 0.975822 0.3063 -0.0165 0.0028 1.91e-09 -- 316631 0.975822 0.0488766270288077
rs9630986:G:C 2 181607751 C G 0.6685 0.0122 0.0019 1.017e-10 ++ 629993 0.997474 0.6684 0.012 0.0025 1.966e-06 ++ 350666 0.997474 0.6685 0.0124 0.0028 1.207e-05 ++ 279513 0.997474 0.914053662090019
rs9644033:A:T 8 23610639 A T 0.7545 0.0188 0.0021 2.101e-19 ++ 630079 0.997191 0.7544 0.0334 0.0028 2.89e-33 ++ 350712 0.997191 0.7538 -7e-04 0.0031 0.8294 -- 279553 0.997191 1.36477071148981e-16
rs9659380:G:A 1 98423149 A G 0.8372 -0.0179 0.0024 5.222e-14 -- 629817 0.994848 0.8374 -0.0219 0.0032 5.545e-12 -- 350578 0.994848 0.8368 -0.0109 0.0036 0.002256 -- 279424 0.994848 0.0207239612373963
rs979012:T:C 20 6623374 T C 0.3637 0.0116 0.0018 7.855e-11 ++ 697581 0.997822 0.3635 0.0099 0.0024 3.431e-05 ++ 381098 0.997822 0.3637 0.0135 0.0026 2.297e-07 ++ 316667 0.997822 0.302780234674582
rs9844972:G:C 3 150097635 C G 0.0654 0.0278 0.0036 1.118e-14 ++ 608968 0.961697 0.0651 0.0435 0.0048 1.35e-19 ++ 338961 0.961697 0.0684 0.0071 0.0059 0.231 +? 222338 0.961697 1.25906334424173e-06
rs987237:A:G 6 50803050 A G 0.844 -0.02 0.0022 9.975e-20 -- 697658 1 0.8443 -0.0132 0.003 8.924e-06 -- 381141 1 0.8445 -0.028 0.0033 9.234e-18 -- 316701 1 0.000776355997665686
rs9878908:C:T 3 12302462 T C 0.8126 -0.0193 0.0021 3.382e-20 -- 697590 0.997347 0.8133 -0.026 0.0028 3.442e-20 -- 381098 0.997347 0.8129 -0.0099 0.0031 0.001543 -- 316677 0.997347 9.47897262052642e-05
rs9923544:C:T 16 53801985 T C 0.4354 0.0389 0.0017 1.18e-113 ++ 697355 0.999786 0.4344 0.0329 0.0023 4.542e-46 ++ 380974 0.999786 0.4379 0.0468 0.0025 7.013e-76 ++ 316566 0.999786 3.40818431017013e-05
rs9942009:C:T 3 89121921 T C 0.3802 0.0126 0.0018 3.033e-12 ++ 630080 0.998815 0.3789 0.012 0.0024 7.231e-07 ++ 350714 0.998815 0.3807 0.0128 0.0027 2.608e-06 ++ 279552 0.998815 0.822532763760641
rs9976841:G:A 21 39484323 A G 0.3871 -0.0129 0.0018 2.095e-12 -- 629957 0.998909 0.3899 -0.015 0.0025 9.805e-10 -- 350636 0.998909 0.386 -0.0098 0.0027 0.0003548 -- 279507 0.998909 0.152336729209195
rs998732:A:G 19 19378671 A G 0.8343 0.0165 0.0023 1.042e-12 ++ 697608 0.997803 0.8346 0.0138 0.0031 9.537e-06 ++ 381115 0.997803 0.8335 0.0192 0.0034 2.243e-08 ++ 316678 0.997803 0.234559473139408
rs9988:C:T 17 73230856 T C 0.8347 0.0152 0.0024 1.934e-10 ++ 630074 0.995459 0.8346 0.0156 0.0032 9.646e-07 ++ 350710 0.995459 0.8348 0.0149 0.0036 3.46e-05 ++ 279550 0.995459 0.882982543704832
