SNP Chr.ref.males Pos.ref.males A1.combined A2.combined frqA1.combined beta.combined se.combined pval.combined dir.combined nmeta.combined info.combined frqA1.females beta.females se.females pval.females dir.females nmeta.females info.females frqA1.males beta.males se.males pval.males dir.males nmeta.males info.males psexdiff
rs10152595:C:G 15 67475488 C G 0.7507 0.0152 0.0023 4.485e-11 +? 484563 0.982107 0.7505 0.0073 0.0031 0.01805 +? 262759 0.982107 0.7509 0.0239 0.0034 3.408e-12 +? 221804 0.982107 0.000308752936519501
rs10257135:C:T 7 104893565 T C 0.8452 -0.0182 0.0023 5.141e-15 -- 679611 0.996923 0.8455 -0.0146 0.0031 2.475e-06 -- 371136 0.996923 0.8462 -0.0209 0.0034 1.121e-09 -- 308609 0.996923 0.17092373171717
rs10502148:C:T 11 111647998 T C 0.3572 -0.023 0.0018 5.865e-36 -- 627223 0.993649 0.3537 -0.0273 0.0024 5.124e-29 -- 349046 0.993649 0.3594 -0.0171 0.0028 5.463e-10 -- 278312 0.993649 0.0056772321381593
rs10753534:A:G 1 22625311 A G 0.836 0.0161 0.0027 1.552e-09 +? 484563 0.99654 0.8355 0.0126 0.0036 0.0004195 +? 262759 0.99654 0.8365 0.0239 0.004 2.072e-09 +? 221804 0.99654 0.0357459134805749
rs10753805:T:A 1 170320751 A T 0.7289 0.0343 0.002 2.782e-65 ++ 627284 0.999676 0.7287 0.0439 0.0027 1.546e-61 ++ 349080 0.999676 0.7291 0.0203 0.003 1.663e-11 ++ 278339 0.999676 4.99774280164285e-09
rs10840326:G:C 11 9951672 C G 0.451 0.0106 0.002 8.803e-08 +? 484563 0.992429 0.4508 0.0067 0.0027 0.01187 +? 262759 0.992429 0.4512 0.018 0.003 1.295e-09 +? 221804 0.992429 0.00511435784945577
rs10923724:C:T 1 119546842 T C 0.5569 0.0347 0.0017 1.25e-89 ++ 694500 0.992599 0.5571 0.0347 0.0023 5.108e-51 ++ 379431 0.992599 0.5561 0.0362 0.0026 1.411e-45 ++ 315203 0.992599 0.665658994972948
rs1122080:G:A 5 158015903 A G 0.2042 -0.0095 0.0022 1.687e-05 -- 694473 0.977194 0.2044 -0.0025 0.0029 0.4036 -+ 379399 0.977194 0.2051 -0.0193 0.0033 3.498e-09 -- 315208 0.977194 0.000131244136326122
rs11235:T:C 3 52745087 T C 0.5396 -0.0222 0.0018 1.231e-36 -- 674682 0.998797 0.5402 -0.0244 0.0023 1.964e-25 -- 371150 0.998797 0.5381 -0.0213 0.0026 2.844e-16 -- 303666 0.998797 0.371838770869487
rs112498803:G:A 6 80922114 A G 0.0792 0.0364 0.0037 2.18e-23 +? 484563 0.998112 0.0796 0.0373 0.0049 2.81e-14 +? 262759 0.998112 0.0788 0.0344 0.0055 3.453e-10 +? 221804 0.998112 0.693807435467031
rs11500477:T:A 11 47409051 A T 0.3289 -0.0081 0.002 3.347e-05 -- 548498 0.974585 0.3677 -0.0016 0.0028 0.5602 -? 262759 0.974585 0.3686 -0.0198 0.0031 1.56e-10 -? 221804 0.974585 1.31941193035337e-05
rs11698093:T:C 20 45536063 T C 0.57 0.0278 0.002 3.588e-43 +? 484563 0.980937 0.5704 0.0255 0.0027 6.331e-21 +? 262759 0.980937 0.5695 0.0321 0.003 1.286e-26 +? 221804 0.980937 0.101997253575113
rs11747001:A:G 5 132412299 A G 0.7639 0.0172 0.002 7.734e-18 ++ 694337 0.998801 0.764 0.0158 0.0027 4.496e-09 ++ 379333 0.998801 0.7636 0.0186 0.003 3.041e-10 ++ 315138 0.998801 0.487844521467117
rs11899888:A:G 2 56102744 A G 0.8511 -0.0043 0.0024 0.07496 -- 682372 0.986819 0.8513 0.0091 0.0033 0.005036 ++ 372794 0.986819 0.8514 -0.0216 0.0036 1.669e-09 -- 309712 0.986819 3.25149242396183e-10
rs11992444:G:T 8 25464690 T G 0.5085 0.0233 0.002 5.567e-32 +? 484563 1 0.5085 0.0215 0.0027 7.288e-16 +? 262759 1 0.5084 0.0278 0.003 4.148e-21 +? 221804 1 0.118543168800573
rs12123182:C:T 1 221330515 T C 0.3009 0.0138 0.002 1.425e-12 ++ 627213 0.996814 0.3012 0.0112 0.0026 1.575e-05 ++ 349040 0.996814 0.3013 0.0187 0.0029 1.707e-10 ++ 278308 0.996814 0.0541530113667824
rs12441543:G:A 15 31689543 A G 0.2896 -0.0189 0.002 8.684e-22 -- 625657 0.994264 0.2896 -0.0204 0.0026 6.379e-15 -- 348197 0.994264 0.2894 -0.0188 0.003 2.207e-10 -- 277595 0.994264 0.6869230818707
rs12459350:A:G 19 2176586 A G 0.5422 0.0141 0.0017 2.388e-16 ++ 694419 0.999463 0.542 0.0131 0.0023 1.145e-08 ++ 379377 0.999463 0.5427 0.0152 0.0025 2.271e-09 ++ 315175 0.999463 0.536455341092793
rs12608504:A:G 19 18389135 A G 0.3596 0.0258 0.0018 3.09e-47 ++ 694553 0.9985 0.3596 0.0258 0.0024 3.378e-27 ++ 379448 0.9985 0.3589 0.0253 0.0026 1.105e-21 ++ 315239 0.9985 0.887626349719578
rs12774134:C:T 10 4963327 T C 0.1186 -0.0188 0.0027 1.988e-12 -- 681187 1 0.1186 -0.0079 0.0036 0.02637 -- 372552 1 0.1189 -0.0355 0.004 3.2e-19 -- 308769 1 2.91703961896807e-07
rs12810744:C:T 12 65782040 T C 0.6162 0.0075 0.0018 4.8e-05 ++ 625925 0.998679 0.615 3e-04 0.0024 0.8965 +- 348245 0.998679 0.6165 0.0187 0.0028 1.452e-11 ++ 277815 0.998679 6.05669514729912e-07
rs1294436:G:C 6 6746166 C G 0.5973 0.0293 0.002 9.087e-48 +? 484563 0.98586 0.5964 0.0347 0.0027 2.253e-37 +? 262759 0.98586 0.5983 0.0224 0.003 1.079e-13 +? 221804 0.98586 0.0023074891975702
rs12991495:T:C 2 25486770 T C 0.6906 0.0135 0.0019 4.868e-13 ++ 693515 1 0.6914 0.0124 0.0025 7.143e-07 ++ 378865 1 0.6895 0.0172 0.0028 5.619e-10 ++ 314784 1 0.200985008651421
rs13107325:C:T 4 103188709 T C 0.0808 -0.0306 0.0034 3.69e-19 -- 693873 1 0.0807 -0.0345 0.0046 5.74e-14 -- 379010 1 0.082 -0.0297 0.005 4.037e-09 -- 314997 1 0.479881124864322
rs13270194:T:C 8 8378102 T C 0.5021 0.0176 0.002 4.775e-19 +? 484563 0.998832 0.5006 0.0119 0.0027 7.312e-06 +? 262759 0.998832 0.5038 0.027 0.0029 4.043e-20 +? 221804 0.998832 0.000138463895630573
rs1334576:G:A 6 7211818 A G 0.4254 -0.0171 0.0018 3.464e-21 -- 627236 1 0.4252 -0.0152 0.0024 2.3e-10 -- 349053 1 0.4257 -0.0189 0.0027 2.466e-12 -- 278318 1 0.305727792487183
rs1385167:A:G 2 66200648 A G 0.8621 -0.0265 0.0025 7.947e-27 -- 691182 0.998332 0.8621 -0.0282 0.0033 2.587e-17 -- 377427 0.998332 0.862 -0.0234 0.0037 1.389e-10 -- 313889 0.998332 0.332960947898636
rs1406948:G:A 20 33905619 A G 0.3682 -0.0159 0.0018 2.076e-19 -- 694248 0.995099 0.3675 -0.0061 0.0024 0.009766 -- 379328 0.995099 0.3683 -0.0303 0.0026 3.995e-31 -- 315054 0.995099 7.95675404648519e-12
rs144100226:C:T 6 34180297 T C 0.0448 0.0907 0.0048 1.725e-80 +? 484563 0.99507 0.045 0.116 0.0064 3.379e-73 +? 262759 0.99507 0.0446 0.0559 0.0071 5.156e-15 +? 221804 0.99507 3.22779613538369e-10
rs1494205:T:G 10 27904367 T G 0.5809 0.0146 0.0018 1.026e-15 ++ 626939 0.990808 0.5803 0.0132 0.0024 4.86e-08 ++ 348899 0.990808 0.5818 0.0184 0.0027 2.094e-11 ++ 278175 0.990808 0.150021655436674
rs1544474:A:G 7 107612629 A G 0.5421 -0.0161 0.0017 7.108e-21 -- 679325 1 0.5422 -0.0155 0.0023 1.839e-11 -- 371237 1 0.5418 -0.0171 0.0026 3.194e-11 -- 308222 1 0.644855312293466
rs1553607:C:A 1 165221696 A C 0.5343 0.0099 0.002 5.681e-07 +? 484563 0.992038 0.5346 0.0047 0.0027 0.08019 +? 262759 0.992038 0.534 0.018 0.003 1.286e-09 +? 221804 0.992038 0.000983269065902385
rs1569135:A:G 2 188115398 A G 0.5373 0.0205 0.0017 2.986e-33 ++ 694469 0.996958 0.5381 0.0213 0.0023 1.376e-20 ++ 379401 0.996958 0.5362 0.0193 0.0025 3.462e-14 ++ 315202 0.996958 0.556032473866842
rs1635853:T:G 7 28189549 T G 0.4142 0.0159 0.0017 6.36e-20 ++ 687171 0.999855 0.4142 0.0159 0.0023 7.518e-12 ++ 375440 0.999855 0.414 0.0163 0.0026 2.357e-10 ++ 311866 0.999855 0.908262629958519
rs17703883:T:C 15 51530097 T C 0.7627 -0.0149 0.0021 7.274e-13 -- 627178 0.995352 0.7648 -0.0103 0.0027 0.0001835 -- 349025 0.995352 0.7617 -0.0218 0.0031 1.932e-12 -- 278288 0.995352 0.00515157962418091
rs1805740:G:T 12 9075014 T G 0.7185 -0.0179 0.002 1.163e-19 -- 627211 0.998009 0.7181 -0.0143 0.0026 4.301e-08 -- 349044 0.998009 0.7191 -0.0227 0.003 1.876e-14 -- 278302 0.998009 0.0343508098237108
rs2067087:G:C 7 27241660 C G 0.7177 -0.0178 0.0019 2.447e-20 -- 689394 0.971624 0.7175 -0.0135 0.0026 1.917e-07 -- 375749 0.971624 0.718 -0.0226 0.0028 1.78e-15 -- 313780 0.971624 0.0172385998935447
rs2071449:C:A 12 54428011 A C 0.3514 0.0256 0.0018 1.51e-46 ++ 691516 0.990772 0.3514 0.0268 0.0024 7.531e-29 ++ 377018 0.990772 0.3509 0.0251 0.0027 3.27e-21 ++ 314632 0.990772 0.637932798391221
rs2145272:G:A 20 6626218 A G 0.6367 -0.0247 0.0018 3.95e-43 -- 694482 1 0.6368 -0.0202 0.0024 3.84e-17 -- 379416 1 0.6367 -0.0325 0.0027 1.565e-34 -- 315200 1 0.000661968490387523
rs2267846:G:A 3 48556339 A G 0.29 -0.0189 0.0019 1.181e-22 -- 694165 0.974614 0.2904 -0.0193 0.0026 7.649e-14 -- 379244 0.974614 0.2914 -0.0183 0.0029 1.757e-10 -- 315054 0.974614 0.797373250528393
rs2268382:A:C 7 130027037 A C 0.6611 0.0105 0.0019 3.276e-08 ++ 627035 1 0.6603 0.0071 0.0025 0.005051 ++ 348949 1 0.6608 0.0167 0.0028 4.061e-09 ++ 278219 1 0.0105427390011061
rs2294239:A:G 22 29449477 A G 0.5685 0.0243 0.0017 4.04e-44 ++ 694017 0.989833 0.568 0.0256 0.0023 4.212e-28 ++ 379173 0.989833 0.5687 0.0238 0.0026 2.839e-20 ++ 314977 0.989833 0.604084292301122
rs2398893:A:G 9 96758342 A G 0.7142 0.0153 0.0019 6.75e-16 ++ 694566 0.999774 0.7139 0.0138 0.0026 7.286e-08 ++ 379461 0.999774 0.7141 0.0178 0.0028 2.791e-10 ++ 315239 0.999774 0.29516975952311
rs2780956:G:A 9 103348634 A G 0.4136 -0.0087 0.0018 1.695e-06 -- 627276 0.995739 0.4144 -0.0037 0.0024 0.129 -- 349072 0.995739 0.4133 -0.0161 0.0027 3.448e-09 -- 278339 0.995739 0.000597941334809504
rs2844531:A:G 6 31353171 A G 0.8585 0.0294 0.0026 1.013e-30 ++ 693134 1 0.8588 0.0221 0.0034 1.107e-10 ++ 378549 1 0.8576 0.04 0.0038 3.898e-26 ++ 314718 1 0.000447300442038714
rs28451064:G:A 21 35593827 A G 0.1268 0.018 0.003 2.874e-09 +? 484563 0.955171 0.1261 0.0119 0.0041 0.00366 +? 262759 0.955171 0.1277 0.0285 0.0045 2.849e-10 +? 221804 0.955171 0.00639492391846073
rs2923125:A:G 11 10398193 A G 0.5028 -0.0109 0.0018 1.057e-09 -- 627085 0.997676 0.5034 -0.0073 0.0024 0.002085 -+ 348969 0.997676 0.5028 -0.016 0.0027 2.506e-09 -- 278250 0.997676 0.0160261745479851
rs34050011:C:A 16 49868513 A C 0.4224 -0.0166 0.002 1.343e-16 -? 484563 0.993986 0.4224 -0.0133 0.0027 8.401e-07 -? 262759 0.993986 0.4224 -0.021 0.003 2.011e-12 -? 221804 0.993986 0.0564185824496054
rs34322:T:C 12 12879570 T C 0.4663 0.01 0.0018 2.67e-08 ++ 626680 1 0.464 0.0059 0.0024 0.01261 ++ 348763 1 0.467 0.016 0.0027 2.822e-09 ++ 278050 1 0.00517610986969933
rs3740237:G:C 10 32557592 C G 0.1416 0.0224 0.0026 6.279e-18 ++ 625432 0.992077 0.1414 0.0191 0.0035 3.404e-08 ++ 347286 0.992077 0.1416 0.0286 0.0039 1.911e-13 ++ 278282 0.992077 0.0698475747479295
rs3769600:G:A 2 32616879 A G 0.4316 0.0086 0.0018 1.74e-06 ++ 626969 0.99834 0.4291 0.0037 0.0024 0.117 +- 348927 0.99834 0.4321 0.0162 0.0027 1.982e-09 ++ 278177 0.99834 0.000539717534640753
rs3786897:A:G 19 33893008 A G 0.5803 -0.0279 0.0017 2.997e-58 -- 693294 0.997489 0.5799 -0.026 0.0023 5.89e-29 -- 378774 0.997489 0.5812 -0.0318 0.0026 2.734e-35 -- 314654 0.997489 0.094753584563637
rs455660:T:C 5 55816888 T C 0.1771 0.0279 0.0022 1.784e-37 ++ 688138 0.992325 0.1763 0.0233 0.0029 1.654e-15 ++ 376796 0.992325 0.177 0.0363 0.0032 2.557e-29 ++ 311477 0.992325 0.00261024581458045
rs4785958:C:G 16 4343839 C G 0.7619 0.0153 0.002 1.803e-14 ++ 693575 0.993263 0.762 0.0136 0.0027 4.49e-07 ++ 378943 0.993263 0.7624 0.0192 0.0029 6.932e-11 ++ 314766 0.993263 0.157563859538135
rs4800452:C:T 18 20727611 T C 0.7724 0.0182 0.0021 2.379e-18 ++ 692049 1 0.7717 0.017 0.0028 1.214e-09 ++ 377096 1 0.7726 0.0213 0.0031 4.96e-12 ++ 315087 1 0.303306694902932
rs528425253:A:C 4 186408158 A C 0.9994 -0.1457 0.0457 0.001428 -? 484563 0.73804 0.9994 0.0389 0.0626 0.5338 +? 262759 0.73804 0.9993 -0.4088 0.0668 9.585e-10 -? 221804 0.73804 1.0066126379154e-06
rs529565:T:C 9 136149500 T C 0.6683 -0.005 0.0018 0.006113 -- 694532 0.999259 0.6676 0.0032 0.0024 0.1915 ++ 379441 0.999259 0.6684 -0.0172 0.0027 1.365e-10 -- 315225 0.999259 1.63183917236476e-08
rs56196860:C:A 12 2908330 A C 0.03 -0.0357 0.0058 6.452e-10 -? 484563 1 0.03 -0.0219 0.0078 0.004898 -? 262759 1 0.03 -0.0581 0.0086 1.782e-11 -? 221804 1 0.00182138194066809
rs577721086:T:C 6 127440047 T C 0.9525 -0.1661 0.0047 7.11e-274 -? 484563 0.971735 0.9524 -0.2153 0.0063 2.53e-254 -? 262759 0.971735 0.9526 -0.1014 0.007 2.27e-47 -? 221804 0.971735 1.12985994724206e-33
rs60521849:G:A 17 44172812 A G 0.3986 -0.014 0.002 5.129e-12 -? 484563 0.990508 0.3972 -0.01 0.0027 0.0002415 -? 262759 0.990508 0.4003 -0.0195 0.003 9.961e-11 -? 221804 0.990508 0.0185843660869191
rs6096939:G:C 20 51034268 C G 0.3665 -0.0163 0.0019 1.612e-18 -- 623763 0.998745 0.3658 -0.0157 0.0025 1.826e-10 -- 347314 0.998745 0.3667 -0.0167 0.0028 1.768e-09 -- 276585 0.998745 0.789926307851445
rs6486060:G:A 11 9024630 A G 0.5563 -0.0106 0.0018 5.751e-09 -- 627112 0.989252 0.5547 -0.0066 0.0024 0.006443 -- 348999 0.989252 0.5576 -0.016 0.0027 3.829e-09 -- 278247 0.989252 0.00926570727283856
rs650180:C:T 12 3387281 T C 0.395 -0.0098 0.0018 8.299e-08 -- 627170 0.992863 0.3945 -0.0049 0.0024 0.04185 -- 349021 0.992863 0.3958 -0.0175 0.0027 1.87e-10 -- 278284 0.992863 0.000486811633594306
rs6556301:G:T 5 176527577 T G 0.3706 0.0206 0.0018 2.026e-29 ++ 663437 0.983643 0.3712 0.0152 0.0024 5.254e-10 ++ 364397 0.983643 0.3699 0.0291 0.0027 7.544e-27 ++ 299174 0.983643 0.000119195981325571
rs6716011:C:T 2 171350680 T C 0.2986 0.0134 0.002 1.264e-11 ++ 626172 0.996413 0.3004 0.0103 0.0026 7.506e-05 ++ 348482 0.996413 0.2971 0.0186 0.003 3.499e-10 ++ 277825 0.996413 0.0365513955462306
rs6721459:A:G 2 67852836 A G 0.527 -0.0178 0.0018 4.077e-23 -- 624705 0.996627 0.5274 -0.0178 0.0024 9.352e-14 -- 346684 0.996627 0.5264 -0.0171 0.0027 1.866e-10 -- 278157 0.996627 0.846353796483814
rs6722159:T:A 2 161340112 A T 0.4828 -0.0099 0.0018 4.626e-08 -- 614926 0.999654 0.4814 -0.0049 0.0024 0.03909 -- 342345 0.999654 0.4839 -0.0165 0.0027 9.511e-10 -- 272717 0.999654 0.00132231645337991
rs6844659:A:T 4 26307176 A T 0.3726 0.0174 0.002 1.566e-17 +? 484563 0.99487 0.3723 0.0164 0.0028 2.899e-09 +? 262759 0.99487 0.3731 0.0201 0.0031 4.751e-11 +? 221804 0.99487 0.375760121080043
rs6905288:G:A 6 43758873 A G 0.5735 0.0444 0.0018 9.04e-140 ++ 671554 1 0.5736 0.0609 0.0024 3.87e-144 ++ 371948 1 0.5734 0.024 0.0026 2.922e-20 ++ 304604 1 1.8365692711737e-25
rs711076:T:C 12 77905207 T C 0.6797 -0.0123 0.0018 1.489e-11 -- 694439 0.995925 0.6795 -0.0099 0.0024 4.964e-05 -- 379385 0.995925 0.6802 -0.0163 0.0027 1.919e-09 -- 315187 0.995925 0.0764548496716667
rs7134488:G:A 12 102616650 A G 0.2255 -0.0112 0.0021 1.728e-07 -- 625119 0.99947 0.2265 -0.0057 0.0028 0.04622 -- 346902 0.99947 0.2244 -0.0221 0.0032 5.662e-12 -- 278352 0.99947 0.000114808024932473
rs72754920:T:C 15 85453554 T C 0.9731 -0.0214 0.0062 0.0005718 -? 484563 0.969452 0.9732 0.0053 0.0084 0.523 +? 262759 0.969452 0.9731 -0.0555 0.0093 2.032e-09 -? 221804 0.969452 1.22472044098904e-06
rs7431827:C:G 3 99791550 C G 0.1804 0.0123 0.0023 1.658e-07 ++ 627318 0.995593 0.1811 0.0052 0.0031 0.09655 +- 349102 0.995593 0.1801 0.0231 0.0035 5.332e-11 ++ 278351 0.995593 0.000128929859646175
rs748196:T:G 17 17422768 T G 0.4663 0.0158 0.0018 1.941e-18 ++ 626583 0.995457 0.4658 0.0118 0.0024 8.723e-07 ++ 348702 0.995457 0.4664 0.0219 0.0027 4.4e-16 ++ 278016 0.995457 0.00517610986969934
rs757081:C:G 11 17351683 C G 0.6627 -0.0113 0.0018 4.025e-10 -- 693473 1 0.6632 -0.0072 0.0024 0.002939 -- 378810 1 0.6617 -0.017 0.0027 2.902e-10 -- 314796 1 0.00667135333630491
rs757608:A:G 17 59497277 A G 0.3207 0.0194 0.0018 1.095e-26 ++ 694592 1 0.3205 0.0187 0.0024 1.979e-14 ++ 379471 1 0.3208 0.0214 0.0027 2.427e-15 ++ 315254 1 0.454816522068539
rs779388:C:T 2 13085166 T C 0.556 -0.0181 0.0018 7.233e-24 -- 627275 0.997331 0.5562 -0.0165 0.0024 3.413e-12 -- 349081 0.997331 0.5558 -0.0198 0.0027 1.659e-13 -- 278329 0.997331 0.360979487243499
rs7795061:C:T 7 120933045 T C 0.3492 -0.0132 0.0019 1.941e-12 -- 625805 0.996463 0.3477 -0.0109 0.0025 1.12e-05 -- 348296 0.996463 0.3501 -0.0175 0.0028 5.704e-10 -- 277644 0.996463 0.0786996015977923
rs780159:A:G 10 80907147 A G 0.4287 -0.0163 0.0018 3.332e-20 -- 686401 0.969682 0.4289 -0.0134 0.0024 1.405e-08 -- 376075 0.969682 0.4301 -0.0216 0.0026 1.724e-16 -- 310460 0.969682 0.0204788494654953
rs797486:C:A 13 51221618 A C 0.893 0.0373 0.0026 4.379e-46 ++ 694585 0.987915 0.8936 0.0376 0.0035 4.316e-27 ++ 379476 0.987915 0.894 0.0362 0.0039 8.537e-21 ++ 315244 0.987915 0.789342972355656
rs805737:C:G 20 5664112 C G 0.859 -0.0164 0.0026 2.313e-10 -- 625912 0.993466 0.8585 -0.0129 0.0034 0.0001728 -- 348693 0.993466 0.8598 -0.0227 0.0039 4.06e-09 -- 277354 0.993466 0.0582123246204678
rs8189480:C:T 12 38345648 T C 0.4963 0.0113 0.0018 2.553e-10 ++ 627121 0.993428 0.496 0.0078 0.0024 0.001094 ++ 348998 0.993428 0.4959 0.0168 0.0027 3.827e-10 ++ 278258 0.993428 0.0127253532829109
rs863750:C:T 12 124505444 T C 0.5842 0.0373 0.0017 4.17e-101 ++ 693934 0.993593 0.5827 0.0512 0.0023 2.31e-107 ++ 379126 0.993593 0.5833 0.0185 0.0026 7.552e-13 ++ 314942 0.993593 4.5077816106911e-21
rs900399:A:G 3 156798732 A G 0.6062 0.0286 0.0018 2.475e-59 ++ 681292 0.998702 0.6059 0.0302 0.0023 6.353e-38 ++ 372237 0.998702 0.6065 0.0254 0.0026 2.659e-22 ++ 309189 0.998702 0.166737582882737
rs917304:C:G 16 4440426 C G 0.2231 0.0195 0.0022 1.423e-19 ++ 626945 0.998133 0.2235 0.0206 0.0029 6.302e-13 ++ 348905 0.998133 0.2227 0.0193 0.0032 2.037e-09 ++ 278175 0.998133 0.763394707266679
rs9341990:A:G 6 85391568 A G 0.4131 0.0151 0.0018 9.459e-17 ++ 627285 0.997719 0.4123 0.0139 0.0024 6.236e-09 ++ 349082 0.997719 0.4136 0.0178 0.0027 6.063e-11 ++ 278338 0.997719 0.280324244891913
rs9388766:T:C 6 130354855 T C 0.3132 -0.017 0.0019 3.963e-20 -- 694603 0.994722 0.3137 -0.0164 0.0025 3.191e-11 -- 379482 0.994722 0.3131 -0.0181 0.0028 4.714e-11 -- 315255 0.994722 0.650627431328459
rs951252:A:G 4 145825151 A G 0.4514 -0.0185 0.0017 3.44e-27 -- 694562 1 0.4509 -0.0162 0.0023 1.77e-12 -- 379448 1 0.4528 -0.0213 0.0025 3.74e-17 -- 315248 1 0.13327817527745
rs9515201:A:C 13 111040798 A C 0.3067 -0.0146 0.0019 5.196e-15 -- 694124 0.975822 0.3072 -0.0099 0.0025 8.523e-05 -- 379216 0.975822 0.3062 -0.0225 0.0028 5.705e-16 -- 315042 0.975822 0.000788730928774049
rs969518:C:T 5 173380346 T C 0.5775 0.0167 0.0017 7.544e-22 ++ 681675 0.996289 0.5787 0.0175 0.0023 6.074e-14 ++ 372500 0.996289 0.5788 0.0169 0.0026 4.17e-11 ++ 309310 0.996289 0.862772981018426
rs986512:G:A 2 58275666 A G 0.6368 0.0112 0.0019 1.979e-09 ++ 627076 0.991995 0.6363 0.0049 0.0025 0.05012 ++ 348962 0.991995 0.6362 0.0196 0.0028 3.083e-12 ++ 278248 0.991995 8.99658039781004e-05
