SNP Chr.ref.males Pos.ref.males A1.combined A2.combined frqA1.combined beta.combined se.combined pval.combined dir.combined nmeta.combined info.combined frqA1.females beta.females se.females pval.females dir.females nmeta.females info.females frqA1.males beta.males se.males pval.males dir.males nmeta.males info.males psexdiff
rs10028284:A:T 4 89752913 A T 0.8219 0.0166 0.0026 1.31e-10 +? 484563 0.994777 0.822 0.032 0.0035 2.783e-20 +? 262759 0.994777 0.8219 -0.0037 0.0039 0.3356 -? 221804 0.994777 9.57974985132701e-12
rs1044836:C:T 2 114464777 T C 0.1096 0.0119 0.0029 4.178e-05 ++ 627086 0.992338 0.1101 0.0183 0.0039 2.003e-06 ++ 348970 0.992338 0.1092 0.005 0.0044 0.2521 ++ 278251 0.992338 0.0236943944248951
rs10494217:G:T 1 119469188 T G 0.1703 0.022 0.0023 2.732e-21 ++ 627273 1 0.1697 0.0216 0.0031 2.562e-12 ++ 349082 1 0.1708 0.0254 0.0035 3.301e-13 ++ 278326 1 0.416359755489423
rs10773049:T:C 12 124506631 T C 0.5869 0.0373 0.0018 5.53e-101 ++ 693882 0.993402 0.5862 0.0516 0.0023 6.98e-108 ++ 379104 0.993402 0.5861 0.0184 0.0026 1.146e-12 ++ 314912 0.993402 1.13171027407353e-21
rs11263652:G:C 11 69233471 C G 0.6599 0.018 0.0019 3.148e-21 ++ 627209 0.999393 0.6573 0.0199 0.0025 3.152e-15 ++ 349049 0.999393 0.6613 0.0151 0.0029 1.221e-07 ++ 278296 0.999393 0.209971403778889
rs113740515:G:A 12 123199410 A G 0.2103 -0.028 0.0024 6e-31 -? 484563 0.99829 0.2108 -0.0425 0.0032 4.977e-39 -? 262759 0.99829 0.2096 -0.0076 0.0036 0.03432 -? 221804 0.99829 4.30153912130001e-13
rs114352248:C:T 1 23737013 T C 0.0808 0.0219 0.0037 2.136e-09 +? 484563 0.979749 0.0804 0.0276 0.0049 2.208e-08 +? 262759 0.979749 0.0813 0.0151 0.0054 0.005451 +? 221804 0.979749 0.0864809921911557
rs117449235:C:T 12 54325683 T C 0.0092 -0.0311 0.0106 0.003242 -? 484563 0.960239 0.0091 -0.0425 0.0143 0.002981 -? 262759 0.960239 0.0093 -0.017 0.0157 0.2789 -? 221804 0.960239 0.229838597213936
rs12356959:C:T 10 63902354 T C 0.3264 -0.0139 0.0021 4.034e-11 -? 484563 0.995661 0.3253 -0.0218 0.0028 1.595e-14 -? 262759 0.995661 0.3276 -0.0029 0.0031 0.3513 -? 221804 0.995661 6.05578497477736e-06
rs12478439:C:G 2 67751114 C G 0.843 -0.0209 0.0024 6.786e-18 -- 625085 0.998373 0.8433 -0.0264 0.0032 3.259e-16 -- 346886 0.998373 0.843 -0.0162 0.0036 8.82e-06 -- 278334 0.998373 0.0342038951325814
rs12491473:G:A 3 46989904 A G 0.417 -0.0156 0.002 5.605e-15 -? 484563 0.995871 0.4162 -0.022 0.0027 3.461e-16 -? 262759 0.995871 0.4178 -0.0054 0.003 0.06818 -? 221804 0.995871 3.90729355194678e-05
rs12796060:A:G 11 69168148 A G 0.8685 -0.0214 0.0028 3.093e-14 -- 603404 0.988607 0.8698 -0.028 0.0038 7.722e-14 -- 336454 0.988607 0.8648 -0.0131 0.0043 0.002593 -? 221804 0.988607 0.00941755029782843
rs12822416:C:A 12 54400228 A C 0.1619 -0.0262 0.0024 6.007e-27 -- 622280 0.993954 0.1607 -0.0323 0.0032 1.713e-23 -- 346431 0.993954 0.163 -0.0188 0.0037 3.247e-07 -- 275984 0.993954 0.00578538483027143
rs12853944:A:G 13 51211656 A G 0.8982 0.0154 0.003 1.761e-07 ++ 627237 0.984457 0.8987 0.0183 0.0039 3.405e-06 ++ 349053 0.984457 0.898 0.0106 0.0044 0.01683 ++ 278318 0.984457 0.190328770549529
rs138436155:G:C 12 123285110 C G 0.0407 0.0395 0.0052 2.727e-14 +? 484563 0.925564 0.0406 0.057 0.007 3.408e-16 +? 262759 0.925564 0.0409 0.0221 0.0077 0.004188 +? 221804 0.925564 0.00079723102389417
rs139242696:T:C 6 127414440 T C 0.9758 -0.0487 0.0066 1.561e-13 -? 484563 0.946419 0.976 -0.0594 0.0089 2.639e-11 -? 262759 0.946419 0.9756 -0.0365 0.0098 0.0002049 -? 221804 0.946419 0.0836584857060085
rs142177774:C:G 8 126467962 C G 0.9895 -0.0666 0.0103 8.905e-11 -? 484563 0.892969 0.9894 -0.115 0.0138 6.064e-17 -? 262759 0.892969 0.9897 -0.0015 0.0154 0.9244 -? 221804 0.892969 4.04684884891544e-08
rs144843366:G:A 3 129289978 A G 0.0142 0.0585 0.0083 2.279e-12 +? 484563 1 0.0141 0.0747 0.0112 2.909e-11 +? 262759 1 0.0142 0.0353 0.0124 0.004507 +? 221804 1 0.0183751135095145
rs16849663:A:G 2 165548684 A G 0.953 0.0203 0.0043 2.197e-06 ++ 667391 0.993024 0.9527 0.0387 0.0057 1.106e-11 ++ 364617 0.993024 0.9531 -0.0037 0.0064 0.5653 -- 302908 0.993024 7.52424275561367e-07
rs17036126:C:T 3 12287863 T C 0.1189 0.0243 0.0026 2.818e-21 ++ 694411 0.994761 0.119 0.0384 0.0034 5.111e-29 ++ 379369 0.994761 0.1179 0.0046 0.0038 0.2314 ++ 315177 0.994761 3.38597866731278e-11
rs17041868:T:C 2 111894720 T C 0.9222 -0.0303 0.0035 3.069e-18 -- 693988 1 0.9215 -0.04 0.0046 6.999e-18 -- 379203 1 0.9209 -0.0161 0.0051 0.001625 -- 314919 1 0.000501627991056155
rs17071399:T:C 3 64753701 T C 0.9644 0.0221 0.0047 3.166e-06 ++ 685512 0.997549 0.9641 0.034 0.0063 6.035e-08 ++ 374160 0.997549 0.9645 0.0056 0.0071 0.4288 +- 311486 0.997549 0.00277191570004301
rs17145717:G:A 7 72929608 A G 0.0621 0.027 0.0038 1.24e-12 ++ 626697 0.979328 0.0621 0.0379 0.005 3.923e-14 ++ 348769 0.979328 0.0621 0.0154 0.0057 0.006796 ++ 278063 0.979328 0.00300261404585776
rs1799815:G:A 19 7125519 A G 0.0663 -0.0245 0.004 7.468e-10 -? 484563 1 0.0662 -0.0405 0.0054 3.739e-14 -? 262759 1 0.0663 -0.0027 0.0059 0.6547 -? 221804 1 2.2886417060826e-06
rs181031465:C:T 2 165657255 T C 0.0141 0.0599 0.0088 8.91e-12 +? 484563 0.908624 0.0141 0.0998 0.0118 2.693e-17 +? 262759 0.908624 0.014 0.0095 0.0131 0.4697 +? 221804 0.908624 3.02827864384056e-07
rs1862304:C:A 3 64712944 A C 0.025 -0.0318 0.0053 2.344e-09 -- 675152 0.981124 0.025 -0.0518 0.0072 5.45e-13 -- 371816 0.981124 0.0247 -0.0058 0.0078 0.4515 +- 303352 0.981124 1.46786487290059e-05
rs187755475:G:A 3 185565425 A G 0.0021 -0.1319 0.0236 2.169e-08 -? 484563 0.825826 0.0022 -0.2109 0.0313 1.495e-11 -? 262759 0.825826 0.0021 -0.0391 0.0358 0.2752 -? 221804 0.825826 0.000302934906766065
rs1894633:A:G 1 172331059 A G 0.6613 -0.0222 0.0018 1.697e-34 -- 694239 0.995753 0.6614 -0.0298 0.0024 1.342e-34 -- 379287 0.995753 0.6607 -0.013 0.0027 1.243e-06 -- 315085 0.995753 3.31055991621273e-06
rs1902032:T:C 2 158466273 T C 0.9434 -0.0235 0.0038 7.11e-10 -- 668427 0.986377 0.9431 -0.0391 0.0051 1.922e-14 -- 365879 0.986377 0.9436 -0.0032 0.0057 0.571 -- 302682 0.986377 2.68290581393267e-06
rs1907218:T:C 10 122970216 T C 0.3057 0.0094 0.0019 4.086e-07 ++ 693467 0.994117 0.3054 0.0183 0.0025 1.975e-13 ++ 378828 0.994117 0.305 -0.0021 0.0027 0.4439 -+ 314773 0.994117 2.95690300159285e-08
rs1936807:C:G 6 127448249 C G 0.4712 -0.0408 0.0017 5.39e-126 -- 694340 0.998389 0.4706 -0.0561 0.0023 6.35e-133 -- 379324 0.998389 0.4713 -0.021 0.0025 9.036e-17 -- 315150 0.998389 5.02489636162244e-25
rs2092479:C:G 20 39204644 C G 0.679 0.0168 0.0019 1.369e-18 ++ 627003 0.995255 0.6804 0.0222 0.0025 2.465e-18 ++ 348937 0.995255 0.6784 0.0096 0.0029 0.0008533 ++ 278201 0.995255 0.000998973401026536
rs2129732:G:A 17 43197593 A G 0.2101 -0.0101 0.0021 1.244e-06 -- 682477 0.990452 0.2106 -0.0165 0.0028 4.261e-09 -- 372889 0.990452 0.2095 -6e-04 0.0031 0.8565 +- 309722 0.990452 0.000141079282247112
rs2246954:A:G 6 31265262 A G 0.4806 -0.0238 0.0018 5.2e-40 -- 625880 1 0.4835 -0.0263 0.0024 2.499e-28 -- 348220 1 0.481 -0.0217 0.0027 7.187e-16 -- 277795 1 0.202888897168397
rs2252551:A:G 6 34622676 A G 0.7908 0.0172 0.0021 5.891e-17 ++ 693232 0.999353 0.7911 0.0211 0.0028 2e-14 ++ 378632 0.999353 0.7908 0.0124 0.003 4.971e-05 ++ 314734 0.999353 0.0340009622509326
rs2290159:G:C 3 12628920 C G 0.215 -0.0188 0.0022 5.252e-18 -- 627113 1 0.2151 -0.0262 0.0029 9.9e-20 -- 348981 1 0.2149 -0.0079 0.0032 0.01465 -- 278267 1 2.26003170151492e-05
rs2303975:G:A 11 14276999 A G 0.117 -0.017 0.0026 1.061e-10 -- 694442 0.993623 0.1169 -0.0265 0.0035 7.564e-14 -- 379382 0.993623 0.1172 -0.0061 0.0039 0.1165 -- 315193 0.993623 9.90286334096287e-05
rs2494196:C:A 1 219762581 A C 0.2777 -0.0362 0.002 1.687e-73 -- 615373 0.997284 0.2772 -0.0604 0.0026 6.75e-115 -- 342603 0.997284 0.2776 -0.0013 0.003 0.6646 -- 272905 0.997284 3.99885307547073e-50
rs250302:C:G 5 118677340 C G 0.7739 -0.0178 0.0022 5.504e-16 -- 623012 0.986466 0.773 -0.0254 0.0029 2.767e-18 -- 346546 0.986466 0.7743 -0.0078 0.0033 0.01808 -- 276601 0.986466 6.17000681542572e-05
rs2509961:T:C 11 62310909 T C 0.6334 -0.0198 0.0019 2.41e-26 -- 626307 0.990388 0.6354 -0.0287 0.0025 5.805e-31 -- 348553 0.990388 0.6321 -0.0089 0.0028 0.001514 -- 277889 0.990388 1.32868416567003e-07
rs28710106:C:T 20 51712678 T C 0.1135 0.0267 0.0031 9.456e-18 +? 484563 0.995448 0.1141 0.0386 0.0042 2.769e-20 +? 262759 0.995448 0.1129 0.0115 0.0047 0.01387 +? 221804 0.995448 1.71244635518824e-05
rs34371863:C:T 12 123155683 T C 0.0697 -0.0217 0.0039 2.27e-08 -? 484563 1 0.0699 -0.0323 0.0052 5.66e-10 -? 262759 1 0.0694 -0.0096 0.0058 0.09747 -? 221804 1 0.0035672619983346
rs34980073:A:G 6 6766460 A G 0.7144 -0.0196 0.0022 3.878e-19 -? 484563 0.994136 0.7148 -0.0268 0.0029 9.505e-20 -? 262759 0.994136 0.7139 -0.0096 0.0033 0.003265 -? 221804 0.994136 9.03433392567961e-05
rs35211876:G:A 19 7185298 A G 0.3894 0.0063 0.002 0.001987 +? 484563 0.985881 0.389 0.01 0.0027 0.0002638 +? 262759 0.985881 0.3898 5e-04 0.003 0.8629 +? 221804 0.985881 0.0185843660869191
rs36184164:T:G 6 43781092 T G 0.8896 -0.0166 0.0031 1.22e-07 -? 484563 1 0.8896 -0.0254 0.0042 1.832e-09 -? 262759 1 0.8896 -0.0049 0.0047 0.2979 -? 221804 1 0.00114463124273975
rs3775389:T:C 4 89670614 T C 0.843 0.0229 0.0027 3.301e-17 +? 484563 0.998718 0.8429 0.041 0.0037 3.237e-29 +? 262759 0.998718 0.8431 4e-04 0.0041 0.921 +? 221804 0.998718 1.95990984715239e-13
rs3786893:C:G 19 33880000 C G 0.7447 -0.0068 0.002 0.0008476 -- 627094 0.998208 0.7447 -0.001 0.0027 0.7141 -+ 348982 0.998208 0.745 -0.0157 0.0031 2.969e-07 -- 278248 0.998208 0.00034915013823473
rs3786897:A:G 19 33893008 A G 0.5803 -0.0279 0.0017 2.997e-58 -- 693294 0.997489 0.5799 -0.026 0.0023 5.89e-29 -- 378774 0.997489 0.5812 -0.0318 0.0026 2.734e-35 -- 314654 0.997489 0.094753584563637
rs3805907:C:T 6 80973665 T C 0.4258 -0.0122 0.0018 1.539e-11 -- 627260 0.99764 0.424 -0.0147 0.0024 7.048e-10 -- 349069 0.99764 0.4265 -0.0096 0.0027 0.0003519 -- 278326 0.99764 0.158016764495596
rs3897379:A:G 1 219759733 A G 0.1908 0.0264 0.0022 6.993e-34 ++ 694558 1 0.1908 0.0446 0.0029 7.032e-53 ++ 379452 1 0.1909 0.0014 0.0032 0.6639 ++ 315240 1 1.47366015370242e-23
rs41355649:G:A 19 33790556 A G 0.0649 -0.0363 0.004 1.585e-19 -? 484563 1 0.0645 -0.0347 0.0054 1.515e-10 -? 262759 1 0.0653 -0.0418 0.006 2.54e-12 -? 221804 1 0.379095147362725
rs4556142:A:G 9 107734714 A G 0.3742 -0.0196 0.0019 4.523e-26 -- 627280 0.994688 0.3755 -0.0278 0.0025 1.703e-29 -- 349086 0.994688 0.3734 -0.0083 0.0028 0.002727 -- 278329 0.994688 2.04804590193105e-07
rs4641:C:T 1 156107534 T C 0.271 0.007 0.002 0.0006501 +- 650754 0.974318 0.2703 0.0152 0.0027 2.933e-08 ++ 359104 0.974318 0.2721 -0.0034 0.003 0.2654 -- 291784 0.974318 4.05733197888207e-06
rs4671176:T:G 2 67478836 T G 0.2502 0.0153 0.0021 1.243e-13 ++ 627089 0.998532 0.2501 0.0153 0.0027 1.711e-08 ++ 348981 0.998532 0.2501 0.0148 0.0031 1.641e-06 ++ 278242 0.998532 0.903195170760244
rs4687617:G:A 3 52509277 A G 0.9432 0.0397 0.0038 4.501e-25 ++ 627262 0.995868 0.9438 0.0486 0.0051 7.343e-22 ++ 349080 0.995868 0.9427 0.0291 0.0057 3.764e-07 ++ 278316 0.995868 0.0107874492546704
rs4743775:A:G 9 107727489 A G 0.7639 0.0167 0.0021 8.096e-15 ++ 627005 0.985799 0.7628 0.0211 0.0028 1.39e-13 ++ 348924 0.985799 0.7635 0.0102 0.0032 0.001493 ++ 278216 0.985799 0.0103633338157781
rs56088284:A:G 11 66899619 A G 0.9207 0.0215 0.0037 3.696e-09 +? 484563 1 0.9206 0.0302 0.0049 8.263e-10 +? 262759 1 0.9208 0.0086 0.0055 0.1144 +? 221804 1 0.00336421644600037
rs56133301:G:A 3 12476555 A G 0.0143 -0.0807 0.0085 3.541e-21 -? 484563 0.943648 0.0144 -0.1283 0.0115 6.679e-29 -? 262759 0.943648 0.0143 -0.0164 0.0127 0.1991 -? 221804 0.943648 6.52221454305091e-11
rs56188432:A:G 2 158406865 A G 0.9978 0.1469 0.0211 3.411e-12 +? 484563 1 0.9978 0.1708 0.0283 1.595e-09 +? 262759 1 0.9978 0.1018 0.0316 0.001287 +? 221804 1 0.103823328304472
rs562589155:A:C 6 127464508 A C 0.9989 -0.3008 0.0373 7.293e-16 -? 484563 0.648135 0.9989 -0.4232 0.0505 5.446e-17 -? 262759 0.648135 0.9989 -0.1242 0.0553 0.02464 -? 221804 0.648135 6.53572730468006e-05
rs591939:A:G 17 40698075 A G 0.7547 -0.0142 0.0023 6.717e-10 -? 484563 0.995919 0.7547 -0.0181 0.0031 4.394e-09 -? 262759 0.995919 0.7548 -0.0077 0.0034 0.02504 -? 221804 0.995919 0.0238004349040663
rs596700:C:A 17 27840247 A C 0.4669 0.0097 0.0017 1.534e-08 ++ 687224 0.999727 0.4666 0.0153 0.0023 2.863e-11 ++ 374281 0.999727 0.4671 0.0038 0.0025 0.1341 ++ 313078 0.999727 0.000711049947299077
rs61398800:C:T 17 17403985 T C 0.1132 0.0227 0.0031 3.671e-13 +? 484563 0.9951 0.1135 0.0313 0.0042 7.988e-14 +? 262759 0.9951 0.1129 0.0072 0.0047 0.1228 +? 221804 0.9951 0.000131586264989624
rs61739909:A:G 2 188245439 A G 0.9969 0.1382 0.0178 7.635e-15 +? 484563 1 0.997 0.1773 0.0241 2.012e-13 +? 262759 1 0.9968 0.0738 0.0263 0.005005 +? 221804 1 0.00371468853942685
rs61921763:G:C 12 54322588 C G 0.1067 0.0309 0.0032 1.584e-21 +? 484563 0.965384 0.1064 0.0421 0.0044 6.406e-22 +? 262759 0.965384 0.1072 0.019 0.0048 8.568e-05 +? 221804 0.965384 0.000388825592980896
rs61964388:G:A 13 51061980 A G 0.0952 0.0243 0.0034 1.529e-12 +? 484563 0.957551 0.095 0.032 0.0046 5.294e-12 +? 262759 0.957551 0.0954 0.0166 0.0051 0.001178 +? 221804 0.957551 0.0249439686804179
rs6633:G:T 12 123745809 T G 0.198 -0.0192 0.0023 2.111e-17 -- 613111 0.998457 0.1978 -0.0266 0.003 9.996e-19 -- 340355 0.998457 0.1983 -0.0098 0.0034 0.003766 -- 272891 0.998457 0.000211323050828642
rs66793786:T:A 3 64707880 A T 0.0362 -0.0363 0.0053 1.09e-11 -? 484563 0.975702 0.0359 -0.0461 0.0072 1.575e-10 -? 262759 0.975702 0.0366 -0.0278 0.0079 0.0004711 -? 221804 0.975702 0.0868827028055521
rs6704241:A:G 1 154814785 A G 0.641 -0.0078 0.0019 3.903e-05 -- 611468 0.996656 0.6394 -0.0088 0.0025 0.0004852 -- 339499 0.996656 0.6415 -0.0068 0.0028 0.01654 -- 272104 0.996656 0.594163300143088
rs6705646:A:G 2 165567695 A G 0.4182 0.0254 0.0017 3.971e-48 ++ 694039 0.986446 0.4185 0.0454 0.0023 7.742e-85 ++ 379177 0.986446 0.4181 -9e-04 0.0026 0.7311 +- 314996 0.986446 1.39328733310568e-40
rs672356:G:A 17 18266567 A G 0.2964 -0.0172 0.0022 1.922e-15 -? 484563 0.998709 0.2967 -0.0221 0.0029 2.944e-14 -? 262759 0.998709 0.2961 -0.0105 0.0032 0.001149 -? 221804 0.998709 0.00722962744557304
rs6744100:C:A 2 165530072 A C 0.1522 -0.0166 0.0025 5.106e-11 -- 626578 0.996384 0.1531 -0.03 0.0033 3.119e-19 -- 348697 0.996384 0.1518 0.0039 0.0038 0.3072 ++ 278016 0.996384 1.63153597321388e-11
rs6746764:G:A 2 158623784 A G 0.2682 -0.0076 0.0022 0.0006381 -? 484563 0.99118 0.2672 -0.0137 0.003 5.371e-06 -? 262759 0.99118 0.2694 0.0015 0.0033 0.6544 +? 221804 0.99118 0.000653908319295813
rs6872807:G:T 5 55966023 T G 0.3405 0.0108 0.0018 2.187e-09 ++ 694620 0.98784 0.3405 0.0176 0.0024 4.175e-13 ++ 379489 0.98784 0.3402 0.0032 0.0027 0.2311 ++ 315266 0.98784 6.71447230421592e-05
rs7100:A:G 3 49053219 A G 0.2346 -0.0206 0.0021 3.534e-22 -- 627311 0.998919 0.236 -0.0251 0.0028 5.831e-19 -- 349099 0.998919 0.2344 -0.0151 0.0032 2.164e-06 -- 278346 0.998919 0.0186827082351275
rs72628504:A:G 3 129287004 A G 0.933 -0.0388 0.0041 2.035e-21 -? 484563 0.932268 0.9329 -0.0582 0.0055 2.676e-26 -? 262759 0.932268 0.9332 -0.0148 0.0061 0.01508 -? 221804 0.932268 1.26361740185134e-07
rs73005768:A:G 6 152021049 A G 0.9574 -0.0281 0.0049 8.04e-09 -? 484563 1 0.9576 -0.035 0.0066 1.008e-07 -? 262759 1 0.9572 -0.0195 0.0073 0.007293 -? 221804 1 0.115255333295133
rs73072489:A:T 12 26438048 A T 0.9311 0.0291 0.0039 1.633e-13 +? 484563 0.971163 0.9311 0.0429 0.0053 6.481e-16 +? 262759 0.971163 0.9311 0.0092 0.0059 0.118 +? 221804 0.971163 2.14559624950631e-05
rs73226103:C:G 12 123196078 C G 0.929 0.0261 0.0039 3.024e-11 +? 484563 0.955488 0.9292 0.0453 0.0053 1.037e-17 +? 262759 0.955488 0.9288 -7e-04 0.0059 0.9012 -? 221804 0.955488 6.62910759179305e-09
rs73228032:C:A 12 123322415 A C 0.1371 0.0355 0.0029 3.001e-35 +? 484563 1 0.1378 0.0519 0.0038 2.103e-41 +? 262759 1 0.1362 0.0148 0.0043 0.0005539 +? 221804 1 1.01203966073595e-10
rs7586858:C:T 2 165573702 T C 0.1349 -0.0183 0.0024 6.825e-14 -- 688395 0.992664 0.135 -0.0293 0.0033 4.04e-19 -- 376553 0.992664 0.1342 -0.0052 0.0036 0.1539 -- 311975 0.992664 8.02175448307117e-07
rs76699125:T:C 3 64701535 T C 0.9369 0.0434 0.0041 6.144e-26 +? 484563 0.967782 0.9371 0.0589 0.0055 2.672e-26 +? 262759 0.967782 0.9366 0.0238 0.0061 0.0001063 +? 221804 0.967782 1.92426247658541e-05
rs77261529:T:A 1 119680851 A T 0.041 -0.0637 0.0045 2.117e-45 -- 550193 0.977703 0.046 -0.0693 0.0064 1.72e-27 -? 262759 0.977703 0.0455 -0.0638 0.0071 4.168e-19 -? 221804 0.977703 0.565028849210125
rs7741458:T:C 6 126292464 T C 0.3438 -0.0108 0.0019 2.244e-08 -- 591695 0.998224 0.3419 -0.0159 0.0026 5.628e-10 -- 331318 0.998224 0.3498 -0.0042 0.0031 0.1757 -? 221804 0.998224 0.00383096345061771
rs7798002:G:T 7 25860580 T G 0.1969 0.0319 0.0021 4.234e-50 ++ 694434 0.99546 0.1963 0.0441 0.0029 3.791e-53 ++ 379378 0.99546 0.1973 0.0159 0.0032 4.709e-07 ++ 315190 0.99546 6.57927450874393e-11
rs7946354:G:T 11 787679 T G 0.5633 -0.0123 0.0017 1.787e-12 -- 690890 0.994166 0.563 -0.0157 0.0023 1.571e-11 -- 377713 0.994166 0.5629 -0.0089 0.0026 0.0006141 -- 313311 0.994166 0.050122849058098
rs79634051:G:C 11 14561945 C G 0.0269 -0.0343 0.0061 2.075e-08 -? 484563 1 0.0268 -0.056 0.0082 1.074e-11 -? 262759 1 0.027 -5e-04 0.0091 0.9598 -? 221804 1 5.87604819813028e-06
rs80245809:G:A 3 129284127 A G 0.0142 -0.0571 0.0086 2.607e-11 -? 484563 0.948904 0.0144 -0.0772 0.0114 1.433e-11 -? 262759 0.948904 0.014 -0.0301 0.0129 0.0198 -? 221804 0.948904 0.0062205679133791
rs9316484:T:C 13 50645164 T C 0.7879 0.0127 0.0021 2.629e-09 ++ 681756 0.997331 0.7886 0.0178 0.0028 3.648e-10 ++ 372508 0.997331 0.7872 0.0043 0.0031 0.173 ++ 309382 0.997331 0.00123040107903036
rs9372844:C:T 6 127128781 T C 0.5007 -0.0212 0.0018 4.684e-32 -- 615306 0.998221 0.5026 -0.0305 0.0024 1.889e-37 -- 342564 0.998221 0.5004 -0.008 0.0027 0.002831 -- 272878 0.998221 4.71189666062806e-10
rs9378213:T:G 6 32448398 T G 0.5241 -0.0234 0.0017 4.369e-42 -- 690969 0.999566 0.5237 -0.0247 0.0023 9.395e-27 -- 377537 0.999566 0.5242 -0.0231 0.0026 1.226e-19 -- 313567 0.999566 0.644855312293466
rs9381254:C:T 6 43789260 T C 0.3094 -0.0182 0.0019 7.618e-21 -- 627273 0.993698 0.3113 -0.0292 0.0026 7.127e-30 -- 349075 0.993698 0.3082 -0.0034 0.0029 0.2467 -+ 278332 0.993698 3.49368921345196e-11
rs9386775:T:C 6 109561779 T C 0.5761 0.0081 0.0018 1.119e-05 ++ 592014 0.994948 0.5769 0.0124 0.0024 3.652e-07 ++ 331508 0.994948 0.5718 0.0022 0.003 0.462 +? 221804 0.994948 0.00793192353279527
rs9472138:C:T 6 43811762 T C 0.2811 -0.0206 0.0019 4.095e-28 -- 694600 1 0.2805 -0.0275 0.0025 9.531e-28 -- 379476 1 0.2816 -0.0114 0.0028 4.29e-05 -- 315258 1 1.79365034005962e-05
rs9496567:G:A 6 100602753 A G 0.2458 -0.017 0.0021 4.403e-16 -- 626860 0.991103 0.2465 -0.025 0.0028 2.096e-19 -- 348844 0.991103 0.2455 -0.0058 0.0031 0.06694 -+ 278150 0.991103 4.30165373988193e-06
rs9625645:A:G 22 29318299 A G 0.9593 -0.0496 0.0048 2.282e-25 -- 615574 0.990827 0.9584 -0.0592 0.0062 2.315e-21 -- 342711 0.990827 0.9592 -0.0379 0.0071 8.334e-08 -- 272998 0.990827 0.0238398434269425
rs9792666:A:G 9 107887738 A G 0.9603 0.0503 0.0047 3.915e-27 ++ 614388 0.969295 0.9607 0.0659 0.0061 5.781e-27 ++ 342409 0.969295 0.9603 0.0311 0.007 7.93e-06 ++ 272114 0.969295 0.000178245108833481
