SNP Chr.ref.males Pos.ref.males A1.combined A2.combined frqA1.combined beta.combined se.combined pval.combined dir.combined nmeta.combined info.combined frqA1.females beta.females se.females pval.females dir.females nmeta.females info.females frqA1.males beta.males se.males pval.males dir.males nmeta.males info.males psexdiff
rs10019888:A:G 4 26062990 A G 0.8144 -0.0201 0.0023 6.068e-18 -- 694332 0.987584 0.8133 -0.0303 0.0031 2.038e-22 -- 379327 0.987584 0.8129 -0.0066 0.0034 0.05291 -- 315139 0.987584 2.59160730520821e-07
rs10054063:A:T 5 173392398 A T 0.6208 -0.0268 0.002 1.968e-39 -- 547776 0.98038 0.6957 -0.0318 0.0029 7.126e-28 -? 262759 0.98038 0.6969 -0.0205 0.0032 2.343e-10 -? 221804 0.98038 0.00888076998626689
rs10101067:G:C 8 72407374 C G 0.0711 0.0414 0.0034 6.264e-34 ++ 627271 0.995245 0.0698 0.0535 0.0045 5.669e-33 ++ 349081 0.995245 0.0713 0.0242 0.0051 2.254e-06 ++ 278326 0.995245 1.64817828308455e-05
rs1029472:G:A 5 130867733 A G 0.9407 -0.0251 0.0042 1.744e-09 -? 484563 0.997384 0.9406 -0.0351 0.0056 3.955e-10 -? 262759 0.997384 0.9408 -0.0115 0.0062 0.06583 -? 221804 0.997384 0.00473134140000631
rs1035942:A:G 19 7199803 A G 0.2746 0.0141 0.002 2.136e-12 ++ 626240 0.997307 0.2738 0.0225 0.0027 2.246e-17 ++ 348452 0.997307 0.2751 0.0029 0.003 0.3349 ++ 277923 0.997307 1.19666838218458e-06
rs10401969:T:C 19 19407718 T C 0.9221 -0.0191 0.0033 4.496e-09 -- 682072 0.995855 0.922 -0.0257 0.0044 4.465e-09 -- 372707 0.995855 0.9223 -0.0125 0.0048 0.009359 -- 309499 0.995855 0.0426446328349717
rs1040848:T:A 6 109247307 A T 0.7569 0.0097 0.0021 3.193e-06 ++ 627286 0.998045 0.7572 0.0189 0.0028 7.143e-12 ++ 349085 0.998045 0.7565 -0.0041 0.0031 0.1912 -- 278336 0.998045 3.67239376819766e-08
rs1045241:C:T 5 118729286 T C 0.2817 -0.0185 0.0019 3.511e-22 -- 694273 0.990114 0.2822 -0.0332 0.0026 4.11e-38 -- 379319 0.990114 0.2811 8e-04 0.0029 0.7897 ++ 315088 0.990114 2.55948405131211e-18
rs10462028:G:A 4 56298300 A G 0.3237 0.0189 0.0019 2.949e-23 ++ 627124 0.99994 0.3232 0.0277 0.0025 5.007e-28 ++ 348988 0.99994 0.3244 0.0071 0.0029 0.01236 +- 278271 0.99994 7.43938391126493e-08
rs10463353:C:T 5 141710741 T C 0.3726 -0.0083 0.0019 9.726e-06 -- 626474 0.983295 0.3748 -0.0148 0.0025 2.815e-09 -- 348647 0.983295 0.3716 2e-04 0.0028 0.9351 -+ 277962 0.983295 6.4396005271604e-05
rs10463416:G:A 5 148572915 A G 0.3589 0.0137 0.0018 9.284e-14 ++ 627148 0.998324 0.3566 0.0148 0.0024 1.729e-09 ++ 349010 0.998324 0.3593 0.0119 0.0028 1.632e-05 ++ 278273 0.998324 0.431649049604504
rs10494421:C:T 1 164738727 T C 0.1202 0.0182 0.0027 7.521e-12 ++ 694218 1 0.1202 0.0238 0.0035 1.923e-11 ++ 379266 1 0.1203 0.011 0.0039 0.004923 ++ 315086 1 0.0145802190911074
rs1057119:C:G 14 23746269 C G 0.7725 0.0134 0.0022 9.169e-10 ++ 620993 1 0.7734 0.0183 0.0029 2.971e-10 ++ 346015 1 0.7722 0.0093 0.0033 0.004377 ++ 275113 1 0.040498157988891
rs1073632:G:A 16 68248607 A G 0.0425 -0.0272 0.0043 3.051e-10 -- 627185 0.999188 0.0422 -0.0371 0.0058 1.474e-10 -- 348982 0.999188 0.0429 -0.011 0.0065 0.09255 -- 278338 0.999188 0.00273506694617757
rs10761604:T:C 10 63819903 T C 0.444 0.0112 0.0017 1.574e-10 ++ 680956 0.982119 0.4444 0.0198 0.0023 3.134e-17 ++ 372022 0.982119 0.4437 -7e-04 0.0026 0.7851 -- 309067 0.982119 3.51472548161854e-09
rs1077795:A:G 19 17222584 A G 0.7415 0.0141 0.0023 4.493e-10 +? 484563 0.992648 0.7417 0.0199 0.003 6.108e-11 +? 262759 0.992648 0.7413 0.0082 0.0034 0.01559 +? 221804 0.992648 0.00987075468296816
rs10808546:C:T 8 126495818 T C 0.422 -0.0159 0.0017 1.981e-20 -- 694436 0.990671 0.4221 -0.0249 0.0023 3.367e-27 -- 379405 0.990671 0.4212 -0.0042 0.0026 0.1036 -- 315165 0.990671 2.47398464061633e-09
rs10820747:G:A 9 107686823 A G 0.2404 0.0271 0.0023 1.096e-31 +? 484563 0.995642 0.2408 0.0381 0.0031 2.723e-34 +? 262759 0.995642 0.24 0.0117 0.0035 0.0007395 +? 221804 0.995642 1.63753161664156e-08
rs10842707:C:T 12 26471364 T C 0.204 0.0343 0.0021 1.523e-62 ++ 694586 0.993975 0.2039 0.048 0.0028 4.483e-68 ++ 379463 0.993975 0.2031 0.0153 0.003 5.147e-07 ++ 315257 0.993975 1.60608718405754e-15
rs10843817:A:C 12 30865510 A C 0.7605 0.0152 0.0021 1.966e-13 ++ 627245 0.998877 0.7614 0.0175 0.0027 1.358e-10 ++ 349061 0.998877 0.7606 0.0119 0.0031 0.0001197 ++ 278319 0.998877 0.173131016597952
rs10880823:T:C 12 45986738 T C 0.7662 -0.0132 0.0021 5.653e-10 -- 626603 0.992743 0.7647 -0.0229 0.0028 5.993e-16 -- 348730 0.992743 0.7673 3e-04 0.0032 0.9329 +- 278008 0.992743 4.86483944050145e-08
rs10887759:G:A 10 89603424 A G 0.1595 0.0173 0.0024 1.058e-12 ++ 694465 0.988031 0.1593 0.0221 0.0033 1.051e-11 ++ 379406 0.988031 0.1599 0.0116 0.0036 0.001286 ++ 315193 0.988031 0.0315526117760526
rs10891290:T:C 11 111605215 T C 0.6404 0.0232 0.0019 5.866e-36 ++ 627199 0.990558 0.6448 0.0276 0.0024 2.236e-29 ++ 349034 0.990558 0.6392 0.0169 0.0028 1.034e-09 ++ 278300 0.990558 0.00371446128372565
rs10919388:A:C 1 170372503 A C 0.2729 -0.0333 0.0019 9.712e-66 -- 665612 0.991758 0.2731 -0.0437 0.0026 2.125e-63 -- 365205 0.991758 0.2729 -0.0194 0.0029 2.723e-11 -- 300542 0.991758 4.40437753352345e-10
rs10946205:A:G 6 167451311 A G 0.5324 -0.0036 0.0018 0.04757 -- 627322 0.999716 0.5314 -0.0141 0.0024 2.847e-09 -- 349103 0.999716 0.5331 0.0118 0.0027 1.068e-05 ++ 278354 0.999716 7.52210040409598e-13
rs10980797:A:G 9 113912553 A G 0.5194 -0.0182 0.002 4.515e-20 -? 484563 0.993975 0.5197 -0.0239 0.0027 2.741e-19 -? 262759 0.993975 0.519 -0.011 0.003 0.0001945 -? 221804 0.993975 0.00139267527620637
rs10992447:C:T 9 95509733 T C 0.1621 0.0218 0.0024 9.327e-20 ++ 627304 0.999489 0.1612 0.0243 0.0032 3.347e-14 ++ 349095 0.999489 0.1627 0.0178 0.0036 6.819e-07 ++ 278344 0.999489 0.17717993589198
rs11006228:G:A 10 60460025 A G 0.1983 0.0134 0.0025 5.981e-08 +? 484563 0.991984 0.1981 0.0197 0.0033 3.403e-09 +? 262759 0.991984 0.1985 0.0058 0.0037 0.1192 +? 221804 0.991984 0.0050527657401163
rs11045172:A:C 12 20470221 A C 0.8069 0.0096 0.0023 3.55e-05 ++ 621058 0.987717 0.8071 0.0188 0.0031 9.217e-10 ++ 343576 0.987717 0.8067 -0.0032 0.0035 0.354 -- 277616 0.987717 2.53354496931856e-06
rs11082430:C:G 18 42752377 C G 0.7379 0.0125 0.0021 1.549e-09 ++ 627287 0.995374 0.7363 0.0168 0.0028 1.159e-09 ++ 349082 0.995374 0.738 0.0052 0.0031 0.09369 +- 278339 0.995374 0.00548800250873648
rs11118610:A:C 1 220990086 A C 0.5688 0.0094 0.0018 1.867e-07 ++ 627250 0.991941 0.5693 0.0142 0.0024 3.146e-09 ++ 349063 0.991941 0.5688 0.0023 0.0027 0.3847 ++ 278323 0.991941 0.000987242388752465
rs11129657:T:C 3 35636709 T C 0.7925 -0.0147 0.0022 2.307e-11 -- 627182 0.989043 0.7928 -0.0185 0.0029 2.158e-10 -- 349025 0.989043 0.7923 -0.0103 0.0033 0.001691 -- 278292 0.989043 0.0619671167015741
rs11187537:G:C 10 95346805 C G 0.2633 0.0163 0.0021 2.431e-15 ++ 610077 0.9976 0.2621 0.0255 0.0027 9.549e-21 ++ 340573 0.9976 0.2688 0.0042 0.0033 0.2046 +? 221804 0.9976 5.86705801972418e-07
rs11204762:A:G 1 150999737 A G 0.7695 0.014 0.0021 3.391e-11 ++ 625850 1 0.7718 0.0175 0.0028 4e-10 ++ 348275 1 0.769 0.0085 0.0032 0.007599 ++ 277710 1 0.034291945370722
rs11235:T:C 3 52745087 T C 0.5396 -0.0222 0.0018 1.231e-36 -- 674682 0.998797 0.5402 -0.0244 0.0023 1.964e-25 -- 371150 0.998797 0.5381 -0.0213 0.0026 2.844e-16 -- 303666 0.998797 0.371838770869487
rs112907088:A:G 5 142083969 A G 0.9755 -0.0409 0.0065 2.25e-10 -? 484563 0.976021 0.9755 -0.0534 0.0087 7.648e-10 -? 262759 0.976021 0.9754 -0.0242 0.0096 0.01207 -? 221804 0.976021 0.0242065305156651
rs1139653:A:T 16 4484396 A T 0.2851 0.0181 0.002 7.492e-20 ++ 626749 1 0.2851 0.0202 0.0026 1.878e-14 ++ 348793 1 0.285 0.0164 0.003 3.51e-08 ++ 278091 1 0.338463202670839
rs114760566:C:A 6 34192036 A C 0.0432 0.0932 0.0049 9.027e-82 +? 484563 0.99322 0.0433 0.1213 0.0065 4.363e-77 +? 262759 0.99322 0.0429 0.0547 0.0073 5.662e-14 +? 221804 0.99322 9.5134466530887e-12
rs11592754:A:C 10 32619572 A C 0.8592 -0.0215 0.0025 3.223e-18 -- 694498 0.996712 0.8592 -0.0199 0.0033 1.567e-09 -- 379429 0.996712 0.8594 -0.0253 0.0036 3.688e-12 -- 315204 0.996712 0.268842877015982
rs11603150:T:C 11 36373869 T C 0.6869 0.0135 0.0021 2.332e-10 +? 484563 0.996166 0.6866 0.0228 0.0029 1.941e-15 +? 262759 0.996166 0.6873 0 0.0032 0.99 +? 221804 0.996166 1.29514239339588e-07
rs11605956:T:C 11 26212866 T C 0.6948 0.0122 0.0022 1.572e-08 +? 484563 0.98942 0.6946 0.0186 0.0029 1.277e-10 +? 262759 0.98942 0.695 0.0038 0.0032 0.2383 +? 221804 0.98942 0.000610143787085094
rs11668242:A:G 19 40836872 A G 0.2942 -0.0099 0.002 4.745e-07 -- 626738 0.998597 0.2933 -0.0155 0.0026 3.075e-09 -- 348767 0.998597 0.2946 -0.0031 0.003 0.2985 -- 278106 0.998597 0.0017870483167496
rs116911572:T:C 17 943593 T C 0.9831 0.0399 0.0077 1.956e-07 +? 484563 1 0.9832 0.0616 0.0103 2.621e-09 +? 262759 1 0.983 0.0065 0.0114 0.5676 +? 221804 1 0.000335371446519528
rs11694173:G:A 2 43590899 A G 0.1775 0.0144 0.0022 2.893e-11 ++ 694586 0.995631 0.1767 0.0217 0.0029 6.753e-14 ++ 379471 0.995631 0.177 0.0037 0.0032 0.2458 ++ 315249 0.995631 3.0721439586369e-05
rs11716727:C:T 3 12489012 T C 0.2623 0.023 0.0023 2.769e-24 +? 484563 0.981197 0.262 0.0348 0.003 3.236e-30 +? 262759 0.981197 0.2627 0.0073 0.0034 0.03034 +? 221804 0.981197 1.32064528242481e-09
rs11722554:G:A 4 5016883 A G 0.0377 -0.0334 0.0049 1.319e-11 -- 565482 1 0.0377 -0.0397 0.0066 1.424e-09 -- 317445 1 0.0375 -0.0247 0.0078 0.001501 -? 221804 1 0.14209049269722
rs11727676:T:C 4 145659064 T C 0.9107 -0.0284 0.0031 1.821e-20 -- 672053 1 0.9108 -0.0339 0.0041 2.744e-16 -- 367130 1 0.9108 -0.0203 0.0045 6.921e-06 -- 305058 1 0.0254820468246535
rs11756568:A:T 6 152042413 A T 0.7369 -0.0089 0.002 9.533e-06 -- 615417 0.998758 0.7378 -0.0158 0.0027 3.673e-09 -- 342625 0.998758 0.7369 1e-04 0.003 0.9676 +- 272927 0.998758 8.16655648545092e-05
rs11770285:C:G 7 107616011 C G 0.9006 0.0309 0.0031 7.057e-24 ++ 627284 0.997863 0.9001 0.0361 0.0041 8.463e-19 ++ 349085 0.997863 0.9005 0.024 0.0046 1.625e-07 ++ 278333 0.997863 0.0495701753586378
rs11992444:G:T 8 25464690 T G 0.5085 0.0233 0.002 5.567e-32 +? 484563 1 0.5085 0.0215 0.0027 7.288e-16 +? 262759 1 0.5084 0.0278 0.003 4.148e-21 +? 221804 1 0.118543168800573
rs12061508:G:A 1 196584468 A G 0.2111 0.0114 0.0021 1.127e-07 ++ 626460 0.994312 0.21 0.0181 0.0029 2.337e-10 ++ 348603 0.994312 0.2117 0.001 0.0032 0.7457 +- 277992 0.994312 7.50599949393555e-05
rs12138803:C:T 1 172348823 T C 0.2018 0.0254 0.0019 9.888e-39 ++ 693735 0.998836 0.2 0.0345 0.0026 6.966e-40 ++ 379001 0.998836 0.1994 0.0128 0.0029 9.88e-06 ++ 314868 0.998836 2.52651945754655e-08
rs12185233:G:C 17 43923654 C G 0.2133 0.0159 0.0021 2.227e-14 ++ 694545 1 0.2132 0.0211 0.0028 5.038e-14 ++ 379448 1 0.2132 0.0089 0.0031 0.004189 +- 313675 1 0.00349433208678576
rs12192658:G:A 6 112504240 A G 0.1009 -0.0161 0.003 7.718e-08 -- 619335 0.972857 0.0992 -0.0238 0.004 2.468e-09 -- 344885 0.972857 0.1022 -0.0041 0.0045 0.3594 -- 274586 0.972857 0.00106792633243011
rs12328675:T:C 2 165540800 T C 0.8702 0.0366 0.0026 3.007e-44 ++ 694258 0.99872 0.8703 0.0759 0.0035 8.92e-104 ++ 379304 0.99872 0.869 -0.0168 0.0039 1.421e-05 -- 315088 0.99872 5.00162837739668e-70
rs12340775:G:A 9 13226945 A G 0.0576 -0.0186 0.0041 5.324e-06 -- 605444 0.937247 0.0578 -0.0319 0.0054 4.371e-09 -- 337354 0.937247 0.0538 0.0045 0.0067 0.5061 +? 221804 0.937247 2.33706642947549e-05
rs12369214:G:A 12 107198611 A G 0.3915 0.0132 0.0019 9.975e-13 ++ 626416 0.999264 0.394 0.02 0.0025 3.985e-16 ++ 348554 0.999264 0.3909 0.004 0.0028 0.1533 +- 277997 0.999264 2.02151663008832e-05
rs12441543:G:A 15 31689543 A G 0.2896 -0.0189 0.002 8.684e-22 -- 625657 0.994264 0.2896 -0.0204 0.0026 6.379e-15 -- 348197 0.994264 0.2894 -0.0188 0.003 2.207e-10 -- 277595 0.994264 0.6869230818707
rs12454712:T:C 18 60845884 T C 0.6243 0.017 0.0018 1.326e-20 ++ 654356 1 0.6247 0.0312 0.0025 1.957e-36 ++ 358941 1 0.624 -9e-04 0.0027 0.7322 +- 295380 1 2.69495963330119e-18
rs12496583:A:G 3 123121286 A G 0.7501 -0.011 0.0019 1.57e-08 -- 692137 0.99558 0.7502 -0.0159 0.0026 1.197e-09 -- 377124 0.99558 0.7502 -0.0048 0.0029 0.09714 -- 315147 0.99558 0.00437324649630881
rs1250259:T:A 2 216300482 A T 0.7409 -0.0164 0.002 1.035e-15 -- 614270 0.993558 0.7421 -0.0218 0.0027 1.042e-15 -- 341922 0.993558 0.7399 -0.0112 0.0031 0.0002648 -- 272482 0.993558 0.0099238182918826
rs12543555:A:G 8 69562014 A G 0.8088 -0.0138 0.0022 1.788e-10 -- 694376 0.983153 0.8097 -0.0173 0.0029 2.264e-09 -- 379344 0.983153 0.8094 -0.0105 0.0032 0.001015 -- 315166 0.983153 0.115349432991402
rs12591294:T:C 15 56525994 T C 0.7849 -0.0199 0.0022 2.736e-20 -- 627115 1 0.7847 -0.0267 0.0029 1.857e-20 -- 348993 1 0.7853 -0.0112 0.0033 0.0005815 -- 278257 1 0.000418397857007007
rs12675159:G:A 8 71945274 A G 0.3243 0.0129 0.0021 8.719e-10 +? 484563 0.998573 0.3235 0.0169 0.0028 3.057e-09 +? 262759 0.998573 0.3253 0.0095 0.0031 0.00252 +? 221804 0.998573 0.0764824401346328
rs12817549:T:C 12 94121314 T C 0.5521 -0.0116 0.0017 1.349e-11 -- 694373 0.998773 0.5521 -0.0164 0.0023 1.05e-12 -- 379356 0.998773 0.5523 -0.0043 0.0026 0.09278 -- 315151 0.998773 0.000490824042465489
rs1294420:C:T 6 6742752 T C 0.5365 0.0243 0.0017 1.209e-45 ++ 694606 0.992564 0.5363 0.0293 0.0023 1.639e-37 ++ 379482 0.992564 0.537 0.0186 0.0025 3.047e-13 ++ 315258 0.992564 0.00163390807174409
rs12983546:G:T 19 2195065 T G 0.4703 -0.0135 0.002 8.303e-12 -? 484563 1 0.4704 -0.0176 0.0027 4.533e-11 -? 262759 1 0.4702 -0.0081 0.003 0.00621 -? 221804 1 0.0185843660869191
rs13107325:C:T 4 103188709 T C 0.0808 -0.0306 0.0034 3.69e-19 -- 693873 1 0.0807 -0.0345 0.0046 5.74e-14 -- 379010 1 0.082 -0.0297 0.005 4.037e-09 -- 314997 1 0.479881124864322
rs1316979:C:T 6 41708664 T C 0.065 0.029 0.0036 3.442e-16 ++ 648474 0.982503 0.0651 0.0293 0.0047 5.456e-10 ++ 358342 0.982503 0.0648 0.0251 0.0053 2.591e-06 ++ 290266 0.982503 0.55324578319922
rs13223303:T:C 7 42692711 T C 0.7072 0.014 0.0022 9.712e-11 +? 484563 0.996687 0.7067 0.0188 0.0029 1.261e-10 +? 262759 0.996687 0.7079 0.0095 0.0032 0.003417 +? 221804 0.996687 0.0312799279248405
rs13229464:C:T 7 32890237 T C 0.3163 -0.011 0.0021 2.92e-07 -? 484563 0.978246 0.316 -0.0172 0.0029 2.37e-09 -? 262759 0.978246 0.3166 -0.0038 0.0032 0.2344 -? 221804 0.978246 0.00191645480925411
rs13232403:G:A 7 20398192 A G 0.269 -0.0151 0.0022 1.767e-11 -? 484563 0.984733 0.2688 -0.0186 0.003 6.869e-10 -? 262759 0.984733 0.2693 -0.0117 0.0033 0.0004883 -? 221804 0.984733 0.121827699998635
rs13234914:A:G 7 84577411 A G 0.6587 -0.0128 0.0019 1.282e-11 -- 627209 0.998933 0.6579 -0.0164 0.0025 6.377e-11 -- 349043 0.998933 0.658 -0.0081 0.0028 0.004273 -- 278301 0.998933 0.0270239040465341
rs13256367:A:C 8 128334900 A C 0.6535 0.0182 0.0019 6.148e-22 ++ 627055 0.997213 0.6529 0.0262 0.0025 9.716e-26 ++ 348960 0.997213 0.6531 0.0082 0.0028 0.003944 ++ 278230 0.997213 1.62420587006386e-06
rs13306567:C:G 1 11860465 C G 0.9469 0.0178 0.0038 2.958e-06 ++ 692794 0.999675 0.947 0.0296 0.0051 4.692e-09 ++ 378519 0.999675 0.947 5e-04 0.0056 0.9267 -+ 314410 0.999675 0.000122065741134466
rs1334576:G:A 6 7211818 A G 0.4254 -0.0171 0.0018 3.464e-21 -- 627236 1 0.4252 -0.0152 0.0024 2.3e-10 -- 349053 1 0.4257 -0.0189 0.0027 2.466e-12 -- 278318 1 0.305727792487183
rs13404250:C:T 2 188116196 T C 0.3291 -0.0204 0.0018 7.792e-29 -- 694456 0.995215 0.3285 -0.0238 0.0025 3.438e-22 -- 379388 0.995215 0.3303 -0.0144 0.0027 1.167e-07 -- 315202 0.995215 0.0106317767327483
rs1340819:A:C 13 29145323 A C 0.6625 0.0102 0.0018 2.175e-08 ++ 692892 0.997634 0.6624 0.0149 0.0024 7.036e-10 ++ 378579 0.997634 0.6631 0.0046 0.0027 0.08719 ++ 314446 0.997634 0.0043550709619175
rs139271800:A:G 15 90214777 A G 0.9991 0.2393 0.035 8.596e-12 +? 484563 0.845768 0.9991 0.31 0.0483 1.426e-10 +? 262759 0.845768 0.999 0.1475 0.0509 0.003746 +? 221804 0.845768 0.0205672910135935
rs1396514:C:T 17 68431026 T C 0.5119 -0.0226 0.0017 1.008e-39 -- 694543 0.994604 0.5109 -0.0363 0.0023 1.542e-56 -- 379450 0.994604 0.5123 -0.0037 0.0025 0.1469 -- 315227 0.994604 8.26728243915714e-22
rs140201358:C:G 11 823586 C G 0.9868 -0.0848 0.0086 9.583e-23 -? 484563 1 0.9867 -0.0977 0.0116 3.493e-17 -? 262759 1 0.9869 -0.0692 0.013 9.118e-08 -? 221804 1 0.101887457733517
rs140664623:G:T 14 52321987 T G 0.023 -0.0366 0.0067 4.205e-08 -? 484563 0.974753 0.0229 -0.0646 0.009 7.543e-13 -? 262759 0.974753 0.0231 0.0056 0.0099 0.573 +? 221804 0.974753 1.54723620791328e-07
rs144033177:A:C 20 571467 A C 0.9848 -0.0526 0.0083 2.209e-10 -? 484563 0.950289 0.9847 -0.0898 0.0111 7.319e-16 -? 262759 0.950289 0.9848 -0.0045 0.0124 0.7183 -? 221804 0.950289 2.96815579143963e-07
rs145878042:A:G 12 48143315 A G 0.9896 0.0812 0.0097 8.07e-17 +? 484563 1 0.9897 0.1048 0.0132 1.74e-15 +? 262759 1 0.9895 0.0454 0.0145 0.001705 +? 221804 1 0.00245111884123428
rs146385050:C:A 17 60637258 A C 0.1766 0.013 0.0026 6.685e-07 +? 484563 0.979745 0.1764 0.0208 0.0035 3.323e-09 +? 262759 0.979745 0.1769 0.0015 0.0039 0.7051 +? 221804 0.979745 0.000230464323204982
rs1468602:T:C 3 43742734 T C 0.9757 0.0401 0.0056 6.623e-13 ++ 674822 0.999691 0.9758 0.0482 0.0075 1.152e-10 ++ 368907 0.999691 0.9758 0.0263 0.0082 0.001322 ++ 305932 0.999691 0.0487542002215993
rs148358468:G:A 2 219590348 A G 0.0483 0.0222 0.0046 1.697e-06 +? 484563 0.986629 0.048 0.0431 0.0062 4.853e-12 +? 262759 0.986629 0.0487 -0.008 0.0069 0.2465 -? 221804 0.986629 3.61588669936729e-08
rs150090666:C:T 11 14865399 T C 0.001 -0.2523 0.0348 3.991e-13 -? 484563 0.84963 0.001 -0.3627 0.0463 4.556e-15 -? 262759 0.84963 9e-04 -0.0838 0.0526 0.1114 -? 221804 0.84963 6.89025289812846e-05
rs1520325:C:T 4 125182690 T C 0.2288 0.0147 0.002 6.185e-13 ++ 694317 0.993907 0.2277 0.0165 0.0028 2.286e-09 ++ 379328 0.993907 0.2303 0.0131 0.003 1.494e-05 ++ 315123 0.993907 0.407370806351848
rs1522811:C:A 2 226992454 A C 0.226 -0.0129 0.0021 1.638e-09 -- 627151 0.98928 0.226 -0.0229 0.0028 5.307e-16 -- 349011 0.98928 0.2261 7e-04 0.0032 0.8201 -+ 278274 0.98928 2.85256274899423e-08
rs1534696:C:A 7 26397239 A C 0.5687 -0.0244 0.0017 3.151e-44 -- 682757 1 0.5691 -0.0395 0.0023 8.103e-64 -- 374402 1 0.5698 -0.0031 0.0026 0.2288 -+ 308489 1 1.00231228164941e-25
rs1535179:A:G 1 23639009 A G 0.9337 -0.0193 0.0036 7.277e-08 -- 627222 0.980054 0.9346 -0.0296 0.0048 4.616e-10 -- 349047 0.980054 0.933 -0.0097 0.0054 0.07105 -- 278309 0.980054 0.0058810323300706
rs1578916:C:T 7 150281975 T C 0.2384 0.0111 0.0021 1.488e-07 ++ 627249 0.999324 0.2401 0.0183 0.0028 7.399e-11 ++ 349060 0.999324 0.2375 4e-04 0.0032 0.9093 ++ 278324 0.999324 2.55680703090713e-05
rs1635853:T:G 7 28189549 T G 0.4142 0.0159 0.0017 6.36e-20 ++ 687171 0.999855 0.4142 0.0159 0.0023 7.518e-12 ++ 375440 0.999855 0.414 0.0163 0.0026 2.357e-10 ++ 311866 0.999855 0.908262629958519
rs16907277:A:G 9 93972658 A G 0.8906 -0.0228 0.0029 9.082e-15 -- 627291 0.995757 0.89 -0.0273 0.0039 2.823e-12 -- 349088 0.995757 0.8908 -0.0156 0.0044 0.0004335 -- 278337 0.995757 0.0465994686569058
rs16935416:G:A 9 17235156 A G 0.0947 -0.0197 0.0032 3.993e-10 -- 627283 0.99831 0.0955 -0.0258 0.0042 6.535e-10 -- 349085 0.99831 0.0943 -0.011 0.0047 0.02028 -- 278332 0.99831 0.0188733322343281
rs16975388:C:G 16 85261963 C G 0.7826 0.0136 0.0023 1.737e-09 ++ 623310 0.99187 0.7814 0.0185 0.003 6.032e-10 ++ 346854 0.99187 0.7824 0.0056 0.0034 0.0959 ++ 276591 0.99187 0.00444151822143244
rs16978854:G:A 19 13139660 A G 0.0374 -0.0334 0.0048 2.736e-12 -- 623343 0.993574 0.0373 -0.0415 0.0064 7.513e-11 -- 347226 0.993574 0.0377 -0.0228 0.0071 0.001425 -- 275960 0.993574 0.0504275230568327
rs17101456:A:G 10 122875040 A G 0.8791 -0.0251 0.0028 1.342e-19 -- 612070 0.998029 0.8799 -0.0368 0.0037 2.993e-23 -- 340604 0.998029 0.8773 -0.0101 0.0045 0.02372 -? 221804 0.998029 4.58225128721829e-06
rs17184382:A:C 15 63792486 A C 0.5706 0.0087 0.0017 5.769e-07 ++ 691881 1 0.5708 0.0142 0.0023 1.303e-09 ++ 378210 1 0.5698 0.0011 0.0026 0.669 -+ 313805 1 0.000160785878570521
rs17292540:G:C 9 119351429 C G 0.2239 -0.0115 0.0021 6.357e-08 -- 627311 0.999389 0.224 -0.0179 0.0028 2.142e-10 -- 349096 0.999389 0.2235 -0.0036 0.0032 0.2539 -- 278350 0.999389 0.000770788320935609
rs17326656:G:T 2 48962291 T G 0.2346 0.0153 0.0021 5.773e-13 ++ 627216 0.989881 0.2348 0.0249 0.0028 9.436e-19 ++ 349046 0.989881 0.2344 -2e-04 0.0032 0.9624 +- 278305 0.989881 3.56899522490882e-09
rs17437657:G:A 7 27249617 A G 0.0867 -0.0372 0.0033 2.071e-29 -- 620671 0.99224 0.0875 -0.0421 0.0044 4.572e-22 -- 345332 0.99224 0.0867 -0.0277 0.005 2.228e-08 -- 275474 0.99224 0.0306139425447475
rs17451107:T:C 3 156797609 T C 0.6169 0.0288 0.0018 1.569e-59 ++ 692358 0.994433 0.6167 0.0309 0.0024 3.501e-39 ++ 378494 0.994433 0.6173 0.0252 0.0026 7.54e-22 ++ 313998 0.994433 0.107198196976372
rs17457629:A:T 5 38795199 A T 0.7248 0.0118 0.002 6.411e-09 ++ 626554 0.986253 0.7241 0.0185 0.0027 8.63e-12 ++ 348702 0.986253 0.7246 0.0031 0.003 0.3086 ++ 277987 0.986253 0.000135865289740728
rs174829:A:G 3 37535577 A G 0.3523 -0.014 0.0019 6.284e-13 -- 591813 0.988313 0.3515 -0.0153 0.0026 3.004e-09 -- 331396 0.988313 0.3543 -0.0107 0.0031 0.0005645 -? 221804 0.988313 0.255567806152517
rs1800978:C:G 9 107665978 C G 0.8788 0.0262 0.0026 2.621e-23 ++ 688307 0.989117 0.8793 0.0324 0.0035 5.107e-20 ++ 377386 0.989117 0.8785 0.0183 0.0039 2.363e-06 ++ 311055 0.989117 0.00712975583316787
rs1877569:G:A 3 99224544 A G 0.1922 0.012 0.0022 5.282e-08 ++ 694321 0.99149 0.1926 0.0188 0.0029 1.522e-10 ++ 379331 0.99149 0.1921 0.004 0.0032 0.2144 ++ 315124 0.99149 0.000610143787085094
rs1902066:T:C 6 81346033 T C 0.4452 -0.018 0.0018 2.384e-23 -- 627242 0.990948 0.4457 -0.0214 0.0024 3.11e-19 -- 349062 0.990948 0.4447 -0.0139 0.0027 2.719e-07 -- 278315 0.990948 0.0378812823153869
rs1983189:A:G 5 54886681 A G 0.3161 0.017 0.0019 1.901e-18 ++ 626639 0.992196 0.3167 0.0239 0.0026 9.654e-21 ++ 348728 0.992196 0.3158 0.0064 0.0029 0.02725 ++ 278046 0.992196 7.01966211024753e-06
rs1997833:T:C 20 39690342 T C 0.7071 -0.0138 0.0019 1.63e-13 -- 694226 0.998656 0.7071 -0.0164 0.0025 7.945e-11 -- 379283 0.998656 0.7075 -0.0106 0.0028 0.0001428 -- 315076 0.998656 0.122308392850661
rs2028386:C:G 15 74226708 C G 0.4838 -0.0126 0.0018 2.753e-12 -- 626803 0.996239 0.4806 -0.0146 0.0024 8.889e-10 -- 348821 0.996239 0.4852 -0.0104 0.0027 0.0001092 -- 278118 0.996239 0.244976926734342
rs20478:G:A 13 44686064 A G 0.0983 0.0176 0.003 5.404e-09 ++ 627279 0.994624 0.0982 0.0259 0.004 1.065e-10 ++ 349083 0.994624 0.0984 0.007 0.0045 0.1207 ++ 278332 0.994624 0.0016945653670711
rs2072209:A:G 7 107592198 A G 0.9271 0.0184 0.0035 1.583e-07 ++ 615563 1 0.927 0.028 0.0046 1.604e-09 ++ 342707 1 0.927 0.0034 0.0053 0.5213 +- 272991 1 0.000455999054380735
rs2075665:A:T 9 101749943 A T 0.6245 0.0112 0.0018 1.205e-09 ++ 626947 0.996632 0.6239 0.0164 0.0025 2.13e-11 ++ 348888 0.996632 0.6256 0.004 0.0028 0.1447 ++ 278194 0.996632 0.000955070125163362
rs2153155:C:T 4 26357893 T C 0.6507 -0.0174 0.0019 4.347e-20 -- 627195 0.996105 0.6491 -0.0182 0.0025 3.659e-13 -- 349034 0.996105 0.6505 -0.0168 0.0028 3.326e-09 -- 278296 0.996105 0.709171642282525
rs2166365:A:G 5 3597830 A G 0.7777 0.0112 0.0022 3.205e-07 ++ 625641 0.978422 0.7771 0.0175 0.0029 1.943e-09 ++ 348522 0.978422 0.778 0.0043 0.0033 0.1874 +- 277254 0.978422 0.00265878231440532
rs2207132:G:A 20 39142516 A G 0.032 0.047 0.0056 5.278e-17 +? 484563 1 0.0324 0.0694 0.0075 2.219e-20 +? 262759 1 0.0316 0.0123 0.0084 0.1449 +? 221804 1 3.96563357242149e-07
rs2236519:G:A 20 45529571 A G 0.3693 0.0298 0.0019 4.071e-58 ++ 626533 0.993531 0.3679 0.0347 0.0025 6.995e-45 ++ 348658 0.993531 0.3705 0.0238 0.0028 1.254e-17 ++ 278010 0.993531 0.00368629726526134
rs2270445:A:G 17 8219478 A G 0.5119 -0.0109 0.0018 1.484e-09 -- 626836 0.983498 0.5126 -0.0166 0.0024 3.292e-12 -- 348830 0.983498 0.5121 -0.0017 0.0027 0.536 +- 278141 0.983498 3.713922523626e-05
rs2272790:G:A 22 35680095 A G 0.6941 -0.0133 0.0019 7.993e-12 -- 627192 0.998068 0.6938 -0.0153 0.0026 2.82e-09 -- 349028 0.998068 0.6946 -0.0094 0.0029 0.001287 -- 278300 0.998068 0.129819592673157
rs2277339:T:G 12 57146069 T G 0.8931 -0.0224 0.0029 2.347e-14 -- 614842 1 0.8932 -0.0232 0.0039 2.985e-09 -- 342316 1 0.8929 -0.0222 0.0044 5.161e-07 -- 272662 1 0.864948126564947
rs2294239:A:G 22 29449477 A G 0.5685 0.0243 0.0017 4.04e-44 ++ 694017 0.989833 0.568 0.0256 0.0023 4.212e-28 ++ 379173 0.989833 0.5687 0.0238 0.0026 2.839e-20 ++ 314977 0.989833 0.604084292301122
rs2300481:C:T 2 66782467 T C 0.3903 0.0145 0.0019 5.13e-15 ++ 616341 0.994999 0.3916 0.0211 0.0025 9.279e-18 ++ 342042 0.994999 0.3903 0.0063 0.0028 0.02217 ++ 274434 0.994999 8.05313276927758e-05
rs2320125:T:C 17 62008318 T C 0.3502 0.013 0.0019 4.787e-12 ++ 625910 0.998741 0.3497 0.0151 0.0025 1.361e-09 ++ 348355 0.998741 0.3504 0.0112 0.0028 7.336e-05 ++ 277690 0.998741 0.298811898456235
rs2369633:T:C 1 205181062 T C 0.0953 -0.0253 0.0031 3.426e-16 -- 625327 0.997997 0.0958 -0.0379 0.0041 3.762e-20 -- 347133 0.997997 0.0952 -0.0096 0.0047 0.04006 -+ 278328 0.997997 5.69391377529428e-06
rs2373078:C:T 2 218392555 T C 0.0999 0.0215 0.0029 1.114e-13 ++ 627188 0.986517 0.0988 0.033 0.0038 8.824e-18 ++ 349037 0.986517 0.1005 0.0052 0.0044 0.2301 +- 278285 0.986517 1.73779717828528e-06
rs244723:G:A 5 176534886 A G 0.5292 0.0211 0.002 3.28e-26 +? 484563 0.977453 0.5294 0.017 0.0027 2.858e-10 +? 262759 0.977453 0.529 0.0278 0.003 9.601e-21 +? 221804 0.977453 0.0074538012733403
rs2459732:C:T 5 4027324 T C 0.4505 -0.013 0.0018 6.271e-13 -- 627182 0.995081 0.4502 -0.018 0.0024 4.585e-14 -- 349023 0.995081 0.4501 -0.0055 0.0027 0.03953 -- 278294 0.995081 0.000539717534640753
rs2474714:A:G 10 33495983 A G 0.5666 0.0097 0.0018 9.048e-08 ++ 627233 0.998681 0.5657 0.0153 0.0024 1.547e-10 ++ 349060 0.998681 0.5671 0.0014 0.0027 0.6001 ++ 278308 0.998681 0.000119195981325571
rs2503100:A:G 6 100613915 A G 0.8345 -0.0245 0.0024 4.856e-25 -- 627198 0.998911 0.835 -0.0364 0.0031 4.051e-31 -- 349040 0.998911 0.8347 -0.0075 0.0036 0.03453 -+ 278293 0.998911 1.17807570772485e-09
rs2645294:C:T 1 119574587 T C 0.5569 0.0341 0.0017 1.107e-86 ++ 694371 0.999438 0.5574 0.0348 0.0023 2.862e-51 ++ 379355 0.999438 0.5558 0.0351 0.0026 1.148e-42 ++ 315150 0.999438 0.931130418116383
rs2682386:C:T 3 101068873 T C 0.3686 0.007 0.0018 7.217e-05 ++ 694611 0.999872 0.3687 0.0148 0.0024 3.356e-10 ++ 379486 0.999872 0.368 -0.0042 0.0026 0.1085 -- 315260 0.999872 7.88600848691402e-08
rs2701013:T:G 7 37423214 T G 0.6676 -0.0098 0.0019 2.837e-07 -- 615311 0.993304 0.6683 -0.0157 0.0025 5.848e-10 -- 342568 0.993304 0.6677 -0.0017 0.0029 0.5465 -- 272878 0.993304 0.000255720414947409
rs2791550:T:G 1 219655369 T G 0.2478 -0.037 0.0018 3.35e-93 -- 694588 0.999956 0.247 -0.0576 0.0024 1.04e-124 -- 379470 0.999956 0.2457 -0.0082 0.0027 0.002347 -- 315252 0.999956 1.43557455585322e-42
rs2836162:A:G 21 39504356 A G 0.6035 0.0146 0.0018 1.443e-16 ++ 694422 0.998331 0.6016 0.02 0.0024 1.954e-17 ++ 379379 0.998331 0.6017 0.0075 0.0026 0.004144 ++ 315177 0.998331 0.000411325162346984
rs28378811:T:G 21 46779091 T G 0.4707 0.0114 0.002 8.906e-09 +? 484563 0.987306 0.4709 0.0194 0.0027 4.084e-13 +? 262759 0.987306 0.4706 0 0.003 0.9987 -? 221804 0.987306 1.53491481718789e-06
rs28562046:C:G 9 139241595 C G 0.2431 -0.0126 0.0023 4.533e-08 -? 484563 0.997294 0.2433 -0.0191 0.0031 6.835e-10 -? 262759 0.997294 0.243 -0.0036 0.0034 0.3018 -? 221804 0.997294 0.000755046004711202
rs2925128:C:T 14 98362355 T C 0.3698 -0.0125 0.0018 1.271e-11 -- 625093 0.997937 0.3683 -0.0201 0.0024 2.396e-16 -- 346888 0.997937 0.3701 -9e-04 0.0028 0.7362 +- 278340 0.997937 1.92610961202035e-07
rs2925979:T:C 16 81534790 T C 0.2959 0.0265 0.0019 7.332e-46 ++ 692391 1 0.296 0.045 0.0025 2.286e-72 ++ 378190 1 0.2957 3e-04 0.0028 0.9165 +- 314335 1 1.07059762346773e-32
rs2993481:A:T 1 2973433 A T 0.6703 -0.0195 0.0023 1.62e-17 -- 627043 0.994582 0.6533 -0.0218 0.003 6.206e-13 -- 348954 0.994582 0.6756 -0.0168 0.0034 9.994e-07 -- 278224 0.994582 0.270156281513192
rs299615:G:A 5 34042097 A G 0.1518 -0.0148 0.0025 1.708e-09 -- 627105 1 0.1502 -0.0191 0.0033 4.804e-09 -- 348976 1 0.1524 -0.0099 0.0037 0.006906 -- 278264 1 0.0635029609134115
rs332105:G:A 2 119444229 A G 0.5547 -0.0137 0.0018 4.925e-14 -- 624989 0.982559 0.5542 -0.0191 0.0024 2.413e-15 -- 346833 0.982559 0.5538 -0.0047 0.0027 0.0847 -- 278290 0.982559 6.71447230421593e-05
rs34000:T:C 5 141973501 T C 0.6 0.014 0.0019 3.681e-14 ++ 604297 0.985019 0.6016 0.019 0.0025 1.145e-14 ++ 337124 0.985019 0.5905 0.0069 0.003 0.02245 +? 221804 0.985019 0.00194507896945015
rs34311866:T:C 4 951947 T C 0.8225 -0.0205 0.0026 2.677e-15 -? 484563 0.987254 0.8232 -0.0301 0.0035 8.735e-18 -? 262759 0.987254 0.8216 -0.0083 0.0039 0.03125 -? 221804 0.987254 3.18075505253087e-05
rs34699:G:T 5 66304225 T G 0.5804 -0.01 0.0018 2.887e-08 -- 627234 0.993628 0.5828 -0.0147 0.0024 8.338e-10 -- 349059 0.993628 0.5799 -0.003 0.0027 0.2661 -- 278310 0.993628 0.00120044773777656
rs34781:C:T 5 102454439 T C 0.3001 -0.0147 0.002 8.257e-14 -- 625110 0.99367 0.3016 -0.018 0.0026 4.247e-12 -- 346897 0.99367 0.2994 -0.013 0.0029 9.962e-06 -- 278348 0.99367 0.199232798339594
rs351407:C:T 1 212437442 T C 0.3714 -0.0114 0.0018 7.25e-10 -- 627117 0.995243 0.3708 -0.0159 0.0024 8.352e-11 -- 348995 0.995243 0.3717 -0.0051 0.0028 0.06506 -- 278257 0.995243 0.0034053480791047
rs35632432:G:A 19 4499850 A G 0.3101 -0.0116 0.0022 7.249e-08 -? 484563 0.982935 0.31 -0.0177 0.0029 9.918e-10 -? 262759 0.982935 0.3102 -0.0023 0.0032 0.4714 -? 221804 0.982935 0.000362471779213337
rs3741378:C:T 11 65408937 T C 0.144 -0.0224 0.0025 1.134e-19 -- 691070 1 0.1445 -0.0293 0.0033 8.758e-19 -- 376403 1 0.1438 -0.0146 0.0037 7.478e-05 -- 314801 1 0.00302671525405361
rs3749748:C:T 5 127350549 T C 0.236 -0.0162 0.0021 9.809e-15 -- 627302 0.991701 0.2347 -0.0176 0.0028 2.385e-10 -- 349096 0.991701 0.237 -0.0168 0.0031 7.291e-08 -- 278340 0.991701 0.848125765104152
rs3773240:C:T 3 78783084 T C 0.2328 0.0137 0.0021 1.13e-10 ++ 627262 0.994351 0.2332 0.0173 0.0028 6.391e-10 ++ 349078 0.994351 0.232 0.0097 0.0032 0.002347 ++ 278319 0.994351 0.0738777635947117
rs3792751:C:T 5 32773314 T C 0.3642 0.0136 0.0018 1.41e-14 ++ 694315 0.987811 0.3639 0.0178 0.0024 5.207e-14 ++ 379334 0.987811 0.364 0.0078 0.0026 0.002849 ++ 315115 0.987811 0.00471086828837143
rs3803042:G:A 12 54387947 A G 0.4295 0.0268 0.0018 4.841e-49 ++ 625688 0.996149 0.4304 0.0303 0.0024 5.363e-36 ++ 348241 0.996149 0.4289 0.0224 0.0027 3.08e-16 ++ 277583 0.996149 0.0287524315585451
rs3843375:G:A 3 196813908 A G 0.4047 0.0104 0.002 2.097e-07 +? 484563 0.998999 0.4062 0.0163 0.0027 1.567e-09 +? 262759 0.998999 0.4029 0.0025 0.003 0.4078 +? 221804 0.998999 0.000628163781670743
rs39312:A:C 7 116954785 A C 0.6211 -0.0148 0.0018 1.582e-16 -- 694507 0.986082 0.6204 -0.0172 0.0024 5.896e-13 -- 379425 0.986082 0.62 -0.011 0.0027 3.186e-05 -- 313660 0.986082 0.0861120418487987
rs3936510:G:T 5 55860866 T G 0.1969 0.0299 0.0022 4.623e-43 ++ 692459 1 0.1964 0.0491 0.0029 4.283e-64 ++ 378404 1 0.197 0.0038 0.0032 0.2327 ++ 314190 1 9.64393197502552e-26
rs4081724:G:A 19 33824946 A G 0.1387 -0.0396 0.0025 7.654e-56 -- 691981 0.995478 0.1389 -0.0397 0.0034 4.397e-32 -- 378081 0.995478 0.1388 -0.0401 0.0037 6.868e-27 -- 314034 0.995478 0.936553028847623
rs41277978:C:A 10 71883836 A C 0.0072 0.073 0.0117 4.705e-10 +? 484563 1 0.0072 0.1028 0.0158 6.768e-11 +? 262759 1 0.0071 0.0238 0.0175 0.174 +? 221804 1 0.000806140564740035
rs4130827:T:G 12 66430452 T G 0.7062 -0.0191 0.002 5.893e-21 -- 613722 0.976317 0.7053 -0.024 0.0027 6.686e-19 -- 341613 0.976317 0.7059 -0.0128 0.003 2.407e-05 -- 272244 0.976317 0.00552076806294531
rs4243085:G:C 15 79057723 C G 0.7578 -0.0131 0.0023 1.443e-08 -? 484563 0.995119 0.758 -0.0195 0.0031 3.597e-10 -? 262759 0.995119 0.7576 -0.0054 0.0035 0.1173 -? 221804 0.995119 0.00256352166627025
rs4246243:A:C 12 27518517 A C 0.4854 -0.0112 0.0018 3.838e-10 -- 626986 0.993194 0.4863 -0.0159 0.0024 2.285e-11 -- 348915 0.993194 0.4853 -0.0042 0.0027 0.1188 -- 278206 0.993194 0.00120044773777655
rs4285804:T:A 10 104386309 A T 0.5528 0.0109 0.0017 3.289e-10 ++ 694444 0.998651 0.5528 0.0191 0.0023 1.068e-16 ++ 379387 0.998651 0.5523 -3e-04 0.0026 0.92 +- 315191 0.998651 2.28819709251722e-08
rs4371408:A:G 20 51024233 A G 0.634 0.0164 0.0019 7.465e-19 ++ 627315 0.998615 0.6348 0.0164 0.0025 1.941e-11 ++ 349102 0.998615 0.634 0.0165 0.0028 2.829e-09 ++ 278349 0.998615 0.978746366079296
rs4372913:A:G 2 114517748 A G 0.7875 -0.0159 0.0022 2.648e-13 -- 626669 0.996809 0.7875 -0.019 0.0029 3.88e-11 -- 348723 0.996809 0.7873 -0.0107 0.0033 0.001057 -- 278081 0.996809 0.0588525076891658
rs4474021:G:T 8 12632903 T G 0.3076 0.0118 0.0019 2.437e-10 ++ 679364 1 0.3075 0.016 0.0025 1.53e-10 ++ 373137 1 0.307 0.0056 0.0028 0.04399 ++ 306360 1 0.00559487175720857
rs4531856:C:T 19 18388383 T C 0.6408 -0.0259 0.0019 1.891e-43 -- 625858 0.998293 0.6414 -0.027 0.0025 1.657e-27 -- 348225 0.998293 0.641 -0.0241 0.0028 1.052e-17 -- 277768 0.998293 0.439771995532206
rs4671193:C:T 2 67846288 T C 0.3561 -0.0182 0.0019 9.962e-23 -- 624984 0.996388 0.3555 -0.0208 0.0025 3.439e-17 -- 346831 0.996388 0.356 -0.015 0.0028 7.453e-08 -- 278288 0.996388 0.122308392850661
rs4686696:G:A 3 185516520 A G 0.3139 0.0152 0.0018 5.665e-17 ++ 693522 0.999926 0.3138 0.0188 0.0024 1.171e-14 ++ 378818 0.999926 0.3137 0.0115 0.0027 2.311e-05 ++ 314838 0.999926 0.0433032334868992
rs4871958:G:A 8 25762216 A G 0.5073 0.012 0.0017 2.871e-12 ++ 694285 0.997043 0.5076 0.0158 0.0023 5.904e-12 ++ 379290 0.997043 0.5065 0.0065 0.0025 0.009817 ++ 315129 0.997043 0.00618773791031565
rs4894803:A:G 3 171800256 A G 0.6003 0.0149 0.0018 6.168e-16 ++ 624535 0.985672 0.6013 0.0185 0.0024 3.137e-14 ++ 347816 0.985672 0.5993 0.0078 0.0028 0.004768 ++ 276854 0.985672 0.00371446128372566
rs4934618:G:A 10 34167569 A G 0.4201 0.0142 0.0018 9.421e-15 ++ 614914 0.994315 0.4196 0.0177 0.0024 3.662e-13 ++ 342346 0.994315 0.4212 0.0084 0.0027 0.002272 ++ 272703 0.994315 0.0100411242503747
rs4964656:G:C 12 108594069 C G 0.3025 -0.0159 0.002 4.937e-16 -- 625457 0.999554 0.3015 -0.0182 0.0026 2.976e-12 -- 348001 0.999554 0.3029 -0.0125 0.0029 2.143e-05 -- 277592 0.999554 0.143340437427523
rs501470:T:G 6 160770918 T G 0.5037 0.0174 0.0017 1.67e-24 ++ 692283 0.997189 0.5029 0.0247 0.0023 4.218e-27 ++ 377220 0.997189 0.503 0.0081 0.0025 0.001422 +- 315196 0.997189 1.02601648257967e-06
rs5117:T:C 19 45418790 T C 0.7666 0.0216 0.0023 3.317e-20 +? 484563 0.991319 0.7667 0.027 0.0032 1.348e-17 +? 262759 0.991319 0.7665 0.0151 0.0035 1.577e-05 +? 221804 0.991319 0.0120971395759675
rs547943994:T:C 18 30572006 T C 0.9999 0.4444 0.1018 1.278e-05 +? 484563 0.744117 0.9999 0.8765 0.1488 3.845e-09 +? 262759 0.744117 0.9999 -0.051 0.14 0.7158 -? 221804 0.744117 5.63258044008388e-06
rs552125:T:C 13 110938813 T C 0.1181 -0.018 0.0026 2.489e-12 -- 678840 0.990038 0.1183 -0.0221 0.0035 2.045e-10 -- 370720 0.990038 0.1177 -0.0127 0.0038 0.0008558 -- 308255 0.990038 0.0688342205997011
rs55747707:G:A 7 73037366 A G 0.1783 -0.0244 0.0024 3.047e-25 -- 551855 0.995534 0.1982 -0.0355 0.0033 2.19e-26 -? 262759 0.995534 0.1985 -0.0108 0.0037 0.003518 -? 221804 0.995534 6.29218872157515e-07
rs55818584:T:A 19 10332547 A T 0.2312 -0.0122 0.0024 3.223e-07 -? 484563 0.970854 0.2311 -0.0192 0.0032 1.999e-09 -? 262759 0.970854 0.2313 -0.0052 0.0035 0.1456 -? 221804 0.970854 0.00315605112623991
rs55920843:T:G 2 158412701 T G 0.9886 0.0859 0.0093 2.683e-20 +? 484563 1 0.9888 0.117 0.0126 1.894e-20 +? 262759 1 0.9884 0.0455 0.0138 0.0009357 +? 221804 1 0.000130130721671977
rs56271783:G:C 11 64004723 C G 0.0439 0.059 0.0049 1.212e-33 +? 484563 0.975925 0.0443 0.0885 0.0065 1.108e-41 +? 262759 0.975925 0.0434 0.0203 0.0073 0.005498 +? 221804 0.975925 3.00756802573773e-12
rs59043281:G:A 2 112261030 A G 0.207 -0.027 0.0025 4.429e-28 -? 484563 0.979317 0.2071 -0.0333 0.0033 5.33e-24 -? 262759 0.979317 0.2069 -0.0197 0.0037 7.272e-08 -? 221804 0.979317 0.00608547388083157
rs5997898:A:C 22 31572963 A C 0.4194 -0.0118 0.0018 8.342e-11 -- 627183 0.997851 0.42 -0.0141 0.0024 4.392e-09 -- 349032 0.997851 0.4185 -0.0074 0.0027 0.006274 -+ 278285 0.997851 0.0636415958801117
rs605066:C:T 6 139829666 T C 0.5835 -0.0242 0.0018 3.292e-40 -- 615554 0.999822 0.582 -0.0352 0.0024 3.518e-48 -- 342698 0.999822 0.5844 -0.0076 0.0027 0.005148 -- 272991 0.999822 2.16911284179576e-14
rs6062344:C:T 20 62696024 T C 0.4994 -0.0149 0.0018 6.232e-16 -- 586416 0.995297 0.5003 -0.0252 0.0025 8.181e-25 -- 328561 0.995297 0.4953 -0.0012 0.003 0.6851 -? 221804 0.995297 7.95764046780193e-10
rs62070804:C:T 17 27889643 T C 0.0177 0.0469 0.0075 4.363e-10 +? 484563 1 0.0175 0.0788 0.0102 9.661e-15 +? 262759 1 0.0179 0.0066 0.0111 0.555 +? 221804 1 1.67242665566862e-06
rs62271373:T:A 3 150066540 A T 0.0578 0.0408 0.0043 3.441e-21 +? 484563 0.957592 0.0578 0.0688 0.0058 2.22e-32 +? 262759 0.957592 0.0577 0.0015 0.0064 0.8177 +? 221804 0.957592 6.59875934884454e-15
rs62319568:A:G 4 120362961 A G 0.8557 -0.0152 0.0028 6.615e-08 -? 484563 0.9992 0.8559 -0.027 0.0038 9.657e-13 -? 262759 0.9992 0.8554 -5e-04 0.0042 0.8992 -? 221804 0.9992 2.88646477901263e-06
rs6426912:T:C 1 165321568 T C 0.1087 0.0191 0.0029 6.152e-11 ++ 605393 0.986598 0.1082 0.0252 0.0039 9.311e-11 ++ 337311 0.986598 0.1114 0.0111 0.0047 0.01791 +? 221804 0.986598 0.020961062735552
rs6498114:G:T 16 10964118 T G 0.7674 -0.0113 0.0021 1.329e-07 -- 625798 0.978697 0.7687 -0.0172 0.0028 1.466e-09 -- 348242 0.978697 0.7676 -0.0027 0.0032 0.3917 -- 277690 0.978697 0.000649359335703855
rs6688233:C:T 1 9335745 T C 0.2393 0.021 0.0021 9.638e-24 ++ 626909 0.982661 0.2382 0.028 0.0028 1.074e-23 ++ 348868 0.982661 0.2402 0.0128 0.0031 4.284e-05 ++ 278176 0.982661 0.000274021154087467
rs6691427:G:C 1 203510048 C G 0.4902 -0.0115 0.002 5.863e-09 -? 484563 0.992711 0.4899 -0.0223 0.0027 4.803e-17 -? 262759 0.992711 0.4905 0.0012 0.003 0.6964 +? 221804 0.992711 5.79839286471277e-09
rs6719428:T:C 2 66238005 T C 0.7052 -0.0209 0.002 2.426e-26 -- 627174 0.994838 0.7045 -0.0254 0.0026 2.583e-22 -- 349013 0.994838 0.7054 -0.0158 0.003 1.023e-07 -- 278296 0.994838 0.0155972840842384
rs6795831:A:C 3 129341403 A C 0.8144 0.0348 0.0023 4.905e-53 ++ 627216 0.984604 0.8163 0.052 0.003 4.652e-67 ++ 349057 0.984604 0.8135 0.0102 0.0034 0.002704 +- 278295 0.984604 3.01019005855028e-20
rs6859752:C:T 5 171851934 T C 0.3289 0.012 0.0019 3.674e-10 ++ 627209 0.998267 0.3313 0.0159 0.0025 3.632e-10 ++ 349043 0.998267 0.3283 0.008 0.0029 0.005566 +- 278301 0.998267 0.0390851590122124
rs6878122:G:A 5 76427311 A G 0.6978 -0.013 0.0019 5.302e-12 -- 692171 0.997401 0.6984 -0.0148 0.0025 4.821e-09 -- 378152 0.997401 0.6972 -0.0113 0.0028 5.215e-05 -- 314152 0.997401 0.351118439803772
rs6905288:G:A 6 43758873 A G 0.5735 0.0444 0.0018 9.04e-140 ++ 671554 1 0.5736 0.0609 0.0024 3.87e-144 ++ 371948 1 0.5734 0.024 0.0026 2.922e-20 ++ 304604 1 1.8365692711737e-25
rs6932767:G:T 6 14595873 T G 0.7926 0.0154 0.0022 4.256e-12 ++ 627215 0.998656 0.792 0.0179 0.003 1.584e-09 ++ 349051 0.998656 0.7929 0.0119 0.0033 0.000353 ++ 278299 0.998656 0.178513658005411
rs6940715:A:C 6 133601845 A C 0.8944 0.0222 0.003 6.11e-14 ++ 627196 0.996094 0.8938 0.0277 0.0039 1.437e-12 ++ 349040 0.996094 0.8941 0.0161 0.0044 0.0002597 ++ 278291 0.996094 0.048505286322472
rs695115:C:T 18 2850548 T C 0.2966 0.0126 0.0022 7.167e-09 +? 484563 0.981338 0.2963 0.0181 0.0029 6.775e-10 +? 262759 0.981338 0.297 0.0035 0.0033 0.2805 +? 221804 0.981338 0.000889478307902821
rs7014168:G:A 8 10641965 A G 0.2239 0.0148 0.0021 1.128e-12 ++ 692207 0.996136 0.2241 0.0169 0.0028 1.42e-09 ++ 377162 0.996136 0.2238 0.0111 0.0031 0.0003125 ++ 315180 0.996136 0.165000027853048
rs7020604:A:G 9 112583554 A G 0.6653 0.0129 0.0021 7.039e-10 +? 484563 0.99457 0.6646 0.0189 0.0028 2.317e-11 +? 262759 0.99457 0.6661 0.0041 0.0031 0.1934 +? 221804 0.99457 0.000395690244042086
rs7086377:T:G 10 3596526 T G 0.3952 0.0119 0.0018 6.88e-11 ++ 627258 0.997261 0.3944 0.0176 0.0024 3.601e-13 ++ 349068 0.997261 0.3952 0.0047 0.0027 0.08553 ++ 278325 0.997261 0.000355681145125046
rs7102:T:C 16 11642242 T C 0.646 -0.0115 0.0018 1.383e-10 -- 686994 0.98977 0.646 -0.0186 0.0024 1.267e-14 -- 376198 0.98977 0.647 -0.001 0.0027 0.7134 -0 310930 0.98977 1.1047333859847e-06
rs711869:G:A 2 13073967 A G 0.5566 -0.0186 0.0018 1.961e-24 -- 627083 0.981668 0.557 -0.0174 0.0024 4.828e-13 -- 348967 0.981668 0.5566 -0.0197 0.0027 4.849e-13 -- 278251 0.981668 0.524331992608284
rs7119797:C:T 11 62166235 T C 0.4891 -0.013 0.0018 5.491e-13 -- 627021 0.990757 0.4888 -0.0154 0.0024 1.134e-10 -- 348913 0.990757 0.4894 -0.0098 0.0027 0.0002986 -- 278244 0.990757 0.121097769158756
rs71363019:C:T 18 47014122 T C 0.0328 0.0336 0.0056 1.892e-09 +? 484563 0.986939 0.0331 0.0455 0.0075 1.249e-09 +? 262759 0.986939 0.0325 0.0185 0.0084 0.02784 +? 221804 0.986939 0.0165003185085573
rs71439172:G:A 2 25584162 A G 0.1437 -0.0233 0.0029 3.371e-16 -? 484563 0.963824 0.1429 -0.0294 0.0038 1.987e-14 -? 262759 0.963824 0.1447 -0.0181 0.0043 2.054e-05 -? 221804 0.963824 0.048933901928018
rs7154498:C:G 14 58762532 C G 0.2841 0.0162 0.0022 1.245e-13 +? 484563 0.997118 0.2841 0.0233 0.003 2.564e-15 +? 262759 0.997118 0.2842 0.006 0.0033 0.06836 +? 221804 0.997118 0.00010485236562035
rs7221005:T:C 17 67590431 T C 0.325 0.0084 0.0019 1.417e-05 ++ 627123 0.994475 0.3271 0.0185 0.0026 5.374e-13 ++ 349001 0.994475 0.3248 -0.0051 0.0029 0.07726 -- 278258 0.994475 1.36753654361073e-09
rs727428:T:C 17 7537792 T C 0.454 0.0158 0.0018 4.253e-18 ++ 626586 1 0.455 0.0186 0.0024 8.728e-15 ++ 348720 1 0.4538 0.0117 0.0027 1.796e-05 ++ 278001 1 0.0561272861179393
rs7279347:G:A 21 47537882 A G 0.5064 -0.0121 0.0018 1.998e-11 -- 624792 0.993164 0.5062 -0.0152 0.0024 2.494e-10 -- 347753 0.993164 0.5064 -0.0068 0.0027 0.01212 -- 277174 0.993164 0.0200573437809783
rs72801474:G:A 5 132444128 A G 0.0884 -0.0295 0.0035 2.372e-17 -? 484563 1 0.0881 -0.0314 0.0047 2.119e-11 -? 262759 1 0.0888 -0.0295 0.0052 1.21e-08 -? 221804 1 0.786337788323733
rs72837816:A:C 2 111916868 A C 0.9023 0.0248 0.0033 1.002e-13 +? 484563 0.991053 0.9022 0.0396 0.0045 9.512e-19 +? 262759 0.991053 0.9023 0.0059 0.005 0.2354 +? 221804 0.991053 5.4485908716746e-07
rs72959041:G:A 6 127454893 A G 0.0417 0.1624 0.0044 2.08e-293 ++ 549629 0.969127 0.0473 0.2165 0.0063 6.05e-255 +? 262759 0.969127 0.047 0.1009 0.0071 2.162e-46 +? 221804 0.969127 4.04427819813395e-34
rs7372321:T:C 3 64713815 T C 0.0999 -0.0314 0.003 8.808e-26 -- 623408 0.980853 0.0989 -0.0496 0.004 1.31e-35 -- 346767 0.980853 0.1006 -0.0092 0.0044 0.03922 -- 276776 0.980853 1.09070001175598e-11
rs7395513:G:A 11 69262756 A G 0.4389 -0.0214 0.002 9.351e-27 -? 484563 0.99223 0.439 -0.027 0.0027 1.103e-23 -? 262759 0.99223 0.4388 -0.0156 0.003 1.536e-07 -? 221804 0.99223 0.00473518246057228
rs7451021:T:C 6 130381246 T C 0.3183 -0.0168 0.0019 1.813e-18 -- 627084 0.99603 0.3191 -0.0177 0.0025 3.374e-12 -- 348970 0.99603 0.3178 -0.0168 0.0029 6.195e-09 -- 278248 0.99603 0.814163511715019
rs747249:A:G 11 130271647 A G 0.3589 0.0114 0.0019 1.251e-09 ++ 626947 0.985753 0.3597 0.0161 0.0025 1.019e-10 ++ 348907 0.985753 0.3583 0.0043 0.0028 0.124 ++ 276618 0.985753 0.0016688656019644
rs74809942:T:C 2 191749705 T C 0.9169 0.0204 0.0036 1.283e-08 +? 484563 0.990641 0.9169 0.0288 0.0048 2.307e-09 +? 262759 0.990641 0.9169 0.0072 0.0053 0.1752 +? 221804 0.990641 0.00252143254617754
rs7492628:C:G 14 91547136 C G 0.6801 -0.0229 0.0019 4.909e-32 -- 626927 0.981371 0.6796 -0.0287 0.0026 1.448e-28 -- 348877 0.981371 0.6807 -0.0154 0.0029 1.461e-07 -- 276629 0.981371 0.000638406938601872
rs74963256:T:C 20 51588847 T C 0.904 -0.0171 0.0034 4.769e-07 -? 484563 0.975483 0.9036 -0.0314 0.0046 6.725e-12 -? 262759 0.975483 0.9044 0.0033 0.0051 0.5143 +? 221804 0.975483 4.36324423448713e-07
rs757608:A:G 17 59497277 A G 0.3207 0.0194 0.0018 1.095e-26 ++ 694592 1 0.3205 0.0187 0.0024 1.979e-14 ++ 379471 1 0.3208 0.0214 0.0027 2.427e-15 ++ 315254 1 0.454816522068539
rs7585974:C:G 2 172377212 C G 0.1826 0.0187 0.0026 2.307e-13 +? 484563 0.995766 0.1824 0.0277 0.0034 7.283e-16 +? 262759 0.995766 0.1829 0.0071 0.0038 0.06293 +? 221804 0.995766 5.3452937208346e-05
rs76306613:G:T 7 106235348 T G 0.1401 0.0154 0.0029 8.028e-08 +? 484563 0.987037 0.14 0.0231 0.0039 1.954e-09 +? 262759 0.987037 0.1402 0.0054 0.0043 0.202 +? 221804 0.987037 0.00229599697861236
rs7679205:G:A 4 5003150 A G 0.1174 0.0142 0.0031 3.689e-06 +? 484563 0.994577 0.117 0.0244 0.0042 4.246e-09 +? 262759 0.994577 0.118 0.0032 0.0046 0.4836 +? 221804 0.994577 0.00066539400909766
rs7680787:T:C 4 122624065 T C 0.6476 0.0138 0.0018 1.171e-14 ++ 693901 1 0.6478 0.0159 0.0024 2.389e-11 ++ 379105 1 0.6477 0.0097 0.0026 0.0002677 ++ 314930 1 0.0797353673333219
rs7783857:C:G 7 130439058 C G 0.7318 -0.0157 0.0019 1.182e-16 -- 693071 0.996652 0.731 -0.0315 0.0025 4.095e-35 -- 378519 0.996652 0.7329 0.004 0.0028 0.1578 ++ 314685 0.996652 3.15622950057644e-21
rs7795371:A:G 7 77362504 A G 0.565 0.0172 0.0018 2.886e-21 ++ 627159 0.996663 0.5623 0.0218 0.0024 1.102e-19 ++ 348993 0.996663 0.5654 0.0109 0.0027 6.058e-05 ++ 278301 0.996663 0.00255021201543679
rs7813520:C:T 8 26263260 T C 0.6957 0.01 0.0019 1.175e-07 ++ 682834 0.986995 0.6957 0.0154 0.0025 1.321e-09 ++ 373073 0.986995 0.6946 0.003 0.0028 0.2825 +- 309895 0.986995 0.000955070125163362
rs7834111:T:C 8 135698274 T C 0.5755 0.0135 0.0018 9.728e-14 ++ 627295 0.998186 0.5761 0.0171 0.0024 1.004e-12 ++ 349090 0.998186 0.5756 0.0077 0.0027 0.004439 ++ 278340 0.998186 0.00926570727283856
rs7858732:A:G 9 131563540 A G 0.7513 -0.0119 0.0021 6.643e-09 -- 627178 0.997354 0.7516 -0.016 0.0027 4.223e-09 -- 349015 0.997354 0.7514 -0.0055 0.0031 0.07809 -- 278298 0.997354 0.0106448200970118
rs7903146:C:T 10 114758349 T C 0.2798 0.0181 0.0019 9.913e-22 ++ 694542 1 0.2786 0.0216 0.0025 1.543e-17 ++ 379446 1 0.2804 0.0148 0.0028 1.06e-07 ++ 315230 1 0.0700537629685637
rs7932891:A:G 11 10921512 A G 0.2954 0.0141 0.002 1.39e-12 ++ 626262 0.998727 0.2959 0.0172 0.0026 6.605e-11 ++ 348519 0.998727 0.2953 0.0118 0.003 6.763e-05 +- 277879 0.998727 0.173753877977182
rs7954697:C:A 12 125335253 A C 0.6096 0.0098 0.0017 1.933e-08 ++ 692435 1 0.6107 0.0161 0.0023 4.594e-12 ++ 378235 1 0.6105 9e-04 0.0026 0.7117 ++ 314333 1 1.19362435612594e-05
rs797486:C:A 13 51221618 A C 0.893 0.0373 0.0026 4.379e-46 ++ 694585 0.987915 0.8936 0.0376 0.0035 4.316e-27 ++ 379476 0.987915 0.894 0.0362 0.0039 8.537e-21 ++ 315244 0.987915 0.789342972355656
rs7993238:A:C 13 22473593 A C 0.6498 -0.012 0.0019 1.683e-10 -- 627052 0.971194 0.6519 -0.0147 0.0025 3.888e-09 -- 348949 0.971194 0.6492 -0.0086 0.0028 0.00238 -+ 278239 0.971194 0.104145838265085
rs8054299:C:G 16 53498655 C G 0.6861 0.0146 0.0019 5.788e-14 ++ 615528 0.999166 0.6859 0.0205 0.0026 1.873e-15 ++ 342676 0.999166 0.6859 0.007 0.0029 0.01572 ++ 272987 0.999166 0.000528068562526042
rs805768:C:T 20 5666891 T C 0.2391 0.0179 0.0023 1.646e-14 +? 484563 0.987885 0.24 0.0184 0.0031 4.653e-09 +? 262759 0.987885 0.238 0.0205 0.0035 4.385e-09 +? 221804 0.987885 0.653321355869656
rs8073599:T:C 17 65367094 T C 0.3648 0.0102 0.0018 2.542e-08 ++ 693867 0.980649 0.3659 0.0143 0.0024 4.277e-09 ++ 379108 0.980649 0.366 0.005 0.0027 0.06765 ++ 314892 0.980649 0.0100411242503747
rs8074638:G:A 17 53731579 A G 0.191 0.0157 0.0023 2.118e-11 ++ 626827 0.977124 0.1919 0.021 0.0031 1.563e-11 ++ 348843 0.977124 0.1908 0.0084 0.0035 0.01615 ++ 278118 0.977124 0.00704060718658026
rs8078513:C:A 17 17431208 A C 0.0523 0.029 0.0041 1.11e-12 ++ 623786 0.967673 0.0526 0.0422 0.0055 1.28e-14 ++ 346979 0.967673 0.0519 0.0124 0.0061 0.04291 ++ 276942 0.967673 0.000285386809136168
rs8079062:A:G 17 74255029 A G 0.921 -0.0285 0.0033 1.13e-17 -- 613960 0.994364 0.922 -0.0394 0.0044 2.994e-19 -- 341679 0.994364 0.9203 -0.0128 0.005 0.0101 -+ 272416 0.994364 6.50238387386113e-05
rs8086644:G:A 18 60788559 A G 0.1718 0.0111 0.0024 5.655e-06 ++ 626400 0.982871 0.1726 0.0189 0.0032 4.97e-09 ++ 348602 0.982871 0.1714 0.0016 0.0037 0.6562 -+ 277933 0.982871 0.000405452858992959
rs8094261:G:C 18 20746728 C G 0.7942 0.0187 0.0022 6.437e-18 ++ 694444 0.997866 0.7938 0.0187 0.0029 1.385e-10 ++ 379380 0.997866 0.794 0.0202 0.0032 2.589e-10 ++ 315197 0.997866 0.728337681166778
rs8103017:C:G 19 55999142 C G 0.7044 -0.0196 0.0022 2.98e-19 -? 484563 0.980636 0.7047 -0.0226 0.0029 1.475e-14 -? 262759 0.980636 0.704 -0.0144 0.0033 1.019e-05 -? 221804 0.980636 0.0619671167015741
rs821107:A:C 8 89500663 A C 0.292 0.0154 0.0022 1.493e-12 +? 484563 0.993438 0.2919 0.0208 0.0029 1.186e-12 +? 262759 0.993438 0.2921 0.0091 0.0032 0.004921 +? 221804 0.993438 0.0067438850886319
rs881299:T:C 8 38332249 T C 0.5888 -0.0098 0.002 8.887e-07 -? 484563 0.999298 0.5885 -0.0162 0.0027 1.894e-09 -? 262759 0.999298 0.5892 -0.0023 0.003 0.4384 -? 221804 0.999298 0.000573325083441938
rs890498:C:G 15 42111298 C G 0.6554 -0.0151 0.0019 2.939e-15 -- 626086 0.998264 0.6539 -0.0205 0.0025 5.272e-16 -- 348420 0.998264 0.6557 -0.0077 0.0029 0.006807 -- 277801 0.998264 0.000828627097584673
rs905938:T:C 1 154991389 T C 0.7233 0.0243 0.002 1.345e-35 ++ 692430 1 0.7232 0.0322 0.0026 1.408e-34 ++ 378295 1 0.7237 0.0151 0.0029 2.47e-07 ++ 314265 1 1.13146387595544e-05
rs910382:G:A 20 51699189 A G 0.4937 -0.0187 0.0018 2.757e-25 -- 625776 0.991927 0.4926 -0.0255 0.0024 8.896e-27 -- 348291 0.991927 0.4942 -0.0093 0.0027 0.0005634 -- 277620 0.991927 7.31002177390043e-06
rs917191:G:C 7 80570871 C G 0.5706 0.0138 0.0018 5.113e-14 ++ 626903 0.980862 0.5697 0.022 0.0024 1.042e-19 ++ 348874 0.980862 0.5702 0.0018 0.0027 0.5152 ++ 278164 0.980862 2.24819556611073e-08
rs931619:A:G 5 178514729 A G 0.3572 0.0095 0.0018 1.411e-07 ++ 694614 0.997304 0.358 0.0145 0.0024 1.957e-09 ++ 379480 0.997304 0.3591 0.0032 0.0027 0.2405 +- 315268 0.997304 0.0017597239391155
rs9415106:G:A 10 77295957 A G 0.7138 0.0142 0.002 9.781e-13 ++ 627049 1 0.7127 0.0172 0.0026 6.705e-11 ++ 348956 1 0.7145 0.0122 0.003 4.129e-05 ++ 278228 1 0.207856358271114
rs9436299:C:A 1 65892888 A C 0.6602 0.0105 0.002 6.841e-08 ++ 625431 0.969509 0.6571 0.0172 0.0026 2.931e-11 ++ 348011 0.969509 0.6615 0.0013 0.0029 0.6457 -+ 277555 0.969509 4.45932343569934e-05
rs952632:A:G 12 124469738 A G 0.6579 0.0397 0.0019 5.13e-97 ++ 627110 0.997857 0.6568 0.0563 0.0025 2.8e-111 ++ 348976 0.997857 0.6571 0.0145 0.0028 3.526e-07 ++ 278269 0.997857 8.40028878081596e-29
rs954244:C:G 2 121309231 C G 0.7544 -0.0093 0.0021 9.132e-06 -- 614029 1 0.7557 -0.0205 0.0028 1.969e-13 -- 341605 1 0.7538 0.0076 0.0032 0.01667 ++ 272559 1 3.88065505552288e-11
rs9644033:A:T 8 23610639 A T 0.7545 0.0222 0.0021 3.404e-26 ++ 626939 0.997191 0.7544 0.0379 0.0028 3.001e-42 ++ 348884 0.997191 0.754 -6e-04 0.0031 0.8404 +- 278190 0.997191 3.07139126166896e-20
rs9674436:A:G 16 1342841 A G 0.4658 0.0082 0.002 4.092e-05 +? 484563 0.982151 0.465 0.0171 0.0027 1.705e-10 +? 262759 0.982151 0.4667 -0.0029 0.003 0.3269 -? 221804 0.982151 7.22208881750607e-07
rs9678859:A:G 2 100288478 A G 0.1816 0.0188 0.0023 7.97e-16 ++ 627274 0.99681 0.1818 0.0228 0.0031 1.618e-13 ++ 349079 0.99681 0.1817 0.0144 0.0035 3.825e-05 ++ 278330 0.99681 0.0723972964069529
rs979012:T:C 20 6623374 T C 0.3637 0.0246 0.0018 4.362e-43 ++ 694504 0.997822 0.3636 0.0204 0.0024 1.904e-17 ++ 379427 0.997822 0.3637 0.0321 0.0027 1.401e-33 ++ 315211 0.997822 0.00120044773777656
rs9848655:G:A 3 138108352 A G 0.1565 0.0187 0.0023 1.609e-15 ++ 694461 0.997751 0.1564 0.0288 0.0031 4.297e-20 ++ 379427 0.997751 0.1566 0.0071 0.0035 0.03977 ++ 315168 0.997751 3.46313333474839e-06
rs9871235:G:A 3 107494345 A G 0.6143 0.0095 0.0018 5.811e-08 ++ 692900 0.992979 0.6148 0.0144 0.0024 9.592e-10 ++ 378798 0.992979 0.6137 0.004 0.0026 0.1229 ++ 314235 0.992979 0.00329046029888518
rs988799:G:C 4 106126413 C G 0.7895 -0.0137 0.0022 3.546e-10 -- 626953 0.997878 0.789 -0.0229 0.0029 3.136e-15 -- 348893 0.997878 0.7901 0 0.0033 0.988 +- 278196 0.997878 1.86182867381687e-07
rs9892728:C:T 17 40913366 T C 0.4506 0.0133 0.002 2.181e-11 +? 484563 0.998282 0.4501 0.0198 0.0027 1.243e-13 +? 262759 0.998282 0.4512 0.0042 0.003 0.1584 +? 221804 0.998282 0.000111030246139578
rs9991328:C:T 4 89713121 T C 0.4737 0.0259 0.0017 1.039e-51 ++ 694488 0.996777 0.4739 0.0405 0.0023 5.335e-70 ++ 379411 0.996777 0.4738 0.0087 0.0025 0.000617 ++ 315211 0.996777 7.89537974940158e-21
