SNP Chr.ref.males Pos.ref.males A1.combined A2.combined frqA1.combined beta.combined se.combined pval.combined dir.combined nmeta.combined info.combined frqA1.females beta.females se.females pval.females dir.females nmeta.females info.females frqA1.males beta.males se.males pval.males dir.males nmeta.males info.males psexdiff
rs10171315:G:A 2 25582791 A G 0.0782 0.024 0.0032 5.575e-14 ++ 675110 0.996833 0.0782 0.0279 0.0043 8.194e-11 ++ 369836 0.996833 0.0773 0.0225 0.0047 1.415e-06 ++ 305408 0.996833 0.396609899147521
rs1023692:T:C 2 67868756 T C 0.24 0.0068 0.0021 0.00148 ++ 626776 0.989369 0.2412 0.0125 0.0028 9.178e-06 ++ 348821 0.989369 0.2389 0 0.0032 0.9905 -+ 278090 0.989369 0.00328474284727738
rs10747523:T:C 12 48219735 T C 0.4412 -0.0122 0.002 1.21e-09 -? 484563 0.984528 0.441 -0.0129 0.0027 1.596e-06 -? 262759 0.984528 0.4415 -0.0104 0.003 0.0005224 -? 221804 0.984528 0.535645117096076
rs10761604:T:C 10 63819903 T C 0.444 0.0112 0.0017 1.574e-10 ++ 680956 0.982119 0.4444 0.0198 0.0023 3.134e-17 ++ 372022 0.982119 0.4437 -7e-04 0.0026 0.7851 -- 309067 0.982119 3.51472548161854e-09
rs10784510:T:C 12 66422753 T C 0.6784 0.0149 0.0019 9.117e-16 ++ 693198 0.994028 0.6781 0.0156 0.0025 3.007e-10 ++ 378623 0.994028 0.6777 0.0141 0.0027 2.563e-07 ++ 314709 0.994028 0.683534454836176
rs10865972:C:A 3 52491447 A C 0.9431 0.0375 0.0036 7.491e-25 ++ 688806 0.997653 0.9435 0.0461 0.0049 3.679e-21 ++ 377019 0.997653 0.9428 0.0278 0.0054 2.845e-07 ++ 311921 0.997653 0.0120841778371114
rs10940505:A:C 5 55797753 A C 0.9342 -0.0202 0.0036 2.413e-08 -- 627262 0.998442 0.9346 -0.0159 0.0048 0.0008672 -- 349073 0.998442 0.9341 -0.0254 0.0054 2.762e-06 -- 278323 0.998442 0.18854796163029
rs10991555:C:T 9 107880034 T C 0.0377 -0.0511 0.0048 9.697e-27 -- 610822 0.97019 0.0375 -0.066 0.0063 5.06e-26 -- 340617 0.97019 0.0384 -0.0365 0.0078 2.721e-06 -? 221804 0.97019 0.00325875235348476
rs11060344:A:G 12 123329101 A G 0.8628 -0.0356 0.0029 1.636e-35 -? 484563 0.997866 0.8621 -0.0521 0.0039 1.146e-41 -? 262759 0.997866 0.8637 -0.0149 0.0043 0.0004999 -? 221804 0.997866 1.47362664880267e-10
rs11118352:G:T 1 219756559 T G 0.8096 -0.0274 0.0023 3.401e-33 -- 627281 0.999017 0.8096 -0.0448 0.003 8.261e-50 -- 349076 0.999017 0.8095 -0.0017 0.0034 0.6084 -- 278340 0.999017 1.9947696971044e-21
rs113135335:T:G 2 111887754 T G 0.9009 0.0251 0.0033 4.511e-14 +? 484563 0.983776 0.9008 0.0393 0.0045 1.351e-18 +? 262759 0.983776 0.9011 0.0074 0.005 0.1347 +? 221804 0.983776 2.11392375211666e-06
rs115631825:A:G 2 165559101 A G 0.8678 -0.0385 0.0045 1.662e-17 -- 546457 1 0.9546 -0.0665 0.0064 2.211e-25 -? 262759 1 0.9546 -0.0089 0.0071 0.2076 -? 221804 1 1.68189171191749e-09
rs116934048:G:T 15 68347069 T G 0.0442 0.0241 0.0048 6.122e-07 +? 484563 0.993459 0.044 0.0362 0.0065 2.784e-08 +? 262759 0.993459 0.0444 0.0124 0.0072 0.08392 +? 221804 0.993459 0.014143096517945
rs11726981:A:C 4 125220708 A C 0.724 -0.0149 0.002 1.26e-13 -- 627230 0.991933 0.7244 -0.0138 0.0027 2.313e-07 -- 349057 0.991933 0.7231 -0.0169 0.003 1.851e-08 -- 278308 0.991933 0.442445231824625
rs11727676:T:C 4 145659064 T C 0.9107 -0.0284 0.0031 1.821e-20 -- 672053 1 0.9108 -0.0339 0.0041 2.744e-16 -- 367130 1 0.9108 -0.0203 0.0045 6.921e-06 -- 305058 1 0.0254820468246535
rs118049275:A:C 13 51242200 A C 0.9929 -0.0959 0.012 1.563e-15 -? 484563 0.957857 0.993 -0.0978 0.0163 2.008e-09 -? 262759 0.957857 0.9928 -0.0938 0.0178 1.385e-07 -? 221804 0.957857 0.868369522173969
rs11917361:C:A 3 47070497 A C 0.4074 -0.0148 0.0017 2.124e-17 -- 693226 0.999736 0.407 -0.0179 0.0023 1.619e-14 -- 378768 0.999736 0.4083 -0.0087 0.0026 0.0007191 -- 314591 0.999736 0.00804213901950827
rs12139690:A:G 1 119491316 A G 0.5981 -0.0212 0.0022 6.8e-22 -- 694625 0.999847 0.6014 -0.0203 0.003 9.283e-12 -- 379486 0.999847 0.5883 -0.0251 0.0033 1.889e-14 -- 315273 0.999847 0.281803628576277
rs12478439:C:G 2 67751114 C G 0.843 -0.0209 0.0024 6.786e-18 -- 625085 0.998373 0.8433 -0.0264 0.0032 3.259e-16 -- 346886 0.998373 0.843 -0.0162 0.0036 8.82e-06 -- 278334 0.998373 0.0342038951325814
rs12672425:G:T 7 25939723 T G 0.1851 0.0195 0.0022 1.096e-18 ++ 693958 0.976441 0.1857 0.0229 0.003 1.053e-14 ++ 379135 0.976441 0.1841 0.0154 0.0033 2.686e-06 ++ 314957 0.976441 0.0926305231798479
rs12952950:C:T 17 43456769 T C 0.397 -0.0115 0.0018 3.46e-10 -- 627015 1 0.3969 -0.0141 0.0024 6.649e-09 -- 348945 1 0.3974 -0.0057 0.0027 0.03582 -- 278204 1 0.0200573437809783
rs13056562:C:T 22 30677722 T C 0.1275 0.0226 0.003 3.8e-14 +? 484563 0.980267 0.1275 0.0214 0.004 1.082e-07 +? 262759 0.980267 0.1275 0.0255 0.0045 1.119e-08 +? 221804 0.980267 0.495888616231751
rs13101575:A:G 4 123617561 A G 0.7492 0.0109 0.0021 1.096e-07 ++ 627059 0.994429 0.7495 0.0082 0.0027 0.002868 ++ 348958 0.994429 0.7487 0.0142 0.0031 4.107e-06 ++ 278236 0.994429 0.144424029522812
rs13406620:C:T 2 66028199 T C 0.1657 0.0153 0.0024 1.487e-10 ++ 627263 0.994815 0.165 0.0139 0.0032 1.213e-05 ++ 349072 0.994815 0.1662 0.0176 0.0036 9.449e-07 ++ 278326 0.994815 0.442385784982898
rs138436155:G:C 12 123285110 C G 0.0407 0.0395 0.0052 2.727e-14 +? 484563 0.925564 0.0406 0.057 0.007 3.408e-16 +? 262759 0.925564 0.0409 0.0221 0.0077 0.004188 +? 221804 0.925564 0.00079723102389417
rs142177774:C:G 8 126467962 C G 0.9895 -0.0666 0.0103 8.905e-11 -? 484563 0.892969 0.9894 -0.115 0.0138 6.064e-17 -? 262759 0.892969 0.9897 -0.0015 0.0154 0.9244 -? 221804 0.892969 4.04684884891544e-08
rs144843366:G:A 3 129289978 A G 0.0142 0.0585 0.0083 2.279e-12 +? 484563 1 0.0141 0.0747 0.0112 2.909e-11 +? 262759 1 0.0142 0.0353 0.0124 0.004507 +? 221804 1 0.0183751135095145
rs150090666:C:T 11 14865399 T C 0.001 -0.2523 0.0348 3.991e-13 -? 484563 0.84963 0.001 -0.3627 0.0463 4.556e-15 -? 262759 0.84963 9e-04 -0.0838 0.0526 0.1114 -? 221804 0.84963 6.89025289812846e-05
rs1534696:C:A 7 26397239 A C 0.5687 -0.0244 0.0017 3.151e-44 -- 682757 1 0.5691 -0.0395 0.0023 8.103e-64 -- 374402 1 0.5698 -0.0031 0.0026 0.2288 -+ 308489 1 1.00231228164941e-25
rs1544474:A:G 7 107612629 A G 0.5421 -0.0161 0.0017 7.108e-21 -- 679325 1 0.5422 -0.0155 0.0023 1.839e-11 -- 371237 1 0.5418 -0.0171 0.0026 3.194e-11 -- 308222 1 0.644855312293466
rs1609725:T:C 12 124754676 T C 0.0688 0.0254 0.0034 1.567e-13 ++ 694229 0.986047 0.0689 0.0242 0.0046 1.76e-07 ++ 379233 0.986047 0.0689 0.0239 0.0051 2.499e-06 ++ 315129 0.986047 0.965159025752048
rs17036126:C:T 3 12287863 T C 0.1189 0.0243 0.0026 2.818e-21 ++ 694411 0.994761 0.119 0.0384 0.0034 5.111e-29 ++ 379369 0.994761 0.1179 0.0046 0.0038 0.2314 ++ 315177 0.994761 3.38597866731278e-11
rs17145717:G:A 7 72929608 A G 0.0621 0.027 0.0038 1.24e-12 ++ 626697 0.979328 0.0621 0.0379 0.005 3.923e-14 ++ 348769 0.979328 0.0621 0.0154 0.0057 0.006796 ++ 278063 0.979328 0.00300261404585776
rs17361886:G:A 1 172137019 A G 0.2514 -0.0143 0.0019 1.745e-13 -- 626875 0.99452 0.2435 -0.0155 0.0026 1.555e-09 -- 348863 0.99452 0.2533 -0.0136 0.0029 2.764e-06 -- 278148 0.99452 0.62567638201365
rs17437657:G:A 7 27249617 A G 0.0867 -0.0372 0.0033 2.071e-29 -- 620671 0.99224 0.0875 -0.0421 0.0044 4.572e-22 -- 345332 0.99224 0.0867 -0.0277 0.005 2.228e-08 -- 275474 0.99224 0.0306139425447475
rs180960888:G:A 2 188270259 A G 0.0031 -0.1471 0.019 9.151e-15 -? 484563 0.878262 0.003 -0.1877 0.0258 3.24e-13 -? 262759 0.878262 0.0032 -0.0779 0.028 0.005436 -? 221804 0.878262 0.00392849216679164
rs181173530:C:G 6 127367923 C G 0.9897 -0.1659 0.0101 2.178e-60 -? 484563 0.934218 0.9898 -0.2055 0.0137 5.197e-51 -? 262759 0.934218 0.9896 -0.1174 0.015 5.567e-15 -? 221804 0.934218 1.44607901588182e-05
rs1862304:C:A 3 64712944 A C 0.025 -0.0318 0.0053 2.344e-09 -- 675152 0.981124 0.025 -0.0518 0.0072 5.45e-13 -- 371816 0.981124 0.0247 -0.0058 0.0078 0.4515 +- 303352 0.981124 1.46786487290059e-05
rs1883711:G:C 20 39179822 C G 0.03 0.0493 0.0058 1.311e-17 ++ 538289 0.959907 0.0305 0.0721 0.0079 5.785e-20 +? 262759 0.959907 0.0298 0.0163 0.0089 0.06534 +? 221804 0.959907 2.74664045371069e-06
rs1894633:A:G 1 172331059 A G 0.6613 -0.0222 0.0018 1.697e-34 -- 694239 0.995753 0.6614 -0.0298 0.0024 1.342e-34 -- 379287 0.995753 0.6607 -0.013 0.0027 1.243e-06 -- 315085 0.995753 3.31055991621273e-06
rs1899663:C:A 12 54360994 A C 0.3101 0.0112 0.002 1.354e-08 ++ 625312 0.997761 0.3103 0.0131 0.0026 5.695e-07 ++ 347918 0.997761 0.3093 0.0095 0.0029 0.001228 ++ 277529 0.997761 0.355333734928122
rs1902032:T:C 2 158466273 T C 0.9434 -0.0235 0.0038 7.11e-10 -- 668427 0.986377 0.9431 -0.0391 0.0051 1.922e-14 -- 365879 0.986377 0.9436 -0.0032 0.0057 0.571 -- 302682 0.986377 2.68290581393267e-06
rs1902066:T:C 6 81346033 T C 0.4452 -0.018 0.0018 2.384e-23 -- 627242 0.990948 0.4457 -0.0214 0.0024 3.11e-19 -- 349062 0.990948 0.4447 -0.0139 0.0027 2.719e-07 -- 278315 0.990948 0.0378812823153869
rs2050595:T:A 1 219746646 A T 0.5143 0.0147 0.0018 2.657e-16 ++ 627231 0.998644 0.5143 0.0232 0.0024 1.157e-22 ++ 349049 0.998644 0.5143 0.0021 0.0027 0.4368 +- 278317 0.998644 5.19303447236157e-09
rs2062204:A:C 2 67472545 A C 0.2415 0.0158 0.0021 2.623e-14 ++ 627163 0.99115 0.2413 0.016 0.0028 6.455e-09 ++ 349013 0.99115 0.2415 0.0147 0.0031 2.395e-06 ++ 278285 0.99115 0.755645288420593
rs2067087:G:C 7 27241660 C G 0.7177 -0.0178 0.0019 2.447e-20 -- 689394 0.971624 0.7175 -0.0135 0.0026 1.917e-07 -- 375749 0.971624 0.718 -0.0226 0.0028 1.78e-15 -- 313780 0.971624 0.0172385998935447
rs2227831:A:G 5 76023494 A G 0.9533 -0.0258 0.0043 1.651e-09 -- 678751 0.995947 0.9531 -0.0199 0.0057 0.0005057 -- 370631 0.995947 0.9533 -0.0315 0.0063 6.869e-07 -- 308254 0.995947 0.172137583915181
rs2267846:G:A 3 48556339 A G 0.29 -0.0189 0.0019 1.181e-22 -- 694165 0.974614 0.2904 -0.0193 0.0026 7.649e-14 -- 379244 0.974614 0.2914 -0.0183 0.0029 1.757e-10 -- 315054 0.974614 0.797373250528393
rs2489631:C:A 6 127490599 A C 0.5628 0.0403 0.0017 2.03e-122 ++ 694616 0.999276 0.5634 0.0538 0.0023 2.98e-121 ++ 379483 0.999276 0.5625 0.0228 0.0025 3.37e-19 ++ 315267 0.999276 7.13765133726905e-20
rs250302:C:G 5 118677340 C G 0.7739 -0.0178 0.0022 5.504e-16 -- 623012 0.986466 0.773 -0.0254 0.0029 2.767e-18 -- 346546 0.986466 0.7743 -0.0078 0.0033 0.01808 -- 276601 0.986466 6.17000681542572e-05
rs2509967:C:G 11 62312786 C G 0.6338 -0.0199 0.0019 1.41e-26 -- 626343 0.991433 0.6358 -0.0284 0.0025 1.818e-30 -- 348572 0.991433 0.6324 -0.009 0.0028 0.001221 -- 277906 0.991433 2.36255181730444e-07
rs2603275:C:G 2 158518238 C G 0.1347 -0.0188 0.0026 1.237e-12 -- 626274 0.975963 0.1339 -0.0203 0.0035 6.894e-09 -- 348080 0.975963 0.135 -0.0169 0.004 1.886e-05 -- 278330 0.975963 0.522374034106345
rs2834456:G:A 21 35710290 A G 0.5498 0.0074 0.0018 3.873e-05 ++ 627246 1 0.5503 0.0131 0.0024 3.883e-08 ++ 349063 1 0.5495 -1e-04 0.0027 0.9784 +- 278318 1 0.000258185146036688
rs28768122:T:C 12 123885974 T C 0.2465 -0.0227 0.0023 3.512e-23 -? 484563 0.995745 0.2467 -0.0298 0.0031 4.339e-22 -? 262759 0.995745 0.2462 -0.0144 0.0034 2.734e-05 -? 221804 0.995745 0.000816808104324394
rs307058:G:A 4 124029279 A G 0.7595 0.0104 0.0021 8.034e-07 ++ 625084 0.999447 0.7593 0.0148 0.0028 1.193e-07 ++ 346883 0.999447 0.759 0.0039 0.0031 0.213 ++ 278336 0.999447 0.0090720068097783
rs3094621:T:C 6 30328753 T C 0.7521 0.0292 0.0027 6.353e-27 ++ 612738 1 0.771 0.0244 0.0037 4.339e-11 ++ 325495 1 0.7302 0.0372 0.004 1.438e-20 ++ 287242 1 0.0188179316920181
rs35565646:G:A 15 40660515 A G 0.1687 0.0181 0.0026 7.168e-12 +? 484563 0.996311 0.1688 0.0216 0.0036 1.295e-09 +? 262759 0.996311 0.1686 0.0132 0.0039 0.0007951 +? 221804 0.996311 0.113500445627334
rs35576166:T:A 12 123155218 A T 0.0716 -0.0216 0.0039 2.36e-08 -? 484563 0.98328 0.0719 -0.0311 0.0052 2.093e-09 -? 262759 0.98328 0.0712 -0.0112 0.0058 0.05165 -? 221804 0.98328 0.0106296627158527
rs36184164:T:G 6 43781092 T G 0.8896 -0.0166 0.0031 1.22e-07 -? 484563 1 0.8896 -0.0254 0.0042 1.832e-09 -? 262759 1 0.8896 -0.0049 0.0047 0.2979 -? 221804 1 0.00114463124273975
rs3812126:C:T 6 80952701 T C 0.4278 -0.0125 0.0018 4.81e-12 -- 627288 1 0.426 -0.0146 0.0024 8.498e-10 -- 349083 1 0.4283 -0.0099 0.0027 0.0002307 -- 278339 1 0.193242760761846
rs38911:G:A 7 116895163 A G 0.4749 0.0133 0.0018 1.469e-13 ++ 627177 0.992152 0.4755 0.016 0.0024 1.765e-11 ++ 349031 0.992152 0.4744 0.0096 0.0027 0.0003744 ++ 276725 0.992152 0.0764548496716666
rs3922628:T:A 12 123209295 A T 0.2113 -0.0283 0.0024 1.809e-31 -? 484563 0.989359 0.2118 -0.0429 0.0033 1.369e-39 -? 262759 0.989359 0.2106 -0.008 0.0036 0.02759 -? 221804 0.989359 8.91482097690916e-13
rs411136:G:A 6 33408542 A G 0.4121 -0.0116 0.0017 3.964e-11 -- 692102 0.999516 0.4117 -0.0088 0.0023 0.0001518 -- 378608 0.999516 0.4128 -0.0141 0.0026 4.244e-08 -- 313627 0.999516 0.126810581203554
rs41355649:G:A 19 33790556 A G 0.0649 -0.0363 0.004 1.585e-19 -? 484563 1 0.0645 -0.0347 0.0054 1.515e-10 -? 262759 1 0.0653 -0.0418 0.006 2.54e-12 -? 221804 1 0.379095147362725
rs4297487:A:G 11 69229628 A G 0.3382 -0.0183 0.0019 1.536e-21 -- 627184 0.99282 0.3413 -0.0198 0.0025 4.211e-15 -- 349035 0.99282 0.3372 -0.0152 0.0029 1.063e-07 -- 278284 0.99282 0.229592623662393
rs4556142:A:G 9 107734714 A G 0.3742 -0.0196 0.0019 4.523e-26 -- 627280 0.994688 0.3755 -0.0278 0.0025 1.703e-29 -- 349086 0.994688 0.3734 -0.0083 0.0028 0.002727 -- 278329 0.994688 2.04804590193105e-07
rs455660:T:C 5 55816888 T C 0.1771 0.0279 0.0022 1.784e-37 ++ 688138 0.992325 0.1763 0.0233 0.0029 1.654e-15 ++ 376796 0.992325 0.177 0.0363 0.0032 2.557e-29 ++ 311477 0.992325 0.00261024581458045
rs4670748:C:T 2 37886778 T C 0.2632 0.0117 0.002 1.042e-08 ++ 627047 0.980567 0.2636 0.01 0.0027 0.0002343 ++ 348951 0.980567 0.2627 0.0151 0.0031 8.511e-07 ++ 278230 0.980567 0.214758781359114
rs4689977:A:G 4 5022496 A G 0.1491 0.0153 0.0024 1.365e-10 ++ 682159 0.994384 0.149 0.0164 0.0032 2.629e-07 ++ 372701 0.994384 0.1488 0.0148 0.0035 2.921e-05 ++ 309591 0.994384 0.735826992413686
rs4743775:A:G 9 107727489 A G 0.7639 0.0167 0.0021 8.096e-15 ++ 627005 0.985799 0.7628 0.0211 0.0028 1.39e-13 ++ 348924 0.985799 0.7635 0.0102 0.0032 0.001493 ++ 278216 0.985799 0.0103633338157781
rs4959402:C:T 6 6771096 T C 0.2661 0.0184 0.002 1.772e-19 ++ 627304 0.996448 0.2668 0.0233 0.0027 6.312e-18 ++ 349097 0.996448 0.2664 0.0119 0.0031 9.536e-05 ++ 278342 0.996448 0.00555294481264139
rs56133301:G:A 3 12476555 A G 0.0143 -0.0807 0.0085 3.541e-21 -? 484563 0.943648 0.0144 -0.1283 0.0115 6.679e-29 -? 262759 0.943648 0.0143 -0.0164 0.0127 0.1991 -? 221804 0.943648 6.52221454305091e-11
rs56188432:A:G 2 158406865 A G 0.9978 0.1469 0.0211 3.411e-12 +? 484563 1 0.9978 0.1708 0.0283 1.595e-09 +? 262759 1 0.9978 0.1018 0.0316 0.001287 +? 221804 1 0.103823328304472
rs561890148:G:A 6 34237192 A G 0.0071 0.1579 0.0162 2.339e-22 +? 484563 0.526219 0.0072 0.1787 0.0216 1.418e-16 +? 262759 0.526219 0.007 0.1293 0.0246 1.401e-07 +? 221804 0.526219 0.131301409814974
rs5762906:T:C 22 29338235 T C 0.956 -0.0483 0.0046 1.305e-25 -- 627274 0.986263 0.9556 -0.0554 0.0062 2.375e-19 -- 349086 0.986263 0.9567 -0.0398 0.007 1.287e-08 -- 278324 0.986263 0.0952597137742755
rs596700:C:A 17 27840247 A C 0.4669 0.0097 0.0017 1.534e-08 ++ 687224 0.999727 0.4666 0.0153 0.0023 2.863e-11 ++ 374281 0.999727 0.4671 0.0038 0.0025 0.1341 ++ 313078 0.999727 0.000711049947299077
rs61783470:G:A 1 9351491 A G 0.1258 -0.0196 0.003 4.765e-11 -? 484563 0.991633 0.1257 -0.0238 0.004 3.203e-09 -? 262759 0.991633 0.126 -0.0134 0.0044 0.002573 -? 221804 0.991633 0.0802997897934491
rs61921763:G:C 12 54322588 C G 0.1067 0.0309 0.0032 1.584e-21 +? 484563 0.965384 0.1064 0.0421 0.0044 6.406e-22 +? 262759 0.965384 0.1072 0.019 0.0048 8.568e-05 +? 221804 0.965384 0.000388825592980896
rs61964388:G:A 13 51061980 A G 0.0952 0.0243 0.0034 1.529e-12 +? 484563 0.957551 0.095 0.032 0.0046 5.294e-12 +? 262759 0.957551 0.0954 0.0166 0.0051 0.001178 +? 221804 0.957551 0.0249439686804179
rs62508530:A:T 8 72491404 A T 0.9709 -0.0359 0.0059 1.166e-09 -? 484563 0.986903 0.9708 -0.0389 0.0079 9.879e-07 -? 262759 0.986903 0.9709 -0.031 0.0088 0.0004404 -? 221804 0.986903 0.504114551190897
rs628413:T:C 13 51187575 T C 0.1667 -0.0118 0.0024 1.319e-06 -- 627258 0.988371 0.1673 -0.0127 0.0032 9.479e-05 -- 349078 0.988371 0.1665 -0.0097 0.0036 0.008147 -- 278315 0.988371 0.533388947519627
rs638722:T:C 1 23697617 T C 0.8106 -0.0124 0.0023 6.091e-08 -- 627245 0.996647 0.8105 -0.0159 0.003 1.666e-07 -- 349062 0.996647 0.8104 -0.0088 0.0034 0.0101 -- 278318 0.996647 0.117386576992802
rs667515:G:C 11 69449076 C G 0.3812 0.0114 0.0019 2.22e-09 ++ 623589 0.988286 0.381 0.0083 0.0025 0.001075 ++ 347043 0.988286 0.3814 0.0165 0.0029 7.326e-09 ++ 276681 0.988286 0.0322223044570499
rs66793786:T:A 3 64707880 A T 0.0362 -0.0363 0.0053 1.09e-11 -? 484563 0.975702 0.0359 -0.0461 0.0072 1.575e-10 -? 262759 0.975702 0.0366 -0.0278 0.0079 0.0004711 -? 221804 0.975702 0.0868827028055521
rs6704449:A:T 1 154814992 A T 0.649 -0.0078 0.0019 3.912e-05 -- 613665 0.999159 0.6479 -0.0083 0.0025 0.0009824 -- 341694 0.999159 0.6493 -0.0073 0.0028 0.009853 -+ 272107 0.999159 0.789926307851445
rs672356:G:A 17 18266567 A G 0.2964 -0.0172 0.0022 1.922e-15 -? 484563 0.998709 0.2967 -0.0221 0.0029 2.944e-14 -? 262759 0.998709 0.2961 -0.0105 0.0032 0.001149 -? 221804 0.998709 0.00722962744557304
rs6766666:G:T 3 12690855 T G 0.1889 -0.0205 0.0023 3.007e-19 -- 627257 0.999205 0.1891 -0.0279 0.003 2.5e-20 -- 349069 0.999205 0.1887 -0.0095 0.0034 0.005386 -- 278323 0.999205 4.95062022288648e-05
rs67809146:T:C 20 45507912 T C 0.6843 0.0301 0.0021 4.76e-45 +? 484563 0.984795 0.6847 0.0324 0.0029 3.122e-29 +? 262759 0.984795 0.6839 0.0289 0.0032 1.4e-19 +? 221804 0.984795 0.41767901806514
rs6932930:G:A 6 34677103 A G 0.7841 0.0166 0.002 3.595e-16 ++ 693217 1 0.7847 0.0198 0.0027 2.473e-13 ++ 378626 1 0.7843 0.0124 0.003 3.948e-05 ++ 314724 1 0.0667343561875443
rs6933271:T:G 6 30867830 T G 0.9885 -0.0611 0.0082 8.939e-14 -- 595866 1 0.9887 -0.0671 0.0107 3.516e-10 -- 333411 1 0.9879 -0.0425 0.0134 0.001558 -? 221804 1 0.15140705890941
rs6949451:C:T 7 27215041 T C 0.4499 0.0069 0.0018 0.0001417 ++ 624343 0.997051 0.4486 0.0126 0.0024 1.473e-07 ++ 347811 0.997051 0.4502 -3e-04 0.0027 0.8983 +- 276667 0.997051 0.000355681145125047
rs7108119:C:T 11 69150850 T C 0.2083 0.0177 0.0023 3.309e-15 ++ 618086 0.996203 0.2088 0.0205 0.003 7.392e-12 ++ 344100 0.996203 0.2081 0.0141 0.0034 2.962e-05 ++ 274121 0.996203 0.158109171618268
rs7250175:C:T 19 33988482 T C 0.4261 -0.0127 0.0018 3.58e-12 -- 627132 0.982248 0.427 -0.0167 0.0024 5.098e-12 -- 349008 0.982248 0.426 -0.0069 0.0027 0.01191 -- 278258 0.982248 0.00667135333630492
rs7251505:G:A 19 33802542 A G 0.0935 -0.0455 0.003 1.258e-51 -- 691217 0.997892 0.0935 -0.0448 0.004 1.266e-28 -- 377953 0.997892 0.0936 -0.0465 0.0045 1.585e-25 -- 313398 0.997892 0.77767159901655
rs72628504:A:G 3 129287004 A G 0.933 -0.0388 0.0041 2.035e-21 -? 484563 0.932268 0.9329 -0.0582 0.0055 2.676e-26 -? 262759 0.932268 0.9332 -0.0148 0.0061 0.01508 -? 221804 0.932268 1.26361740185134e-07
rs72823216:G:A 6 6744700 A G 0.0595 0.0159 0.0038 2.747e-05 ++ 551838 0.981245 0.0658 0.0169 0.0054 0.001707 +? 262759 0.981245 0.0666 0.0167 0.006 0.005009 +? 221804 0.981245 0.980233258286455
rs72957091:T:C 6 127397559 T C 0.8333 -0.1072 0.0047 2.64e-114 -- 551752 0.979235 0.9596 -0.143 0.0068 7.99e-98 -? 262759 0.979235 0.9597 -0.0716 0.0076 2.895e-21 -? 221804 0.979235 2.53514946926503e-12
rs7307277:A:G 12 124475156 A G 0.6556 0.0382 0.0018 7.63e-99 ++ 694291 0.997565 0.6561 0.0542 0.0024 6.63e-110 ++ 379281 0.997565 0.6545 0.0152 0.0027 1.612e-08 ++ 315142 0.997565 3.59870233532251e-27
rs73226103:C:G 12 123196078 C G 0.929 0.0261 0.0039 3.024e-11 +? 484563 0.955488 0.9292 0.0453 0.0053 1.037e-17 +? 262759 0.955488 0.9288 -7e-04 0.0059 0.9012 -? 221804 0.955488 6.62910759179305e-09
rs7372321:T:C 3 64713815 T C 0.0999 -0.0314 0.003 8.808e-26 -- 623408 0.980853 0.0989 -0.0496 0.004 1.31e-35 -- 346767 0.980853 0.1006 -0.0092 0.0044 0.03922 -- 276776 0.980853 1.09070001175598e-11
rs7479183:T:G 11 801776 T G 0.4864 0.0156 0.002 2.845e-15 +? 484563 0.997083 0.4861 0.0175 0.0027 5.426e-11 +? 262759 0.997083 0.4868 0.0154 0.003 1.779e-07 +? 221804 0.997083 0.602850382680621
rs7534091:A:G 1 118864616 A G 0.7202 0.0171 0.0019 1.398e-18 ++ 692250 0.99869 0.7198 0.0139 0.0026 9.272e-08 ++ 377209 0.99869 0.7198 0.0225 0.0029 7.351e-15 ++ 315174 0.99869 0.0272419370427583
rs75584603:G:C 7 27264718 C G 0.0188 0.0532 0.0073 3.331e-13 +? 484563 0.985969 0.0189 0.0565 0.0098 8.961e-09 +? 262759 0.985969 0.0188 0.0488 0.0109 7.819e-06 +? 221804 0.985969 0.599361504104251
rs7607980:T:C 2 165551201 T C 0.87 0.0367 0.0026 1.419e-44 ++ 694262 0.997546 0.8702 0.0757 0.0035 2.12e-103 ++ 379307 0.997546 0.8689 -0.0163 0.0039 2.46e-05 -- 315089 0.997546 5.30612485194834e-69
rs76699125:T:C 3 64701535 T C 0.9369 0.0434 0.0041 6.144e-26 +? 484563 0.967782 0.9371 0.0589 0.0055 2.672e-26 +? 262759 0.967782 0.9366 0.0238 0.0061 0.0001063 +? 221804 0.967782 1.92426247658541e-05
rs77097175:C:A 6 127472589 A C 0.0233 0.0464 0.006 7.165e-15 ++ 544013 1 0.0254 0.0558 0.0084 3.472e-11 +? 262759 1 0.0257 0.0373 0.0093 6.108e-05 +? 221804 1 0.1398833159134
rs77261529:T:A 1 119680851 A T 0.041 -0.0637 0.0045 2.117e-45 -- 550193 0.977703 0.046 -0.0693 0.0064 1.72e-27 -? 262759 0.977703 0.0455 -0.0638 0.0071 4.168e-19 -? 221804 0.977703 0.565028849210125
rs7753502:T:C 6 127205732 T C 0.495 0.0208 0.0017 1.291e-33 ++ 693786 0.993595 0.4945 0.0295 0.0023 1.609e-37 ++ 379029 0.993595 0.4941 0.009 0.0026 0.0004203 ++ 314891 0.993595 3.51472548161857e-09
rs7823561:A:C 8 25641764 A C 0.653 0.0139 0.0019 2.612e-13 ++ 627042 0.986948 0.6518 0.0156 0.0025 6.401e-10 ++ 348948 0.986948 0.6532 0.0115 0.0028 4.749e-05 ++ 278229 0.986948 0.274716260931465
rs79634051:G:C 11 14561945 C G 0.0269 -0.0343 0.0061 2.075e-08 -? 484563 1 0.0268 -0.056 0.0082 1.074e-11 -? 262759 1 0.027 -5e-04 0.0091 0.9598 -? 221804 1 5.87604819813028e-06
rs79904243:T:G 6 81444898 T G 0.9711 0.0422 0.006 2.197e-12 +? 484563 0.958226 0.9712 0.0455 0.0081 1.963e-08 +? 262759 0.958226 0.971 0.0373 0.009 3.236e-05 +? 221804 0.958226 0.498264124525543
rs80245809:G:A 3 129284127 A G 0.0142 -0.0571 0.0086 2.607e-11 -? 484563 0.948904 0.0144 -0.0772 0.0114 1.433e-11 -? 262759 0.948904 0.014 -0.0301 0.0129 0.0198 -? 221804 0.948904 0.0062205679133791
rs8111582:A:T 19 18588800 A T 0.7909 0.0131 0.0022 2.437e-09 ++ 627172 0.997404 0.7915 0.0148 0.0029 4.23e-07 ++ 349019 0.997404 0.7906 0.0101 0.0033 0.002279 +- 278289 0.997404 0.284690921687544
rs9316484:T:C 13 50645164 T C 0.7879 0.0127 0.0021 2.629e-09 ++ 681756 0.997331 0.7886 0.0178 0.0028 3.648e-10 ++ 372508 0.997331 0.7872 0.0043 0.0031 0.173 ++ 309382 0.997331 0.00123040107903036
rs9378213:T:G 6 32448398 T G 0.5241 -0.0234 0.0017 4.369e-42 -- 690969 0.999566 0.5237 -0.0247 0.0023 9.395e-27 -- 377537 0.999566 0.5242 -0.0231 0.0026 1.226e-19 -- 313567 0.999566 0.644855312293466
rs9381254:C:T 6 43789260 T C 0.3094 -0.0182 0.0019 7.618e-21 -- 627273 0.993698 0.3113 -0.0292 0.0026 7.127e-30 -- 349075 0.993698 0.3082 -0.0034 0.0029 0.2467 -+ 278332 0.993698 3.49368921345196e-11
rs9472138:C:T 6 43811762 T C 0.2811 -0.0206 0.0019 4.095e-28 -- 694600 1 0.2805 -0.0275 0.0025 9.531e-28 -- 379476 1 0.2816 -0.0114 0.0028 4.29e-05 -- 315258 1 1.79365034005962e-05
