SNP Chr.ref.males Pos.ref.males A1.combined A2.combined frqA1.combined beta.combined se.combined pval.combined dir.combined nmeta.combined info.combined frqA1.females beta.females se.females pval.females dir.females nmeta.females info.females frqA1.males beta.males se.males pval.males dir.males nmeta.males info.males psexdiff
rs12133982:T:C 1 119464002 T C 0.8353 -0.0213 0.0022 5.069e-22 -- 694514 0.997938 0.8357 -0.0201 0.003 1.024e-11 -- 379432 0.997938 0.8355 -0.0254 0.0033 9.029e-15 -- 315216 0.997938 0.234680344591615
rs12194148:G:T 6 32444198 T G 0.4751 0.0234 0.0017 3.777e-41 ++ 672853 0.999959 0.476 0.0242 0.0023 1.619e-25 ++ 368899 0.999959 0.475 0.0235 0.0026 1.246e-19 ++ 304089 0.999959 0.840188070260131
rs144014730:G:A 6 81088425 A G 8e-04 -0.1592 0.0362 1.067e-05 -? 484563 0.930235 8e-04 -0.0564 0.0476 0.2357 -? 262759 0.930235 7e-04 -0.3286 0.0555 3.174e-09 -? 221804 0.930235 0.000197001954488397
rs150487860:G:A 20 33945899 A G 0.0362 -0.0251 0.0054 3.632e-06 -? 484563 0.956636 0.0362 -0.0145 0.0073 0.04661 -? 262759 0.956636 0.0362 -0.039 0.0081 1.385e-06 -? 221804 0.956636 0.0246492587801964
rs2489629:C:T 6 127476717 T C 0.5626 0.0403 0.0017 3.16e-122 ++ 694559 0.99965 0.5632 0.0539 0.0023 1.08e-121 ++ 379453 0.99965 0.5624 0.0229 0.0025 2.275e-19 ++ 315240 0.99965 7.13765133726905e-20
rs3095527:A:G 13 51170755 A G 0.8118 -0.0168 0.0023 3.013e-13 -- 627033 1 0.812 -0.0087 0.0031 0.004405 -- 348971 1 0.8119 -0.029 0.0034 2.912e-17 -- 278197 1 1.02419608176564e-05
rs41355649:G:A 19 33790556 A G 0.0649 -0.0363 0.004 1.585e-19 -? 484563 1 0.0645 -0.0347 0.0054 1.515e-10 -? 262759 1 0.0653 -0.0418 0.006 2.54e-12 -? 221804 1 0.379095147362725
rs7251505:G:A 19 33802542 A G 0.0935 -0.0455 0.003 1.258e-51 -- 691217 0.997892 0.0935 -0.0448 0.004 1.266e-28 -- 377953 0.997892 0.0936 -0.0465 0.0045 1.585e-25 -- 313398 0.997892 0.77767159901655
rs72754143:A:G 5 55796628 A G 0.9318 -0.0218 0.0039 2.472e-08 -? 484563 0.998115 0.9318 -0.0166 0.0053 0.001595 -? 262759 0.998115 0.9318 -0.0283 0.0058 1.312e-06 -? 221804 0.998115 0.13644852610848
rs7534091:A:G 1 118864616 A G 0.7202 0.0171 0.0019 1.398e-18 ++ 692250 0.99869 0.7198 0.0139 0.0026 9.272e-08 ++ 377209 0.99869 0.7198 0.0225 0.0029 7.351e-15 ++ 315174 0.99869 0.0272419370427583
rs76833264:G:C 8 25428178 C G 0.0416 -0.0321 0.005 9.576e-11 -? 484563 0.991987 0.0415 -0.0257 0.0067 0.0001153 -? 262759 0.991987 0.0417 -0.0417 0.0074 1.697e-08 -? 221804 0.991987 0.108977188868473
