SNP	Chr	Pos	A1	A2	whradjbmi.beta	whradjbmi.se.combined	whradjbmi.pval.combined	whradjbmi.dir.combined	whradjbmi.nmeta.combined	psexdiff	bf.combined.INFO	bf.combined.CHISQ.LINREG	bf.combined.P.LINREG	bf.combined.beta	bf.combined.SE	bf.combined.CHISQ.BOLT.LMM	bf.combined.P.INF	bf.combined.CHISQ.BOLT.LMM	bf.combined.P.BOLT.LMM
rs2791550:T:G	1	219655369	G	T	0.037	0.0018	3.35E-93	--	694588	1.44E-42	0.999956	134.033	5.40E-31	-0.0194485	0.00157324	152.821	4.20E-35	149.722	2.00E-34
rs13107325:C:T	4	103188709	C	T	0.0306	0.0034	3.69E-19	--	693873	0.479881125	1	129.948	4.20E-30	0.0307402	0.00282437	118.459	1.40E-27	122.256	2.00E-28
rs4420638:A:G	19	45422946	A	G	0.0229	0.0024	6.81E-22	++	604317	0.333942302	1	64.4806	9.70E-16	0.0161826	0.00189837	72.667	1.50E-17	72.5232	1.70E-17
rs863750:C:T	12	124505444	T	C	0.0373	0.0017	4.17E-101	++	693934	4.51E-21	0.993593	75.9206	3.00E-18	0.0148363	0.00152124	95.1168	1.80E-22	98.2857	3.60E-23
rs12608504:A:G	19	18389135	A	G	0.0258	0.0018	3.09E-47	++	694553	0.88762635	0.9985	102.886	3.50E-24	0.016427999	0.0015469	112.784	2.40E-26	111.255	5.20E-26
rs6705646:A:G	2	165567695	A	G	0.0254	0.0017	3.97E-48	++	694039	1.39E-40	0.986446	45.5572	1.50E-11	-0.0121621	0.00150664	65.1628	6.90E-16	67.045	2.70E-16
rs4964656:G:C	12	108594069	G	C	0.0159	0.002	4.94E-16	--	625457	0.143340437	0.999554	68.3206	1.40E-16	-0.0149912	0.00161619	86.0372	1.80E-20	87.0311	1.10E-20
rs12442323:C:T	15	67654919	C	T	0.0149	0.0022	1.71E-11	--	551869	0.005796396	0.997427	78.3323	8.70E-19	-0.015900001	0.00176708	80.9624	2.30E-19	86.1111	1.70E-20
rs62271373:T:A	3	150066540	A	T	0.0408	0.0043	3.44E-21	+?	484563	6.60E-15	0.957592	44.4342	2.60E-11	0.0241847	0.00317504	58.0204	2.60E-14	59.5084	1.20E-14
rs17764730:C:T	5	127357526	C	T	0.0162	0.0021	9.68E-15	--	627292	0.848125765	0.99116	35.8597	2.10E-09	-0.0117295	0.00172393	46.2933	1.00E-11	47.1575	6.60E-12
rs10462028:G:A	4	56298300	A	G	0.0189	0.0019	2.95E-23	++	627124	7.44E-08	0.99994	30.5604	0.000000032	0.00922473	0.00157994	34.0901	5.30E-09	35.4522	2.60E-09
rs1364422:C:T	7	130445981	T	C	0.0157	0.0019	1.07E-16	++	694615	1.44E-20	0.993429	52.6671	4.00E-13	0.0113849	0.00165597	47.2661	6.20E-12	46.3796	9.70E-12
rs12419064:A:G	11	10320608	G	A	0.0141	0.0019	4.53E-14	--	551840	0.39084686	0.997454	55.5344	9.20E-14	0.0106742	0.00148517	51.6556	6.60E-13	50.8542	9.90E-13
rs72959041:G:A	6	127454893	A	G	0.1624	0.0044	2.08E-293	++	549629	4.04E-34	0.969127	47.0501	6.90E-12	0.0231703	0.00345887	44.874	2.10E-11	48.8975	2.70E-12
rs11129657:T:C	3	35636709	C	T	0.0147	0.0022	2.31E-11	--	627182	0.061967117	0.989043	36.7251	1.40E-09	0.0116954	0.00182368	41.1276	1.40E-10	42.0286	9.00E-11
rs1045241:C:T	5	118729286	C	T	0.0185	0.0019	3.51E-22	--	694273	2.56E-18	0.990114	19.1379	0.000012	0.00991878	0.00167637	35.0089	3.30E-09	35.6702	2.30E-09
rs12441543:G:A	15	31689543	G	A	0.0189	0.002	8.68E-22	--	625657	0.686923082	0.994264	42.7365	6.30E-11	0.0115303	0.00164625	49.0554	2.50E-12	50.4425	1.20E-12
rs7225453:T:C	17	3960620	C	T	0.0145	0.0023	2.66E-10	--	627294	0.675196373	0.99837	35.7764	2.20E-09	0.0109228	0.00189293	33.2965	7.90E-09	33.1295	8.60E-09
rs7795371:A:G	7	77362504	A	G	0.0172	0.0018	2.89E-21	++	627159	0.002550212	0.996663	30.7534	0.000000029	-0.00971155	0.001506	41.5841	1.10E-10	40.8262	1.70E-10
rs7213608:C:T	17	21279289	C	T	0.0115	0.0019	3.15E-09	--	626694	0.031030303	0.977134	69.0289	9.70E-17	-0.0130447	0.00160444	66.1028	4.30E-16	66.2291	4.00E-16
rs62621197:C:T	19	8670147	C	T	0.0358	0.0055	8.88E-11	-?	484563	0.105504543	0.924188	36.2372	1.70E-09	-0.024317199	0.00410414	35.1062	3.10E-09	35.7182	2.30E-09
rs6795831:A:C	3	129341403	A	C	0.0348	0.0023	4.91E-53	++	627216	3.01E-20	0.984604	14.2894	0.00016	-0.00654541	0.00187681	12.1628	0.00049	11.4873	7.00E-04
rs10808546:C:T	8	126495818	C	T	0.0159	0.0017	1.98E-20	--	694436	2.47E-09	0.990671	27.1808	0.00000019	0.00882646	0.00149806	34.7149	3.80E-09	34.7017	3.80E-09
rs951252:A:G	4	145825151	G	A	0.0185	0.0017	3.44E-27	--	694562	0.133278175	1	20.2224	0.0000069	-0.00629846	0.00148995	17.8699	0.000024	17.4916	2.90E-05
rs4371408:A:G	20	51024233	A	G	0.0164	0.0019	7.47E-19	++	627315	0.978746366	0.998615	7.0805	0.0078	0.00573754	0.00154521	13.7871	0.0002	13.4777	2.40E-04
rs28451064:G:A	21	35593827	A	G	0.018	0.003	2.87E-09	+?	484563	0.006394924	0.955171	9.90237	0.0017	-0.00496332	0.00225431	4.8475	0.028	5.29439	2.10E-02
rs1029472:G:A	5	130867733	G	A	0.0251	0.0042	1.74E-09	-?	484563	0.004731341	0.997384	22.6362	0.000002	0.015980801	0.00318101	25.2387	0.00000051	24.7321	6.60E-07
rs780159:A:G	10	80907147	G	A	0.0163	0.0018	3.33E-20	--	686401	0.020478849	0.969682	12.3223	0.00045	0.00606125	0.00152347	15.8291	0.000069	14.9812	1.10E-04
rs7827182:G:C	8	8380471	G	C	0.0166	0.0019	3.92E-19	--	567657	0.000153302	0.999162	17.6828	0.000026	0.00716481	0.00148697	23.2168	0.0000014	25.0195	5.70E-07
rs1511022:C:T	4	120126233	T	C	0.0169	0.0027	6.40E-10	++	627153	0.003362994	0.996552	24.8982	0.0000006	-0.0123132	0.0022475	30.0153	0.000000043	31.363	2.10E-08
rs2167750:C:T	4	89730074	T	C	0.0274	0.0018	5.53E-53	++	627208	4.54E-18	0.997953	60.5371	7.20E-15	0.0120967	0.00148771	66.1142	4.30E-16	67.1875	2.50E-16
rs7903146:C:T	10	114758349	T	C	0.0181	0.0019	9.91E-22	++	694542	0.070053763	1	33.211	8.30E-09	0.0108781	0.0016345	44.2934	2.80E-11	44.3133	2.80E-11
rs34905952:G:A	3	138104635	A	G	0.0209	0.0026	1.23E-15	++	535689	3.38E-05	0.995385	35.344	2.80E-09	0.0129212	0.00202254	40.8144	1.70E-10	41.466	1.20E-10
rs62070804:C:T	17	27889643	T	C	0.0469	0.0075	4.36E-10	+?	484563	1.67E-06	1	22.4595	0.0000021	0.0275144	0.0056194	23.9741	0.00000098	24.3843	7.90E-07
rs1800978:C:G	9	107665978	C	G	0.0262	0.0026	2.62E-23	++	688307	0.007129756	0.989117	15.8822	0.000067	-0.00799144	0.00226211	12.4803	0.00041	12.8706	3.30E-04
rs7235010:G:A	18	20724810	A	G	0.0186	0.0021	5.65E-19	++	694222	0.41569134	0.998884	4.03648	0.045	-0.00376952	0.00180808	4.34647	0.037	4.36249	3.70E-02
rs6432188:T:C	2	11499032	T	C	0.0143	0.0023	2.25E-10	++	693855	0.116515217	0.984825	15.3041	0.000092	-0.00883724	0.00191907	21.2057	0.0000041	22.0229	2.70E-06
rs7945962:G:A	11	36360598	A	G	0.0114	0.0018	2.20E-10	++	626631	3.31E-06	0.994694	13.0287	0.00031	0.00522369	0.00148841	12.3172	0.00045	11.3744	7.40E-04
rs2524163:C:T	6	31259579	T	C	0.024	0.0017	4.39E-43	++	687908	0.817733969	1	13.4954	0.00024	0.00355308	0.00149662	5.63621	0.018	5.91921	1.50E-02
rs11724804:G:A	4	965779	G	A	0.017	0.0018	7.61E-21	--	624890	0.091297755	0.995671	25.9747	0.00000035	-0.00795216	0.00149166	28.4203	0.000000098	29.9155	4.50E-08
rs2387280:A:T	16	4339684	A	T	0.0178	0.0023	1.72E-14	+?	484563	0.441313884	0.98506	32.2425	0.000000014	-0.0110861	0.0017383	40.6736	1.80E-10	41.0606	1.50E-10
rs17509001:T:C	2	24021231	C	T	0.0161	0.0025	5.14E-11	--	694609	0.296345827	0.9995	11.698	0.00063	0.00720394	0.00209289	11.848	0.00058	12.1051	5.00E-04
rs1569135:A:G	2	188115398	A	G	0.0205	0.0017	2.99E-33	++	694469	0.556032474	0.996958	24.3886	0.00000079	0.00549914	0.00148394	13.7326	0.00021	13.6865	2.20E-04
rs3936510:G:T	5	55860866	T	G	0.0299	0.0022	4.62E-43	++	692459	9.64E-26	1	14.1101	0.00017	0.00966394	0.00184815	27.3423	0.00000017	28.5171	9.30E-08
rs10463416:G:A	5	148572915	A	G	0.0137	0.0018	9.28E-14	++	627148	0.43164905	0.998324	6.96288	0.0083	0.0048218	0.00153237	9.90124	0.0017	9.00591	2.70E-03
rs11042077:G:A	11	8825966	A	G	0.0124	0.0019	4.99E-11	++	627010	0.35111844	0.990878	31.0906	0.000000025	-0.00936081	0.00156518	35.7683	2.20E-09	37.2564	1.00E-09
rs71439172:G:A	2	25584162	G	A	0.0233	0.0029	3.37E-16	-?	484563	0.048933902	0.963824	3.74344	0.053	-0.00435281	0.00212377	4.20073	0.04	3.44631	6.30E-02
rs2236519:G:A	20	45529571	A	G	0.0298	0.0019	4.07E-58	++	626533	0.003686297	0.993531	13.6715	0.00022	0.00528465	0.00153987	11.7779	0.0006	11.9038	5.60E-04
rs2200155:G:A	12	33734935	G	A	0.0138	0.0019	1.26E-13	--	627133	0.873004132	0.997285	9.20017	0.0024	-0.00682058	0.00154701	19.4381	0.00001	20.7341	5.30E-06
rs1144:T:C	7	104756355	C	T	0.015	0.0018	5.57E-17	--	688248	0.360979487	0.996493	26.87	0.00000022	0.00841361	0.00154666	29.5921	0.000000053	29.8537	4.70E-08
rs7086377:T:G	10	3596526	T	G	0.0119	0.0018	6.88E-11	++	627258	0.000355681	0.997261	9.08715	0.0026	0.00473896	0.00151953	9.72632	0.0018	10.6027	1.10E-03
rs727428:T:C	17	7537792	T	C	0.0158	0.0018	4.25E-18	++	626586	0.056127286	1	20.5128	0.0000059	-0.00785634	0.00149717	27.5358	0.00000015	25.6576	4.10E-07
rs72877579:C:T	3	64697471	C	T	0.0347	0.0033	3.29E-26	--	551882	2.50E-06	0.950404	10.8339	0.001	0.0113577	0.00267512	18.0257	0.000022	19.7662	8.80E-06
rs2061708:G:C	1	103417203	C	G	0.0162	0.002	6.99E-16	+?	484563	0.65561423	0.994471	7.435	0.0064	0.00481939	0.00150647	10.2344	0.0014	11.6255	6.50E-04
rs634869:T:C	6	139831757	T	C	0.0229	0.0017	2.60E-40	++	694613	1.33E-13	0.999457	24.9115	0.0000006	-0.00788793	0.00150613	27.4286	0.00000016	26.6407	2.50E-07
rs1522811:C:A	2	226992454	C	A	0.0129	0.0021	1.64E-09	--	627151	2.85E-08	0.98928	50.8042	1.00E-12	0.0123966	0.00177029	49.0364	2.50E-12	49.5126	2.00E-12
rs4684857:G:C	3	12493863	C	G	0.0211	0.002	2.99E-25	++	623147	2.82E-05	0.994012	7.24295	0.0071	0.0052097	0.00162601	10.2655	0.0014	11.531	6.80E-04
rs3110697:A:G	7	45955029	A	G	0.0123	0.0018	1.08E-11	++	626435	0.846353796	1	14.1709	0.00017	0.00498932	0.00150454	10.997	0.00091	11.5117	6.90E-04
rs7492628:C:G	14	91547136	G	C	0.0229	0.0019	4.91E-32	--	626927	0.000638407	0.981371	8.97791	0.0027	-0.00418078	0.00161504	6.70113	0.0096	6.88903	8.70E-03
rs11088991:T:C	21	46783285	T	C	0.0125	0.002	5.26E-10	+?	484563	0.00011103	0.988268	15.4207	0.000086	-0.00688549	0.00151623	20.6223	0.0000056	18.8911	1.40E-05
rs7744833:A:G	6	20581828	A	G	0.0117	0.0019	1.42E-09	++	627233	0.150493856	0.986807	17.8393	0.000024	0.0070065	0.0015979	19.2266	0.000012	20.801	5.10E-06
rs1294432:C:T	6	6745027	T	C	0.0251	0.0017	5.24E-47	++	665396	0.002053325	0.991903	14.3807	0.00015	0.00628782	0.00148985	17.8121	0.000024	18.2444	1.90E-05
rs402294:G:A	7	101723260	A	G	0.014	0.0024	2.91E-09	++	627026	0.171047119	0.998377	9.44183	0.0021	-0.00625916	0.00194016	10.4077	0.0013	10.2289	1.40E-03
rs146182298:C:T	14	52531408	T	C	0.0314	0.0052	1.45E-09	+?	484563	0.311822064	0.988814	12.5514	0.0004	0.0140804	0.00383211	13.5005	0.00024	13.051	3.00E-04
rs3803042:G:A	12	54387947	A	G	0.0268	0.0018	4.84E-49	++	625688	0.028752432	0.996149	28.2943	0.0000001	-0.00655697	0.00150122	19.0774	0.000013	19.2491	1.10E-05
rs11082430:C:G	18	42752377	C	G	0.0125	0.0021	1.55E-09	++	627287	0.005488003	0.995374	3.21681	0.073	-0.00383305	0.00172671	4.92778	0.026	5.15359	2.30E-02
rs1541681:G:T	5	53304620	G	T	0.0123	0.002	1.28E-09	--	627262	0.592542901	0.995662	31.7856	0.000000017	-0.00989853	0.0016908	34.2732	4.80E-09	35.9504	2.00E-09
rs140201358:C:G	11	823586	G	C	0.0848	0.0086	9.58E-23	-?	484563	0.101887458	1	11.4312	0.00072	-0.0206437	0.00635309	10.5585	0.0012	10.882	9.70E-04
rs9647379:G:C	3	171785168	G	C	0.015	0.0019	5.14E-16	--	624516	0.004800929	0.9925	30.5026	0.000000033	-0.00933777	0.00151142	38.1697	6.50E-10	38.7366	4.90E-10
rs3807947:T:G	7	20424889	T	G	0.0137	0.0018	7.54E-14	++	627221	0.955848752	1	4.30395	0.038	0.00352063	0.00151817	5.37774	0.02	5.17454	2.30E-02
rs11085744:C:T	19	10819967	T	C	0.0109	0.0018	1.95E-09	++	626346	0.561025909	0.98824	4.46122	0.035	0.00155247	0.0015063	1.06225	0.3	0.895156	3.40E-01
rs4474021:G:T	8	12632903	T	G	0.0118	0.0019	2.44E-10	++	679364	0.005594872	1	1.30297	0.25	0.00279887	0.00159011	3.09819	0.078	2.62587	1.10E-01
rs7279347:G:A	21	47537882	G	A	0.0121	0.0018	2.00E-11	--	624792	0.020057344	0.993164	14.6046	0.00013	0.00564144	0.00149436	14.2518	0.00016	14.9543	1.10E-04
rs699370:T:C	14	74989119	C	T	0.0127	0.0018	3.78E-12	--	684617	0.868085368	0.978014	11.7702	0.0006	0.00498966	0.00157314	10.0602	0.0015	9.92145	1.60E-03
rs2925979:T:C	16	81534790	T	C	0.0265	0.0019	7.33E-46	++	692391	1.07E-32	1	12.1112	0.0005	-0.00580525	0.00162089	12.8272	0.00034	13.2155	2.80E-04
rs910071:C:T	20	39213710	C	T	0.0171	0.0019	6.27E-19	--	627030	0.001883628	0.994225	35.3234	2.80E-09	0.00809102	0.00159462	25.7451	0.00000039	25.2027	5.20E-07
rs7198287:C:T	16	85258191	C	T	0.0137	0.0022	1.05E-09	--	623331	0.00867935	0.993015	1.38272	0.24	-0.00375302	0.00185421	4.0968	0.043	3.64501	5.60E-02
rs6905288:G:A	6	43758873	A	G	0.0444	0.0018	9.04E-140	++	671554	1.84E-25	1	19.5679	0.0000097	0.00736426	0.00149662	24.2122	0.00000086	23.314	1.40E-06
rs1051684:A:G	17	62006497	A	G	0.0132	0.0019	4.39E-12	++	592045	0.339990651	0.998495	28.8219	0.000000079	0.00861565	0.00155949	30.522	0.000000033	29.3396	6.10E-08
rs12454712:T:C	18	60845884	T	C	0.017	0.0018	1.33E-20	++	654356	2.69E-18	1	29.0262	0.000000071	-0.00802307	0.00153523	27.311	0.00000017	27.2542	1.80E-07
rs740838:C:A	3	43764315	C	A	0.0431	0.0058	8.98E-14	--	606754	0.064248745	0.998522	16.2684	0.000055	0.017369799	0.00477828	13.2144	0.00028	13.0474	3.00E-04
rs541091:G:A	6	160770552	G	A	0.0199	0.0019	2.99E-26	--	545328	0.000122857	0.997066	9.22033	0.0024	0.00554613	0.00148564	13.9366	0.00019	13.2505	2.70E-04
rs8066985:A:G	17	68453345	A	G	0.0228	0.0017	2.03E-40	++	694540	7.90E-21	0.996236	1.90505	0.17	-0.00145363	0.00148761	0.954836	0.33	1.1841	2.80E-01
rs4293945:A:T	5	38736142	A	T	0.0117	0.0018	1.69E-10	++	624922	0.035394254	0.994431	6.62138	0.01	-0.00485627	0.00151753	10.2407	0.0014	10.3139	1.30E-03
rs12684047:T:A	9	111972671	T	A	0.0154	0.0024	6.85E-11	--	626144	0.256972283	0.960641	18.1197	0.000021	-0.00746048	0.00191646	15.1542	0.000099	15.2526	9.40E-05
rs10963067:C:A	9	17367946	C	A	0.0209	0.0032	5.86E-11	--	627315	0.034291945	0.996294	5.21632	0.022	-0.00780335	0.00263113	8.79582	0.003	9.81187	1.70E-03
rs149921263:G:A	4	123923955	A	G	0.0401	0.0053	4.27E-14	+?	484563	0.9031977	0.977793	4.38763	0.036	0.00869721	0.0038955	4.98463	0.026	5.29119	2.10E-02
rs10887759:G:A	10	89603424	A	G	0.0173	0.0024	1.06E-12	++	694465	0.031552612	0.988031	12.6878	0.00037	-0.00640158	0.00205039	9.74771	0.0018	9.63723	1.90E-03
rs12828318:A:G	12	133766122	A	G	0.0173	0.0023	3.84E-14	++	684927	0.338922812	0.994361	6.41757	0.011	-0.00579839	0.00193338	8.99456	0.0027	8.85464	2.90E-03
rs2028386:C:G	15	74226708	G	C	0.0126	0.0018	2.75E-12	--	626803	0.244976927	0.996239	9.19729	0.0024	0.00501068	0.0014878	11.3424	0.00076	10.9885	9.20E-04
rs7252102:A:G	19	17197012	G	A	0.0141	0.002	9.40E-13	--	627241	0.364498343	0.996254	19.9884	0.0000078	0.00745044	0.00166692	19.9772	0.0000078	20.7243	5.30E-06
rs79664277:G:A	5	149859889	A	G	0.021	0.0035	2.34E-09	+?	484563	0.265789818	0.986645	3.60277	0.058	0.00492035	0.00267578	3.38136	0.066	3.92758	4.80E-02
rs9388766:T:C	6	130354855	C	T	0.017	0.0019	3.96E-20	--	694603	0.650627431	0.994722	1.12076	0.29	-0.00222909	0.00161489	1.90534	0.17	1.67433	2.00E-01
rs28408682:A:G	10	104403310	G	A	0.0122	0.0019	1.82E-10	--	547577	1.82E-05	0.998983	5.41035	0.02	-0.00326412	0.00151542	4.63942	0.031	4.98613	2.60E-02
rs2272790:G:A	22	35680095	G	A	0.0133	0.0019	7.99E-12	--	627192	0.129819593	0.998068	0.684728	0.41	0.00152552	0.00162479	0.881538	0.35	0.75954	3.80E-01
rs9435732:C:T	1	17308158	C	T	0.0128	0.0019	2.57E-11	--	693273	0.173588017	1	3.7121	0.054	-0.00410311	0.00168079	5.95938	0.015	5.48649	1.90E-02
rs17289035:G:A	3	57125424	A	G	0.0137	0.0022	9.17E-10	++	627310	0.466745942	0.995656	7.42381	0.0064	0.00455668	0.00186695	5.95703	0.015	5.89021	1.50E-02
rs139271800:A:G	15	90214777	A	G	0.2393	0.035	8.60E-12	+?	484563	0.020567291	0.845768	6.12283	0.013	-0.068429902	0.025485	7.20979	0.0073	7.26407	7.00E-03
rs7680787:T:C	4	122624065	T	C	0.0138	0.0018	1.17E-14	++	693901	0.079735367	1	0.32545	0.57	-0.00101675	0.00154366	0.433832	0.51	0.576151	4.50E-01
rs10842707:C:T	12	26471364	T	C	0.0343	0.0021	1.52E-62	++	694586	1.61E-15	0.993975	3.49878	0.061	0.00370724	0.00179473	4.2668	0.039	4.73594	3.00E-02
rs4789261:G:C	17	74249394	C	G	0.0286	0.0033	1.12E-17	++	611773	4.94E-05	0.996692	8.79977	0.003	0.00867787	0.0027495	9.96134	0.0016	10.3295	1.30E-03
rs11204762:A:G	1	150999737	A	G	0.014	0.0021	3.39E-11	++	625850	0.034291945	1	2.9755	0.085	-0.00339681	0.00172214	3.89048	0.049	4.18305	4.10E-02
rs10778504:C:T	12	107120424	T	C	0.0158	0.0021	2.53E-14	+?	484563	0.000675564	0.999676	4.12734	0.042	0.00433221	0.00166799	6.74578	0.0094	6.88914	8.70E-03
rs144033177:A:C	20	571467	C	A	0.0526	0.0083	2.21E-10	-?	484563	2.97E-07	0.950289	3.60689	0.058	-0.0145836	0.00606957	5.77318	0.016	5.1309	2.40E-02
rs2398893:A:G	9	96758342	A	G	0.0153	0.0019	6.75E-16	++	694566	0.29516976	0.999774	13.0705	0.0003	0.0057862	0.00166249	12.1134	0.0005	11.8636	5.70E-04
rs10919388:A:C	1	170372503	C	A	0.0333	0.0019	9.71E-66	--	665612	4.40E-10	0.991758	4.4735	0.034	-0.00463208	0.00167469	7.6504	0.0057	7.81561	5.20E-03
rs1328757:C:T	20	56135199	T	C	0.0141	0.0018	3.41E-15	++	626402	0.598919678	0.991493	0.724843	0.39	0.00213288	0.00149364	2.0391	0.15	2.2259	1.40E-01
rs905938:T:C	1	154991389	T	C	0.0243	0.002	1.35E-35	++	692430	1.13E-05	1	0.0240722	0.88	0.0013392	0.00167365	0.640263	0.42	0.642652	4.20E-01
rs16907277:A:G	9	93972658	G	A	0.0228	0.0029	9.08E-15	--	627291	0.046599469	0.995757	4.32395	0.038	-0.00496173	0.00241815	4.21018	0.04	4.3036	3.80E-02
rs2145272:G:A	20	6626218	G	A	0.0247	0.0018	3.95E-43	--	694482	0.000661968	1	13.1447	0.00029	0.00756361	0.00154794	23.8754	0.000001	24.1008	9.10E-07
rs3761706:G:A	2	111899881	A	G	0.0321	0.0037	1.70E-18	++	626748	0.001962229	0.997217	9.91247	0.0016	0.00776241	0.00302634	6.57896	0.01	6.52527	1.10E-02
rs56196860:C:A	12	2908330	C	A	0.0357	0.0058	6.45E-10	-?	484563	0.001821382	1	6.27978	0.012	0.0105404	0.00424802	6.15659	0.013	6.46661	1.10E-02
rs6688233:C:T	1	9335745	T	C	0.021	0.0021	9.64E-24	++	626909	0.000274021	0.982661	4.41708	0.036	0.00408353	0.00171577	5.66438	0.017	5.67723	1.70E-02
rs8024294:G:A	15	94023132	A	G	0.0177	0.0029	5.03E-10	++	615118	0.29575708	0.97696	11.9466	0.00055	-0.00908677	0.00242311	14.0629	0.00018	13.4396	2.50E-04
rs13137905:T:G	4	15375668	T	G	0.0128	0.002	3.25E-10	++	627257	0.519453363	0.998256	8.54629	0.0035	0.00493958	0.00168497	8.59403	0.0034	9.4764	2.10E-03
rs6752964:T:C	2	43754655	C	T	0.0189	0.0028	1.66E-11	--	694429	0.016665635	0.995229	12.2711	0.00046	0.00951872	0.00238095	15.983	0.000064	16.1273	5.90E-05
rs12543555:A:G	8	69562014	G	A	0.0138	0.0022	1.79E-10	--	694376	0.115349433	0.983153	19.1198	0.000012	-0.00865301	0.00183977	22.1212	0.0000026	20.6971	5.40E-06
rs12823266:A:G	12	131441717	A	G	0.0131	0.0021	2.37E-10	++	606371	0.908023706	0.995955	3.07328	0.08	0.00469824	0.00167654	7.85314	0.0051	8.33385	3.90E-03
rs848286:T:C	2	58394543	T	C	0.0116	0.0019	3.75E-10	++	627185	0.000868214	0.995143	7.69728	0.0055	0.00436107	0.0015324	8.09915	0.0044	8.27655	4.00E-03
rs801593:G:C	22	47195050	G	C	0.0123	0.002	6.68E-10	--	625084	0.377972997	1	7.30355	0.0069	-0.00453896	0.00166601	7.42265	0.0064	6.65593	9.90E-03
rs59888683:C:T	15	79049464	T	C	0.0142	0.0024	1.80E-09	++	543377	0.006085474	0.998415	1.51859	0.22	0.00290188	0.00188908	2.35971	0.12	1.99925	1.60E-01
rs6556301:G:T	5	176527577	T	G	0.0206	0.0018	2.03E-29	++	663437	0.000119196	0.983643	5.52454	0.019	-0.00247701	0.00154614	2.5666	0.11	1.9387	1.60E-01
rs10878367:T:A	12	66436097	A	T	0.019	0.002	5.84E-21	++	611538	0.010711372	0.984942	0.52885	0.47	0.00330275	0.00165885	3.96403	0.046	3.86955	4.90E-02
rs13198178:G:C	6	41702227	C	G	0.0308	0.0037	1.16E-16	++	614209	0.904575959	0.993145	3.73137	0.053	0.00535199	0.00300374	3.17473	0.075	2.82035	9.30E-02
rs1406948:G:A	20	33905619	G	A	0.0159	0.0018	2.08E-19	--	694248	7.96E-12	0.995099	11.722	0.00062	-0.00299683	0.00154566	3.75922	0.053	4.27955	3.90E-02
rs2294239:A:G	22	29449477	A	G	0.0243	0.0017	4.04E-44	++	694017	0.604084292	0.989833	5.74537	0.017	-0.00419504	0.00151375	7.68005	0.0056	7.07985	7.80E-03
rs2222543:G:C	7	120902185	G	C	0.0147	0.0018	1.62E-15	--	624476	0.532841001	0.999547	2.56179	0.11	-0.00270551	0.00152868	3.13231	0.077	2.66518	1.00E-01
rs72823057:G:C	17	40567260	C	G	0.0294	0.0038	1.69E-14	+?	484563	0.024947177	0.98187	9.29865	0.0023	-0.00589142	0.00282581	4.34664	0.037	4.42564	3.50E-02
rs12694042:C:T	2	207029825	T	C	0.0122	0.002	6.15E-10	+?	484563	0.21541084	0.987203	0.00392741	0.95	-0.000614863	0.00148387	0.171697	0.68	0.202344	6.50E-01
rs11187537:G:C	10	95346805	C	G	0.0163	0.0021	2.43E-15	++	610077	5.87E-07	0.9976	1.98024	0.16	0.00266186	0.0016822	2.50388	0.11	3.28732	7.00E-02
rs13379794:G:A	15	98367100	A	G	0.0109	0.0018	4.34E-09	++	624626	0.892152103	0.995554	4.28889	0.038	0.00187136	0.00153321	1.48974	0.22	1.48365	2.20E-01
rs10745659:C:G	12	94092690	G	C	0.0127	0.0018	1.82E-12	--	627031	0.00517611	0.992346	17.8839	0.000023	0.00553783	0.0015001	13.6282	0.00022	13.4743	2.40E-04
rs4558863:T:C	4	26079129	C	T	0.021	0.0024	4.69E-19	--	627314	7.82E-06	0.998678	0.169451	0.68	-0.00112571	0.00195042	0.333116	0.56	0.300833	5.80E-01
rs6940715:A:C	6	133601845	A	C	0.0222	0.003	6.11E-14	++	627196	0.048505286	0.996094	5.85115	0.016	-0.00599903	0.00246483	5.92364	0.015	5.70341	1.70E-02
rs17369710:T:C	8	75995382	C	T	0.0116	0.002	4.59E-09	--	627239	0.762441952	0.997341	2.06233	0.15	-0.00176245	0.00165107	1.13946	0.29	0.90732	3.40E-01
rs11722554:G:A	4	5016883	G	A	0.0334	0.0049	1.32E-11	--	565482	0.142090493	1	0.0383348	0.84	-0.00636833	0.0038961	2.67172	0.1	2.17015	1.40E-01
rs4773173:A:G	13	111025118	A	G	0.0153	0.0018	4.23E-17	++	686141	0.007873302	0.994639	4.63625	0.031	0.00344627	0.00157505	4.78752	0.029	4.31068	3.80E-02
rs10880823:T:C	12	45986738	C	T	0.0132	0.0021	5.65E-10	--	626603	4.86E-08	0.992743	2.72704	0.099	-0.0031524	0.00176795	3.17939	0.075	3.06134	8.00E-02
rs2124307:T:C	14	98344662	C	T	0.0127	0.0018	4.96E-12	--	625104	8.01E-07	0.996892	2.73399	0.098	-0.00319697	0.00153736	4.32443	0.038	4.40656	3.60E-02
rs755643:G:A	5	173136667	G	A	0.0119	0.002	1.56E-09	--	627000	0.064517587	0.986999	0.817242	0.37	-0.0019992	0.00162891	1.50632	0.22	1.52261	2.20E-01
rs180958337:C:T	12	28168810	T	C	0.0878	0.0132	3.33E-11	+?	484563	0.430141351	0.924641	4.38941	0.036	-0.0183616	0.00973008	3.56112	0.059	3.58591	5.80E-02
rs7721054:T:C	5	54890802	T	C	0.0169	0.0019	1.56E-19	++	693843	1.79E-05	0.989511	5.99856	0.014	-0.00567326	0.00162778	12.1472	0.00049	11.241	8.00E-04
rs7020604:A:G	9	112583554	A	G	0.0129	0.0021	7.04E-10	+?	484563	0.00039569	0.99457	2.22579	0.14	0.00280789	0.00157397	3.18251	0.074	2.80592	9.40E-02
rs7554947:C:T	1	160413460	C	T	0.0151	0.0022	1.82E-11	-?	484563	0.724189746	0.990433	6.98175	0.0082	0.00425445	0.0016948	6.30158	0.012	6.09689	1.40E-02
rs10827226:T:C	10	33559319	T	C	0.0198	0.0029	4.80E-12	+?	484563	0.236023168	0.977712	0.189344	0.66	-0.000900333	0.00215843	0.173993	0.68	0.127052	7.20E-01
rs10054063:A:T	5	173392398	T	A	0.0268	0.002	1.97E-39	--	547776	0.00888077	0.98038	9.40087	0.0022	-0.00454454	0.00161378	7.93037	0.0049	7.38705	6.60E-03
rs11757455:G:A	6	112522852	G	A	0.0221	0.0037	2.20E-09	--	620513	0.01233744	1	16.6695	0.000044	0.0110946	0.00295983	14.0503	0.00018	13.0078	3.10E-04
rs35710478:G:C	18	45377882	C	G	0.0118	0.002	3.76E-09	+?	484563	0.070500355	0.98514	2.38137	0.12	0.00230016	0.00150585	2.33321	0.13	2.76602	9.60E-02
rs13256367:A:C	8	128334900	A	C	0.0182	0.0019	6.15E-22	++	627055	1.62E-06	0.997213	8.20738	0.0042	-0.00496339	0.00156556	10.0512	0.0015	9.87231	1.70E-03
rs889129:T:A	19	10070954	T	A	0.0198	0.0029	9.32E-12	--	593244	0.429951141	0.96509	1.92978	0.16	0.0037788	0.002305	2.6876	0.1	2.87335	9.00E-02
rs3218121:G:A	1	23858317	A	G	0.0217	0.0032	9.41E-12	++	693833	0.387923454	0.996839	2.95523	0.086	0.00567531	0.00273773	4.29732	0.038	4.89631	2.70E-02
rs299615:G:A	5	34042097	G	A	0.0148	0.0025	1.71E-09	--	627105	0.063502961	1	0.122693	0.73	-0.00141706	0.00203573	0.484546	0.49	0.475888	4.90E-01
rs2299253:T:C	7	93110055	T	C	0.0115	0.0017	1.67E-11	++	693485	0.83674351	0.999569	1.82416	0.18	-0.00379394	0.00148538	6.52388	0.011	6.28844	1.20E-02
rs1035942:A:G	19	7199803	A	G	0.0141	0.002	2.14E-12	++	626240	1.20E-06	0.997307	3.74964	0.053	-0.00199143	0.00166106	1.43734	0.23	1.753	1.90E-01
rs3786897:A:G	19	33893008	G	A	0.0279	0.0017	3.00E-58	--	693294	0.094753585	0.997489	11.9038	0.00056	0.00593708	0.00150797	15.5011	0.000082	14.2928	1.60E-04
rs11074934:C:T	16	10979440	T	C	0.0119	0.002	3.79E-09	++	626749	0.047466066	0.988985	3.58901	0.058	0.00326124	0.00166905	3.81791	0.051	3.54917	6.00E-02
rs73001065:G:C	19	19460541	C	G	0.0219	0.0037	3.68E-09	++	551749	0.103835118	0.992649	3.86789	0.049	0.00564875	0.00291599	3.75262	0.053	2.86146	9.10E-02
rs2526886:G:T	14	71359064	T	G	0.0138	0.0021	1.01E-10	+?	484563	0.578388462	0.995027	13.6802	0.00022	-0.00496162	0.00161535	9.43441	0.0021	9.07306	2.60E-03
rs6018291:C:G	20	45756772	G	C	0.0139	0.0018	1.33E-14	--	627099	0.318985046	0.993289	1.94661	0.16	0.00237855	0.00149919	2.51716	0.11	2.88873	8.90E-02
rs6047259:C:T	20	21098319	T	C	0.0104	0.0018	4.32E-09	++	694395	0.843176746	0.989467	7.69222	0.0055	-0.00512866	0.00153962	11.0964	0.00086	10.5493	1.20E-03
rs11574514:C:T	16	67971380	C	T	0.0285	0.0043	5.04E-11	--	680758	0.054206366	1	2.04342	0.15	-0.00803003	0.00369701	4.71773	0.03	4.16601	4.10E-02
rs10913257:G:T	1	176778610	G	T	0.0107	0.0018	2.38E-09	--	627006	0.561025909	0.992108	9.332	0.0023	-0.00321425	0.00148599	4.6787	0.031	4.77663	2.90E-02
rs4951588:C:T	1	212500433	C	T	0.0118	0.0018	1.02E-10	--	627297	0.023213057	0.995589	3.20386	0.073	-0.00312055	0.00150727	4.28628	0.038	3.63157	5.70E-02
rs8074638:G:A	17	53731579	A	G	0.0157	0.0023	2.12E-11	++	626827	0.007040607	0.977124	9.5363	0.002	0.00484246	0.00192732	6.31284	0.012	6.24481	1.20E-02
rs2075665:A:T	9	101749943	A	T	0.0112	0.0018	1.21E-09	++	626947	0.00095507	0.996632	10.4203	0.0012	-0.00483398	0.00153519	9.91478	0.0016	10.2943	1.30E-03
rs3731861:T:C	2	219191256	C	T	0.0112	0.0019	1.40E-09	--	627073	0.729096078	0.995181	6.30279	0.012	0.00404031	0.00152745	6.99671	0.0082	6.02287	1.40E-02
rs73858966:T:A	3	99654183	A	T	0.0244	0.0037	2.46E-11	+?	484563	0.455268915	0.998054	0.572333	0.45	-0.00398482	0.0027871	2.04414	0.15	1.81648	1.80E-01
rs598104:A:T	1	86266109	T	A	0.0137	0.0018	5.37E-14	--	626434	0.933815377	0.998999	1.74495	0.19	0.00133234	0.00150594	0.782737	0.38	0.580636	4.50E-01
rs10249651:T:C	7	117064625	C	T	0.0147	0.0018	1.22E-16	--	694556	0.158016764	0.996415	2.34609	0.13	0.00368975	0.00155975	5.59605	0.018	5.86141	1.50E-02
rs10820747:G:A	9	107686823	A	G	0.0271	0.0023	1.10E-31	+?	484563	1.64E-08	0.995642	5.65242	0.017	0.00283875	0.00174978	2.63201	0.1	2.55727	1.10E-01
rs7993238:A:C	13	22473593	C	A	0.012	0.0019	1.68E-10	--	627052	0.104145838	0.971194	0.305802	0.58	-0.00175442	0.00155657	1.27037	0.26	1.0966	3.00E-01
rs1334576:G:A	6	7211818	G	A	0.0171	0.0018	3.46E-21	--	627236	0.305727792	1	1.48605	0.22	-0.00140538	0.00149949	0.00149949	0.35	0.99836	3.20E-01
rs6872807:G:T	5	55966023	T	G	0.0108	0.0018	2.19E-09	++	694620	6.71E-05	0.98784	11.1831	0.00083	0.00443565	0.00157283	7.95336	0.0048	7.62028	5.80E-03
rs12435790:A:G	14	35154381	A	G	0.0214	0.0035	1.16E-09	++	605319	0.578917292	0.963582	3.40093	0.065	-0.00594955	0.0028206	4.44924	0.035	4.51594	3.40E-02
rs6426912:T:C	1	165321568	T	C	0.0191	0.0029	6.15E-11	++	605393	0.020961063	0.986598	0.150462	0.7	-0.00346634	0.00238819	2.10671	0.15	1.99898	1.60E-01
rs11770285:C:G	7	107616011	C	G	0.0309	0.0031	7.06E-24	++	627284	0.049570175	0.997863	8.73378	0.0031	-0.00839424	0.0025569	10.7779	0.001	10.5374	1.20E-03
rs9909443:C:T	17	73308346	C	T	0.0138	0.0021	1.24E-10	--	626372	0.832370584	0.991733	9.86503	0.0017	-0.00462252	0.00179018	6.66751	0.0098	6.94209	8.40E-03
rs1997833:T:C	20	39690342	C	T	0.0138	0.0019	1.63E-13	--	694226	0.122308393	0.998656	1.28634	0.26	-0.00255664	0.00162634	2.47124	0.12	2.35244	1.30E-01
rs1481801:A:C	8	71989719	A	C	0.0116	0.0018	2.55E-10	++	627017	0.305727792	0.994951	0.0866597	0.77	-0.00151682	0.00152776	0.985728	0.32	1.19603	2.70E-01
rs6853254:T:G	4	26352363	T	G	0.0174	0.0019	4.02E-20	++	627201	0.709171642	0.996143	13.2179	0.00028	0.00515949	0.00156846	10.821	0.001	10.8181	1.00E-03
rs12138803:C:T	1	172348823	T	C	0.0254	0.0019	9.89E-39	++	693735	2.53E-08	0.998836	0.0148201	0.9	0.00237591	0.00166561	2.03475	0.15	1.81346	1.80E-01
rs112907088:A:G	5	142083969	G	A	0.0409	0.0065	2.25E-10	-?	484563	0.024206531	0.976021	3.30418	0.069	-0.00844763	0.00477522	3.12956	0.077	2.69859	1.00E-01
rs717795:T:C	1	2970464	C	T	0.0196	0.0023	6.86E-18	--	627060	0.480356219	0.991382	7.70384	0.0055	-0.00602663	0.00189197	10.1466	0.0014	9.22497	2.40E-03
rs8054299:C:G	16	53498655	C	G	0.0146	0.0019	5.79E-14	++	615528	0.000528069	0.999166	0.575895	0.45	-0.000359063	0.00159846	0.050459	0.82	0.0615389	8.00E-01
rs12494105:G:C	3	168949093	G	C	0.0123	0.0018	2.42E-11	--	627054	0.542524316	0.994396	3.91452	0.048	-0.00256684	0.00151541	2.86905	0.09	3.14315	7.60E-02
rs1190982:T:C	14	58815839	T	C	0.0159	0.0019	2.46E-16	++	626709	0.003716733	0.997466	1.76017	0.18	0.00237328	0.00161251	2.16619	0.14	2.3315	1.30E-01
rs9415106:G:A	10	77295957	A	G	0.0142	0.002	9.78E-13	++	627049	0.207856358	1	6.52929	0.011	0.00326996	0.00164472	3.95275	0.047	4.13153	4.20E-02
rs17703354:T:C	5	157986357	C	T	0.0202	0.0033	1.25E-09	--	626997	0.24764074	0.988307	0.675145	0.41	-0.00357399	0.00268518	1.77158	0.18	1.82556	1.80E-01
rs2376585:T:C	17	76417883	C	T	0.0175	0.0023	5.50E-14	--	626927	0.931821814	0.992505	1.78	0.18	-0.00308804	0.00193324	2.55148	0.11	2.73445	9.80E-02
rs9341990:A:G	6	85391568	A	G	0.0151	0.0018	9.46E-17	++	627285	0.280324245	0.997719	2.78732	0.095	-0.00131226	0.00150434	0.760934	0.38	0.558769	4.50E-01
rs7932891:A:G	11	10921512	A	G	0.0141	0.002	1.39E-12	++	626262	0.173753878	0.998727	1.25976	0.26	0.000764012	0.00163167	0.219247	0.64	0.344346	5.60E-01
rs7798002:G:T	7	25860580	T	G	0.0319	0.0021	4.23E-50	++	694434	6.58E-11	0.99546	0.287673	0.59	0.000969224	0.00187984	0.265831	0.61	0.254838	6.10E-01
rs917191:G:C	7	80570871	C	G	0.0138	0.0018	5.11E-14	++	626903	2.25E-08	0.980862	1.95637	0.16	0.0035142	0.00151657	5.36941	0.02	4.73135	3.00E-02
rs2970332:G:A	11	14360435	A	G	0.0156	0.0021	1.01E-13	++	627144	0.196116593	0.994859	5.50061	0.019	0.00374547	0.00176485	4.504	0.034	4.48509	3.40E-02
rs4794033:G:A	17	47358481	G	A	0.0194	0.003	8.69E-11	--	626793	0.272991113	0.983585	1.72044	0.19	-0.00330183	0.0024636	1.79627	0.18	1.41632	2.30E-01
rs1635853:T:G	7	28189549	T	G	0.0159	0.0017	6.36E-20	++	687171	0.90826263	0.999855	3.7263	0.054	0.00297308	0.00150513	3.9018	0.048	3.80577	5.10E-02
rs1250259:T:A	2	216300482	T	A	0.0164	0.002	1.04E-15	--	614270	0.009923818	0.993558	0.31252	0.58	0.000756543	0.00167961	0.202885	0.65	0.2679	6.00E-01
rs1345203:T:C	2	112253851	T	C	0.0264	0.0024	2.23E-28	+?	484563	0.006533337	0.99293	0.00108057	0.97	0.000756227	0.00182002	0.172645	0.68	0.25711	6.10E-01
rs757608:A:G	17	59497277	A	G	0.0194	0.0018	1.10E-26	++	694592	0.454816522	1	10.4438	0.0012	-0.00516972	0.00157984	10.708	0.0011	11.826	5.80E-04
rs12325187:C:G	16	3364997	C	G	0.0127	0.0021	8.30E-10	++	626249	0.165582951	0.990636	2.84467	0.092	-0.00379491	0.00169533	5.01063	0.025	5.1405	2.30E-02
rs34000:T:C	5	141973501	T	C	0.014	0.0019	3.68E-14	++	604297	0.001945079	0.985019	0.140087	0.71	-0.00177182	0.00151786	1.36263	0.24	1.47147	2.30E-01
rs11235:T:C	3	52745087	C	T	0.0222	0.0018	1.23E-36	--	674682	0.371838771	0.998797	1.36408	0.24	0.00065409	0.00148622	0.19369	0.66	0.0588642	8.10E-01
rs16976826:C:T	15	56517524	T	C	0.0199	0.0021	1.25E-21	++	694427	0.002014376	0.999536	0.593943	0.44	0.00137088	0.0018078	0.575038	0.45	0.697006	4.00E-01
rs4902630:A:G	14	69142390	A	G	0.0124	0.0018	3.01E-12	++	694404	0.734504228	1	0.866569	0.35	0.00126759	0.00154823	0.670325	0.41	0.908939	3.40E-01
rs2373078:C:T	2	218392555	T	C	0.0215	0.0029	1.11E-13	++	627188	1.74E-06	0.986517	0.490977	0.48	0.00196313	0.00241289	0.661947	0.42	0.639606	4.20E-01
rs73942938:T:C	19	46162346	C	T	0.0146	0.0025	4.46E-09	--	551862	0.908842387	0.995002	5.80262	0.016	0.00634148	0.0019822	10.235	0.0014	9.5812	2.00E-03
rs73094710:T:G	3	61557775	T	G	0.0197	0.0032	1.20E-09	+?	484563	0.689678189	0.992204	0.578578	0.45	-0.00139808	0.00241148	0.336125	0.56	0.677112	4.10E-01
rs1139653:A:T	16	4484396	A	T	0.0181	0.002	7.49E-20	++	626749	0.338463203	1	0.353473	0.55	0.000612877	0.00165521	0.137101	0.71	0.196991	6.60E-01
rs6859752:C:T	5	171851934	T	C	0.012	0.0019	3.67E-10	++	627209	0.039085159	0.998267	1.47138	0.23	-0.000829821	0.00159938	0.269193	0.6	0.32669	5.70E-01
rs2027982:T:C	22	31593435	C	T	0.0121	0.0018	2.20E-11	--	627258	0.102421101	0.998906	0.0252493	0.87	0.000150914	0.00150935	0.00999732	0.92	0.000641263	9.80E-01
rs6932767:G:T	6	14595873	T	G	0.0154	0.0022	4.26E-12	++	627215	0.178513658	0.998656	1.65143	0.2	-0.00402287	0.00183917	4.78439	0.029	5.14131	2.30E-02
rs1029645:G:A	17	70295760	G	A	0.0129	0.0018	7.20E-13	--	627175	0.868085368	0.995081	0.464655	0.5	0.0012978	0.00149784	0.750727	0.39	0.706191	4.00E-01
rs10507524:T:C	13	44684600	C	T	0.0182	0.0031	2.68E-09	--	627283	0.004992163	0.993459	0.0406469	0.84	-0.000816987	0.00254356	0.103168	0.75	0.0163292	9.00E-01
rs12527712:C:T	6	80916967	T	C	0.0339	0.0033	6.85E-25	++	627314	0.448340122	0.999789	1.75241	0.19	0.00152311	0.00274077	0.30883	0.58	0.307563	5.80E-01
rs11670056:C:T	19	18589943	C	T	0.0237	0.0038	4.30E-10	-?	484563	0.195717526	1	1.04769	0.31	0.00455805	0.0028194	2.61362	0.11	3.02138	8.20E-02
rs16978854:G:A	19	13139660	G	A	0.0334	0.0048	2.74E-12	--	623343	0.050427523	0.993574	1.00458	0.32	0.00502139	0.00394265	1.62208	0.2	1.49966	2.20E-01
rs6480914:G:A	10	80772591	A	G	0.0133	0.002	3.21E-11	+?	484563	0.487844521	0.991411	5.24715	0.022	-0.0023695	0.00150928	2.46474	0.12	2.08067	1.50E-01
rs10049088:C:T	3	156797648	C	T	0.029	0.0018	1.45E-59	--	681080	0.08994266	0.995574	28.1444	0.00000011	-0.00669868	0.00152437	19.3106	0.000011	19.9435	8.00E-06
rs2503100:A:G	6	100613915	G	A	0.0245	0.0024	4.86E-25	--	627198	1.18E-09	0.998911	0.00134877	0.97	-0.00082389	0.0019632	0.176121	0.67	0.10773	7.40E-01
rs10100423:A:T	8	72407115	T	A	0.0418	0.0034	5.91E-34	--	615531	2.44E-05	0.995547	0.0391299	0.84	-0.00543582	0.00278831	3.80055	0.051	2.87872	9.00E-02
rs7003062:T:C	8	121358527	C	T	0.0124	0.0018	2.06E-11	--	614969	0.749205184	0.994436	0.00430265	0.95	0.000635558	0.00152179	0.174422	0.68	0.240512	6.20E-01
rs11786566:T:G	8	23884506	G	T	0.0109	0.0018	2.77E-09	--	620250	0.807194601	0.983579	3.27051	0.071	-0.0025626	0.00150235	2.90951	0.088	2.58972	1.10E-01
rs1057119:C:G	14	23746269	C	G	0.0134	0.0022	9.17E-10	++	620993	0.040498158	1	0.131417	0.72	2.77E-05	0.00174182	0.000253799	0.99	0.000445348	9.80E-01
rs975385:C:T	5	141858677	C	T	0.0114	0.0018	5.29E-10	--	626087	0.618291721	0.987005	2.1874	0.14	0.00335248	0.0015158	4.89157	0.027	5.47592	1.90E-02
rs6867518:T:C	5	64679283	C	T	0.018	0.0027	1.93E-11	--	627200	0.66520977	0.987071	10.631	0.0011	0.00566985	0.00219613	6.66539	0.0098	7.58197	5.90E-03
rs55747707:G:A	7	73037366	G	A	0.0244	0.0024	3.05E-25	--	551855	6.29E-07	0.995534	1.23868	0.27	0.00116302	0.00184858	0.395822	0.53	0.472095	4.90E-01
rs747249:A:G	11	130271647	A	G	0.0114	0.0019	1.25E-09	++	626947	0.001668866	0.985753	4.79145	0.029	-0.00409482	0.00155509	6.93357	0.0085	6.72137	9.50E-03
rs2277339:T:G	12	57146069	G	T	0.0224	0.0029	2.35E-14	--	614842	0.864948127	0.99438	0.0809232	0.78	-0.00209738	0.00163076	1.65414	0.2	2.10304	1.50E-01
rs8103017:C:G	19	55999142	G	C	0.0196	0.0022	2.98E-19	-?	484563	0.061967117	0.980636	0.496729	0.48	0.000556584	0.00165051	0.113718	0.74	0.0431845	8.40E-01
rs2898237:A:G	21	36763769	A	G	0.0118	0.0018	7.47E-11	++	694572	0.524331993	0.99577	1.21535	0.27	-0.00125242	0.00158463	0.624655	0.43	0.604432	4.40E-01
rs910382:G:A	20	51699189	G	A	0.0187	0.0018	2.76E-25	--	625776	7.31E-06	0.991927	0.75993	0.38	-0.000230658	0.00149625	0.0237645	0.88	0.0150079	9.00E-01
rs7350438:C:T	10	5643511	C	T	0.0116	0.0019	3.63E-10	--	626977	0.055095111	0.990482	0.837696	0.36	-0.0011611	0.00154179	0.567134	0.45	0.34409	5.60E-01
rs7708285:G:A	5	76425867	G	A	0.0132	0.0019	3.00E-12	--	691373	0.455705073	1	0.190463	0.66	0.00185537	0.00160523	1.33594	0.25	1.40829	2.40E-01
rs1561:C:T	17	8263334	T	C	0.0216	0.0035	9.25E-10	++	687694	0.011562461	0.928054	3.26726	0.071	-0.00488223	0.00298983	2.66651	0.1	2.43502	1.20E-01
rs56185013:G:A	4	106160133	G	A	0.0168	0.0024	2.49E-12	-?	484563	0.519833249	0.999202	3.15002	0.076	-0.0030124	0.00178674	2.84251	0.092	3.17782	7.50E-02
rs332105:G:A	2	119444229	G	A	0.0137	0.0018	4.93E-14	--	624989	6.71E-05	0.982559	0.0188507	0.89	-0.000155753	0.00150067	0.0107721	0.92	0.0125339	9.10E-01
rs35419826:G:A	2	239719323	G	A	0.0157	0.0026	1.72E-09	-?	484563	0.131665204	0.986292	0.685036	0.41	-3.55E-05	0.00192404	0.000341301	0.99	0.0180757	8.90E-01
rs1979527:C:A	3	127400781	A	C	0.0134	0.0022	2.36E-09	++	625840	0.402000335	0.989766	2.36664	0.12	-0.00258703	0.00182584	2.00761	0.16	2.12028	1.50E-01
rs917681:C:T	4	13247539	T	C	0.0115	0.0019	7.58E-10	++	694552	0.182849825	0.99252	1.58909	0.21	-0.000765555	0.00162142	0.222926	0.64	0.360378	5.50E-01
rs8126001:C:T	20	62711459	C	T	0.0164	0.002	1.60E-16	-?	484563	1.49E-09	0.992915	0.294247	0.59	0.000229822	0.00149432	0.0236536	0.88	0.00143208	9.70E-01
rs17154889:C:A	5	102305065	C	A	0.0158	0.0019	3.90E-16	--	627201	0.625676382	0.993996	5.65701	0.017	0.00398275	0.00160162	6.18365	0.013	5.64496	1.80E-02
rs3851294:A:G	1	205130413	G	A	0.0257	0.0031	9.03E-17	--	627266	1.50E-05	1	2.28655	0.13	0.00350443	0.0025496	1.88926	0.17	1.75433	1.90E-01
rs715300:C:T	1	221290755	T	C	0.0144	0.0019	1.11E-13	++	627315	0.190393738	0.995543	0.414051	0.52	-0.00208633	0.0016156	1.66763	0.2	1.40953	2.40E-01
rs757081:C:G	11	17351683	G	C	0.0113	0.0018	4.03E-10	--	693473	0.006671353	1	1.39012	0.24	-0.000230157	0.00157584	0.0213316	0.88	0.0375425	8.50E-01
rs4372913:A:G	2	114517748	G	A	0.0159	0.0022	2.65E-13	--	626669	0.058852508	0.996809	1.92246	0.17	0.00134181	0.00179657	0.557823	0.46	0.47389	4.90E-01
rs10100533:A:G	8	135706219	A	G	0.0143	0.0018	8.43E-15	++	627307	0.266237657	0.996823	3.29806	0.069	-0.00268141	0.00152955	3.07325	0.08	2.82905	9.30E-02
rs2603229:T:C	15	100263499	T	C	0.0123	0.0021	2.99E-09	++	627113	0.559351442	0.991767	8.46396	0.0036	0.00529379	0.00173145	9.34785	0.0022	8.98834	2.70E-03
rs821100:A:G	8	89448877	G	A	0.0161	0.0022	3.99E-13	-?	484563	0.024945694	0.992341	0.164172	0.69	0.00192344	0.00168846	1.29769	0.25	1.49041	2.20E-01
rs12686771:C:T	9	95472584	T	C	0.0219	0.0024	6.84E-20	++	627315	0.205354321	0.998638	1.40275	0.24	-0.00216689	0.00199617	1.17836	0.28	1.37417	2.40E-01
rs3757298:A:C	6	132785016	C	A	0.0205	0.003	6.06E-12	--	615027	0.853445522	0.998001	0.28173	0.6	0.00292481	0.00245303	1.42164	0.23	1.45784	2.30E-01
rs711076:T:C	12	77905207	C	T	0.0123	0.0018	1.49E-11	--	694439	0.07645485	0.995925	1.34373	0.25	-0.00271643	0.00158854	2.92415	0.087	2.92265	8.70E-02
rs11747001:A:G	5	132412299	A	G	0.0172	0.002	7.73E-18	++	694337	0.487844521	0.998801	0.0269783	0.87	0.000348405	0.00174738	0.039755	0.84	0.0579439	8.10E-01
rs352300:C:G	1	176250052	C	G	0.0106	0.0018	2.92E-09	++	627306	0.174968911	0.999405	2.26364	0.13	-0.00194432	0.00147816	1.73019	0.19	1.51291	2.20E-01
rs8080903:T:C	17	43996140	C	T	0.0146	0.0018	1.57E-15	--	623482	0.046251427	0.978333	0.380635	0.54	0.00134465	0.00151674	0.785948	0.38	1.11437	2.90E-01
rs7585974:C:G	2	172377212	C	G	0.0187	0.0026	2.31E-13	+?	484563	5.35E-05	0.995766	6.4051	0.011	0.00541181	0.00189018	8.19742	0.0042	7.65059	5.70E-03
rs11134029:T:C	5	4025324	T	C	0.0143	0.002	5.72E-13	+?	484563	0.001073597	0.994925	0.368566	0.54	-0.0011818	0.00149496	0.624931	0.43	0.55339	4.60E-01
rs797486:C:A	13	51221618	A	C	0.0373	0.0026	4.38E-46	++	694585	0.789342972	0.987915	0.14142	0.71	0.00133217	0.00228805	0.338991	0.56	0.35372	5.50E-01
rs10817896:C:T	9	119232655	T	C	0.0126	0.002	3.30E-10	++	626971	0.960478647	0.991428	2.08692	0.15	-0.00210025	0.00167506	1.5721	0.21	1.86014	1.70E-01
rs1111875:C:T	10	94462882	C	T	0.0112	0.0017	8.72E-11	--	694419	0.729575158	1	0.627712	0.43	0.0008884	0.00151015	0.346079	0.56	0.487732	4.80E-01
rs7530102:T:A	1	163760257	A	T	0.0117	0.0018	1.46E-10	++	626763	0.657831394	0.993155	1.12542	0.29	-0.000591671	0.00151212	0.153104	0.7	0.256794	6.10E-01
rs2158828:A:G	7	14227425	G	A	0.0135	0.0023	3.42E-09	--	665297	0.446842345	0.991572	3.10715	0.078	0.00288107	0.00195789	2.16536	0.14	2.20978	1.40E-01
rs4646342:G:A	17	17493272	G	A	0.0172	0.0018	3.54E-21	--	626923	0.233921215	0.974599	0.540662	0.46	0.00146661	0.00151128	0.94176	0.33	1.5757	2.10E-01
rs930653:A:T	2	68464271	A	T	0.0112	0.0019	2.89E-09	++	627070	0.455705073	0.998172	4.27476	0.039	0.00304392	0.00155699	3.82205	0.051	4.07747	4.30E-02
rs17101456:A:G	10	122875040	G	A	0.0251	0.0028	1.34E-19	--	612070	4.58E-06	0.998029	1.06482	0.3	-0.00299468	0.00230033	1.69482	0.19	1.62454	2.00E-01
rs2595004:C:T	3	11406721	C	T	0.0156	0.0024	3.39E-11	--	627230	0.98293596	0.991141	5.97036	0.015	-0.00551834	0.00192559	8.21277	0.0042	7.8785	5.00E-03
rs3792751:C:T	5	32773314	T	C	0.0136	0.0018	1.41E-14	++	694315	0.004710868	0.987811	0.713534	0.4	-0.00182211	0.00153842	1.40281	0.24	1.46062	2.30E-01
rs114760566:C:A	6	34192036	A	C	0.0932	0.0049	9.03E-82	+?	484563	9.51E-12	0.99322	0.0907412	0.76	0.00609189	0.00357937	2.89661	0.089	3.43904	6.40E-02
rs227733:C:A	17	54769174	A	C	0.0128	0.002	7.52E-11	++	626990	0.662494498	1	9.64535	0.0019	-0.00547456	0.00243501	5.05474	0.025	4.41772	3.60E-02
rs270960:A:C	2	161714729	A	C	0.0111	0.0018	9.04E-10	++	687116	0.346611546	0.998562	0.0101965	0.92	0.00189979	0.00155055	1.50121	0.22	1.2024	2.70E-01
rs2047937:C:T	16	49864791	C	T	0.0147	0.0017	7.31E-18	--	694322	0.289262601	0.999687	1.32009	0.25	0.00139181	0.00148547	0.877869	0.35	1.00216	3.20E-01
rs4964058:G:A	12	27522766	A	G	0.0113	0.0018	2.84E-10	++	626919	0.00160098	0.993021	0.0545481	0.82	0.000418519	0.00148854	0.079051	0.78	0.168233	6.80E-01
rs1485745:T:G	8	25891545	T	G	0.0118	0.0018	4.84E-11	++	626997	0.933815377	0.991067	4.99351	0.025	0.00267996	0.0014924	3.22468	0.073	2.99628	8.30E-02
rs10843804:T:C	12	30814864	T	C	0.0153	0.0021	1.34E-13	++	627192	0.188993815	0.998546	0.782265	0.38	0.0021614	0.00170741	1.60249	0.21	1.47767	2.20E-01
rs8142329:A:G	22	27647289	G	A	0.0165	0.0026	1.60E-10	--	680293	0.628448854	1	1.50947	0.22	0.00111926	0.00223013	0.251885	0.62	0.267857	6.00E-01
rs150841499:C:T	9	112762434	C	T	0.0201	0.0032	4.11E-10	-?	484563	0.109977898	0.974827	0.0535334	0.82	-0.000536912	0.00238896	0.0505114	0.82	1.36E-07	1.00E+00
rs41277978:C:A	10	71883836	A	C	0.073	0.0117	4.71E-10	+?	484563	0.000806141	1	0.540281	0.46	0.00480292	0.00860584	0.311475	0.58	0.250591	6.20E-01
rs10923724:C:T	1	119546842	T	C	0.0347	0.0017	1.25E-89	++	694500	0.665658995	0.992599	0.114246	0.74	0.000449795	0.00149759	0.0902072	0.76	0.0434976	8.30E-01
rs1440372:T:C	15	67033151	C	T	0.0155	0.0019	9.53E-16	--	692010	0.758007992	0.993347	14.5779	0.00013	0.00434273	0.00167282	6.73947	0.0094	7.50236	6.20E-03
rs6721459:A:G	2	67852836	G	A	0.0178	0.0018	4.08E-23	--	624705	0.846353796	0.996627	0.0139253	0.91	0.000444541	0.00148081	0.0901204	0.76	0.0455449	8.30E-01
rs664532:T:C	13	110932363	T	C	0.0134	0.0019	1.38E-12	++	551855	0.372418138	0.987828	1.85307	0.17	0.00199271	0.00151061	1.74012	0.19	2.05914	1.50E-01
rs13234914:A:G	7	84577411	G	A	0.0128	0.0019	1.28E-11	--	627209	0.027023904	0.998933	0.158882	0.69	-0.00088022	0.00156532	0.31621	0.57	0.271521	6.00E-01
rs1385167:A:G	2	66200648	G	A	0.0265	0.0025	7.95E-27	--	691182	0.332960948	0.998332	1.99899	0.16	0.00140954	0.00217081	0.42161	0.52	0.491724	4.80E-01
rs7521902:C:A	1	22490724	C	A	0.0129	0.002	1.47E-10	--	693920	0.087344208	1	0.992222	0.32	0.000940232	0.00173298	0.294364	0.59	0.230278	6.30E-01
rs6040229:A:G	20	10883131	G	A	0.0112	0.0018	5.27E-10	--	627216	0.142338842	0.99839	0.833605	0.36	0.00120509	0.00149521	0.649582	0.42	0.529309	4.70E-01
rs17067999:C:T	13	78163787	C	T	0.0164	0.0026	1.45E-10	--	627309	0.410116992	0.998523	0.0240868	0.88	0.00069671	0.00209652	0.110435	0.74	0.0711087	7.90E-01
rs10980797:A:G	9	113912553	G	A	0.0182	0.002	4.52E-20	-?	484563	0.001392675	0.993975	0.445633	0.5	-0.0014299	0.00148854	0.922763	0.34	0.548048	4.60E-01
rs6658424:T:A	1	200049302	T	A	0.0143	0.002	2.88E-13	--	627301	0.719260483	0.993948	0.162183	0.69	0.000193671	0.00162563	0.0141934	0.91	0.0217753	8.80E-01
rs13223034:C:T	7	42701627	C	T	0.0133	0.0019	3.67E-12	--	627108	0.433317384	0.998989	6.6587	0.0099	0.00282229	0.00159476	3.13192	0.077	3.43809	6.40E-02
rs2701523:A:G	15	37384284	A	G	0.0129	0.002	3.21E-10	++	626427	0.592542901	0.98337	0.00117061	0.97	0.000640183	0.0016895	0.143578	0.7	0.0830561	7.70E-01
rs4686696:G:A	3	185516520	A	G	0.0152	0.0018	5.67E-17	++	693522	0.043303233	0.999926	0.230897	0.63	-0.000616666	0.00159652	0.149194	0.7	0.135401	7.10E-01
rs10502148:C:T	11	111647998	C	T	0.023	0.0018	5.87E-36	--	627223	0.005677232	0.993649	0.0843055	0.77	-0.000459028	0.00153101	0.089892	0.76	0.0590601	8.10E-01
rs17311057:C:T	3	78841789	T	C	0.0145	0.002	1.72E-12	++	615028	0.527089257	0.997905	1.78175	0.18	0.00308288	0.00163952	3.53574	0.06	3.57458	5.90E-02
rs174829:A:G	3	37535577	G	A	0.014	0.0019	6.28E-13	--	591813	0.255567806	0.988313	6.23649	0.013	0.00305456	0.00155988	3.83453	0.05	3.4987	6.10E-02
rs11078594:G:C	17	1612777	G	C	0.0149	0.0025	3.66E-09	-?	484563	0.432767581	1	4.26469	0.039	-0.00407501	0.00191558	4.52542	0.033	4.55317	3.30E-02
rs145878042:A:G	12	48143315	A	G	0.0812	0.0097	8.07E-17	+?	484563	0.002451119	1	3.17967	0.075	0.00945614	0.00713116	1.75836	0.18	1.69437	1.90E-01
rs2529411:G:C	7	50738482	G	C	0.0114	0.0019	2.83E-09	--	591750	0.782385949	0.995441	2.67423	0.1	0.00246481	0.00155396	2.51585	0.11	2.8843	8.90E-02
rs35344256:C:A	17	79934194	A	C	0.0142	0.0021	3.82E-11	+?	484563	0.25652775	1	0.422135	0.52	0.000149826	0.00161673	0.00858809	0.93	0.00205324	9.60E-01
rs34312154:G:A	11	47470345	A	G	0.0188	0.003	3.18E-10	++	551850	0.901205043	1	7.85992	0.0051	0.00788518	0.00237552	11.0181	0.0009	10.6804	1.10E-03
rs12459350:A:G	19	2176586	A	G	0.0141	0.0017	2.39E-16	++	694419	0.536455341	0.999463	2.74593	0.098	0.00201092	0.00149401	1.81169	0.18	2.14773	1.40E-01
rs1893781:C:A	18	42443643	A	C	0.0175	0.0028	3.27E-10	++	625010	0.238344199	0.996859	0.671207	0.41	-0.00117383	0.00232018	0.255959	0.61	0.127187	7.20E-01
rs7854560:C:T	9	98382950	T	C	0.0116	0.0019	5.85E-10	++	694360	0.311373618	1	0.656695	0.42	0.00209658	0.00163121	1.65198	0.2	1.62511	2.00E-01
rs12774134:C:T	10	4963327	C	T	0.0188	0.0027	1.99E-12	--	681187	2.92E-07	1	1.88279	0.17	0.00435527	0.00231872	3.52806	0.06	2.70161	1.00E-01
rs71511786:A:T	9	107578059	A	T	0.0228	0.0037	5.18E-10	+?	484563	0.540890308	0.989553	0.413867	0.52	0.00310587	0.00275504	1.2709	0.26	1.00863	3.20E-01
rs10055995:C:T	5	137698299	C	T	0.0109	0.0018	1.94E-09	--	627307	0.390817026	1	0.0198896	0.89	0.00162507	0.00150071	1.17261	0.28	1.1836	2.80E-01
rs2012485:C:T	8	25374910	C	T	0.0293	0.0044	2.67E-11	--	674509	0.564549943	0.998089	0.0657942	0.8	-0.00165266	0.00372796	0.196528	0.66	0.189955	6.60E-01
rs2602680:T:G	2	225066513	T	G	0.0116	0.0018	1.01E-10	++	627099	0.618291721	0.997167	1.23441	0.27	-0.00133335	0.00148429	0.806955	0.37	0.933157	3.30E-01
rs11897119:T:C	2	66772000	C	T	0.0142	0.0017	5.69E-16	--	692050	0.000395108	1	0.489479	0.48	5.29E-05	0.00150965	0.00122991	0.97	0.0169046	9.00E-01
rs56271783:G:C	11	64004723	C	G	0.059	0.0049	1.21E-33	+?	484563	3.01E-12	0.975925	2.85227	0.091	0.00674431	0.00360568	3.49865	0.061	3.7721	5.20E-02
rs2997447:G:A	1	26387423	G	A	0.0137	0.0021	1.38E-10	--	693774	0.100162818	0.976298	7.29388	0.0069	-0.00343707	0.00182852	3.53326	0.06	3.22673	7.20E-02
rs322396:A:G	5	172160736	A	G	0.0119	0.002	2.88E-09	+?	484563	0.585696865	1	0.88909	0.35	-0.00178445	0.0015047	1.4064	0.24	1.37499	2.40E-01
rs62012773:A:G	15	63868761	G	A	0.0174	0.0027	1.67E-10	-?	484563	0.211521259	0.999156	0.46487	0.5	0.000218174	0.00203959	0.0114425	0.91	0.0012701	9.70E-01
rs1105881:C:G	15	42072530	G	C	0.0156	0.0019	1.10E-16	--	627207	0.009033551	0.994047	0.827976	0.36	0.00084804	0.00154993	0.299371	0.58	0.511515	4.70E-01
rs10799424:T:A	1	227755475	T	A	0.0134	0.0023	3.09E-09	--	627296	0.178529236	0.997166	0.404857	0.52	3.69E-06	0.00187133	3.89E-06	1	0.00114295	9.70E-01
rs7102:T:C	16	11642242	C	T	0.0115	0.0018	1.38E-10	--	686994	1.10E-06	0.98977	0.00677979	0.93	-0.000579751	0.00154801	0.14026	0.71	0.0952929	7.60E-01
rs12608426:G:A	18	46681664	A	G	0.0249	0.0034	1.83E-13	++	627306	0.811994236	0.998386	2.95649	0.086	-0.00647777	0.00291343	4.94357	0.026	5.13377	2.30E-02
rs2294823:C:T	6	22596987	T	C	0.0116	0.0019	2.72E-09	++	626461	0.837260818	0.987775	1.51837	0.22	0.000441346	0.00161364	0.0748072	0.78	0.0460377	8.30E-01
rs1805740:G:T	12	9075014	G	T	0.0179	0.002	1.16E-19	--	627211	0.03435081	0.998009	1.4425	0.23	-0.00173	0.00165248	1.09602	0.3	1.06986	3.00E-01
rs2786198:A:G	10	119313196	A	G	0.0134	0.0021	1.84E-10	+?	484563	0.093793904	0.989116	2.19617	0.14	0.00249981	0.00159273	2.46336	0.12	2.26443	1.30E-01
rs711869:G:A	2	13073967	G	A	0.0186	0.0018	1.96E-24	--	627083	0.524331993	0.981668	1.45062	0.23	-0.00137893	0.00149861	0.846651	0.36	1.32711	2.50E-01
rs17326656:G:T	2	48962291	T	G	0.0153	0.0021	5.77E-13	++	627216	3.57E-09	0.989881	0.931065	0.33	-0.0013106	0.00174014	0.567245	0.45	0.393357	5.30E-01
rs357438:G:C	7	138023288	G	C	0.0114	0.0019	3.79E-09	-+	612429	0.729326191	0.993367	0.0752817	0.78	-0.000299927	0.00157126	0.0364363	0.85	0.0381546	8.50E-01
rs11746028:C:T	5	180645425	C	T	0.0141	0.0024	2.00E-09	--	626925	0.965879723	1	0.00178546	0.97	0.000457257	0.00195327	0.0548019	0.81	0.0139134	9.10E-01
rs17703883:T:C	15	51530097	C	T	0.0149	0.0021	7.27E-13	--	627178	0.00515158	0.995352	1.72015	0.19	0.00115602	0.00171042	0.456796	0.5	0.498951	4.80E-01
rs7395513:G:A	11	69262756	G	A	0.0214	0.002	9.35E-27	-?	484563	0.004735182	0.99223	0.100699	0.75	0.00133416	0.00149726	0.793999	0.37	0.613513	4.30E-01
rs12692387:T:C	2	9698190	C	T	0.0134	0.0021	1.97E-10	-?	484563	0.572459812	0.974111	0.422003	0.52	0.00079284	0.00159212	0.247982	0.62	0.368944	5.40E-01
rs805768:C:T	20	5666891	T	C	0.0179	0.0023	1.65E-14	+?	484563	0.653321356	0.987885	2.46698	0.12	0.00186878	0.00175051	1.13969	0.29	1.16297	2.80E-01
rs2279469:G:C	1	164740405	C	G	0.013	0.0018	7.92E-13	++	616758	0.11459683	0.983999	2.13108	0.14	0.00173448	0.00148635	1.36174	0.24	1.35046	2.50E-01
rs9678859:A:G	2	100288478	A	G	0.0188	0.0023	7.97E-16	++	627274	0.072397296	0.99681	0.084354	0.77	0.00111493	0.00191328	0.339577	0.56	0.216973	6.40E-01
rs2836141:T:C	21	39455061	T	C	0.0154	0.0018	1.55E-17	++	627051	0.004749556	0.997176	2.31012	0.13	0.00144871	0.00150397	0.927858	0.34	0.947218	3.30E-01
rs7070749:G:A	10	63882682	A	G	0.0136	0.002	9.10E-12	+?	484563	0.008631718	0.995798	0.0598393	0.81	-0.000126914	0.00149678	0.00718962	0.93	0.0101674	9.20E-01
rs7119797:C:T	11	62166235	C	T	0.013	0.0018	5.49E-13	--	627021	0.121097769	0.990757	0.565836	0.45	-0.000761164	0.00149182	0.26033	0.61	0.320182	5.70E-01
rs9644033:A:T	8	23610639	A	T	0.0222	0.0021	3.40E-26	++	626939	3.07E-20	0.997191	0.099745	0.75	-0.00138338	0.0017424	0.630356	0.43	0.618888	4.30E-01
rs1223581:C:T	10	95745593	T	C	0.0111	0.0018	6.96E-10	++	626657	0.955848752	0.989486	1.32697	0.25	-0.00157479	0.00148958	1.11768	0.29	0.935477	3.30E-01
rs17511102:A:T	2	37960613	T	A	0.02	0.0033	7.96E-10	--	611740	0.100789807	1	0.0146625	0.9	0.000818043	0.00258828	0.0998917	0.75	0.143195	7.10E-01
rs144926207:T:C	9	140079779	T	C	0.0319	0.0053	1.60E-09	+?	484563	0.939961954	0.861318	0.025613	0.87	0.00523119	0.0038963	1.80259	0.18	1.78657	1.80E-01
rs1494204:C:T	10	27904321	C	T	0.0147	0.0018	8.06E-16	--	626936	0.18393783	0.991012	0.000388864	0.98	-0.000266266	0.00150553	0.0312792	0.86	0.00204494	9.60E-01
rs13010546:C:T	2	171370986	T	C	0.0136	0.002	8.79E-12	++	626339	0.762441952	1	0.319492	0.57	8.72E-05	0.00149007	0.00342112	0.95	0.00500207	9.40E-01
rs55920843:T:G	2	158412701	T	G	0.0859	0.0093	2.68E-20	+?	484563	0.000130131	1	1.76524	0.18	-0.00975828	0.00679145	2.06453	0.15	2.39067	1.20E-01
rs6985478:G:A	8	25780152	A	G	0.0148	0.002	5.96E-14	++	626686	0.979516717	0.995575	0.501466	0.48	-0.00131962	0.00163677	0.65002	0.42	0.858349	3.50E-01
rs11592754:A:C	10	32619572	C	A	0.0215	0.0025	3.22E-18	--	694498	0.268842877	0.996712	0.00342367	0.95	-0.00191945	0.00211534	0.823369	0.36	0.634027	4.30E-01
rs4489410:A:C	9	131591649	C	A	0.012	0.002	4.58E-09	--	627259	0.026856696	0.999344	3.82406	0.051	0.00204426	0.00170977	1.42954	0.23	1.14671	2.80E-01
rs1757471:C:T	10	34168090	T	C	0.0146	0.0018	5.47E-16	++	626934	0.07645485	1	1.29495	0.26	-0.00120173	0.00148415	0.655629	0.42	0.70846	4.00E-01
rs11205773:T:C	1	51284905	T	C	0.0187	0.0031	2.31E-09	++	627317	0.885263217	0.999116	0.125751	0.72	-0.000114412	0.00259561	0.00194295	0.96	0.00902096	9.20E-01
rs3741378:C:T	11	65408937	C	T	0.0224	0.0025	1.13E-19	--	691070	0.003026715	1	1.80207	0.18	0.00288556	0.0021584	1.7873	0.18	1.85157	1.70E-01
rs17417407:G:T	10	95931087	T	G	0.0138	0.0023	1.31E-09	++	684754	0.036936653	1	6.00631	0.014	-0.00531287	0.00197522	7.23479	0.0072	7.18532	7.40E-03
rs6054471:T:C	20	6674887	T	C	0.0122	0.0021	4.10E-09	++	627050	0.214758781	0.989721	4.06703	0.044	0.00213662	0.00170557	1.56933	0.21	1.25766	2.60E-01