RSID	CHR	POS	GENPOS	A1	A0	WHR.Combined.INFO	WHR.Combined.CHISQ_LINREG	WHR.Combined.P_LINREG	WHR.Combined.SE	WHR.Combined.CHISQ_BOLT_LMM_INF	WHR.Combined.P_INF	WHR.Combined.CHISQ_BOLT_LMM	WHR.Combined.P_BOLT_LMM	WHR.Combined.BETA	WHR.Combined.A1_FREQ	BF.Combined.INFO	BF.Combined.CHISQ_LINREG	BF.Combined.P_LINREG	BF.Combined.SE	BF.Combined.CHISQ_BOLT_LMM_INF	BF.Combined.P_INF	BF.Combined.CHISQ_BOLT_LMM	BF.Combined.P_BOLT_LMM	BF.Combined.BETA	BF.Combined.A1_FREQ	WHRadjBMI.Combined.SE	WHRadjBMI.Combined.Pvalue	WHRadjBMI.Combined.dir	WHRadjBMI.Combined.N	WHRadjBMI.Combined.info	WHRadjBMI.Combined.BETA	WHRadjBMI.Combined.A1FREQ

rs10049088	3	156797648	0	C	T	0.995574	208.347	0	0.0021901	184.633	4.70E-42	189.178	4.80E-43	0.029759	0.613208	0.995574	28.1444	0.00000011	0.00152437	19.3106	0.000011	19.9435	8.00E-06	6.70E-03	0.613142	0.0018	1.45E-59	--	681080	0.995574	0.029	0.6185

rs10054063	5	173392398	0	A	T	0.98038	51.1567	8.5E-13	0.00231691	57.8903	2.8E-14	58.9422	1.6E-14	0.0176284	0.311815	0.98038	9.40087	0.0022	0.00161378	7.93037	0.0049	7.38705	6.60E-03	-4.54E-03	0.311774	0.002	1.97E-39	--	547776	0.98038	0.0268	0.3792

rs10055995	5	137698299	0	C	T	1	18.608	0.000016	0.00215462	12.3145	0.00045	11.7565	0.00061	0.00756098	0.419132	1	0.0198896	0.89	0.00150071	1.17261	0.28	1.1836	2.80E-01	-1.63E-03	0.418721	0.0018	1.94E-09	--	627307	1	0.0109	0.4212

rs10100423	8	72407115	0	A	T	0.995547	91.2363	1.30E-21	0.00400466	76.1931	2.60E-18	79.0439	6.10E-19	0.0349561	0.076931	0.995547	0.0391299	0.84	0.00278831	3.80055	0.051	2.87872	9.00E-02	-5.44E-03	0.077044	0.0034	5.91E-34	--	615531	0.995547	0.0418	0.0715

rs10100533	8	135706219	0	A	G	0.996823	23.7922	0.0000011	0.00219639	22.9377	0.0000017	23.5752	0.0000012	0.0105193	0.617991	0.996823	3.29806	0.069	0.00152955	3.07325	0.08	2.82905	9.30E-02	-2.68E-03	0.617834	0.0018	8.43E-15	++	627307	0.996823	0.0143	0.6217

rs10249651	7	117064625	0	T	C	0.996415	35.8624	2.1E-09	0.00223904	59.4819	1.2E-14	53.5287	2.5E-13	0.0172685	0.347532	0.996415	2.34609	0.13	0.00155975	5.59605	0.018	5.86141	1.50E-02	3.69E-03	0.34729	0.0018	1.22E-16	--	694556	0.996415	0.0147	0.3731

rs1029472	5	130867733	0	G	A	0.997384	1.74378	0.19	0.0045631	3.70165	0.054	3.08948	0.079	0.00877927	0.0577824	0.997384	22.6362	0.000002	0.00318101	25.2387	0.00000051	24.7321	6.60E-07	-1.60E-02	0.0576886	0.0042	1.74E-09	-?	484563	0.997384	0.0251	0.0593

rs1029645	17	70295760	0	G	A	0.995081	17.4311	0.00003	0.00214682	16.7568	0.000042	16.8993	0.000039	0.00878802	0.450049	0.995081	0.464655	0.5	0.00149784	0.750727	0.39	0.706191	4.00E-01	-1.30E-03	0.449765	0.0018	7.20E-13	--	627175	0.995081	0.0129	0.455

rs1035942	19	7199803	0	A	G	0.997307	22.8336	0.0000018	0.00238122	30.8108	0.000000028	28.778	0.000000081	0.0132176	0.27907	0.997307	3.74964	0.053	0.00166106	1.43734	0.23	1.753	1.90E-01	-1.99E-03	0.279295	0.002	2.14E-12	++	626240	0.997307	0.0141	0.2746

rs1045241	5	118729286	0	C	T	0.990114	25.7741	0.00000038	0.00240783	18.672	0.000016	18.351	0.000018	0.0104045	0.728672	0.990114	19.1379	0.000012	0.00167637	35.0089	3.3E-09	35.6702	2.30E-09	-9.92E-03	0.728742	0.0019	3.51E-22	--	694273	0.990114	0.0185	0.7183

rs10462028	4	56298300	0	G	A	0.99994	31.1893	0.000000023	0.00226791	36.5376	1.5E-09	35.0885	3.2E-09	0.0137087	0.327464	0.99994	30.5604	0.000000032	0.00157994	34.0901	5.3E-09	35.4522	2.60E-09	-9.22E-03	0.327334	0.0019	2.95E-23	++	627124	0.99994	0.0189	0.3237

rs10463416	5	148572915	0	G	A	0.998324	8.73049	0.0031	0.00220052	6.47648	0.011	6.51704	0.011	0.00560009	0.373442	0.998324	6.96288	0.0083	0.00153237	9.90124	0.0017	9.00591	2.70E-03	-4.82E-03	0.373535	0.0018	9.28E-14	++	627148	0.998324	0.0137	0.3589

rs10502148	11	111647998	0	C	T	0.993649	62.6656	2.4E-15	0.00219637	82.3837	1.10E-19	79.9855	3.80E-19	0.0199354	0.617194	0.993649	0.0843055	0.77	0.00153101	0.089892	0.76	0.0590601	8.10E-01	4.59E-04	0.617133	0.0018	5.87E-36	--	627223	0.993649	0.023	0.6428

rs10507524	13	44684600	0	T	C	0.993459	21.7774	0.0000031	0.00365184	19.1521	0.000012	18.3668	0.000018	0.0159816	0.09478	0.993459	0.0406469	0.84	0.00254356	0.103168	0.75	0.0163292	9.00E-01	-8.17E-04	0.094922	0.0031	2.68E-09	--	627283	0.993459	0.0182	0.0954

rs1051684	17	62006497	0	A	G	0.998495	36.1021	1.9E-09	0.00223633	30.4844	0.000000034	29.3059	0.000000062	0.0123474	0.350332	0.998495	28.8219	0.000000079	0.00155949	30.522	0.000000033	29.3396	6.10E-08	8.62E-03	0.350612	0.0019	4.39E-12	++	592045	0.998495	0.0132	0.3555

rs1057119	14	23746269	0	C	G	1	8.63488	0.0033	0.00249733	7.39683	0.0065	7.10925	0.0077	0.00679201	0.761679	1	0.131417	0.72	0.00174182	0.000253799	0.99	0.000445348	9.80E-01	2.77E-05	0.76196	0.0022	9.17E-10	++	620993	1	0.0134	0.7725

rs10745659	12	94092690	0	C	G	0.992346	42.2673	8E-11	0.00215374	38.784	4.7E-10	37.0112	1.2E-09	0.0134128	0.44744	0.992346	17.8839	0.000023	0.0015001	13.6282	0.00022	13.4743	2.40E-04	5.54E-03	0.447752	0.0018	1.82E-12	--	627031	0.992346	0.0127	0.4393

rs10778504	12	107120424	0	C	T	0.999088	18.7606	0.000015	0.00223843	25.9612	0.00000035	23.8764	0.000001	0.0114053	0.345115	0.999088	2.96191	0.085	0.00155917	2.74281	0.098	3.09487	7.90E-02	-2.58E-03	0.3451	0.0021	2.53E-14	+?	484563	0.999088	0.0158	0.3497

rs10799424	1	227755475	0	T	A	0.997166	3.10613	0.078	0.00269173	7.59914	0.0058	7.43499	0.0064	0.00742016	0.80644	0.997166	0.404857	0.52	0.00187133	3.89032E-06	1	0.00114295	9.70E-01	-3.69E-06	0.806232	0.0023	3.09E-09	--	627296	0.997166	0.0134	0.7987

rs10808546	8	126495818	0	C	T	0.990671	13.2219	0.00028	0.00214992	12.3601	0.00044	11.6023	0.00066	0.00755844	0.551523	0.990671	27.1808	0.00000019	0.00149806	34.7149	3.8E-09	34.7017	3.80E-09	-8.83E-03	0.551345	0.0017	1.98E-20	--	694436	0.990671	0.0159	0.578

rs10817896	9	119232655	0	C	T	0.991428	17.9068	0.000023	0.00240413	17.6171	0.000027	16.637	0.000045	0.0100908	0.271688	0.991428	2.08692	0.15	0.00167506	1.5721	0.21	1.86014	1.70E-01	2.10E-03	0.271785	0.002	3.30E-10	++	626971	0.991428	0.0126	0.2768

rs10820747	9	107686823	0	G	A	0.995642	46.6534	8.5E-12	0.00251074	68.7645	1.10E-16	70.0319	5.80E-17	0.0208202	0.237775	0.995642	5.65242	0.017	0.00174978	2.63201	0.1	2.55727	1.10E-01	-2.84E-03	0.237531	0.0023	1.10E-31	+?	484563	0.995642	0.0271	0.2404

rs10827226	10	33559319	0	T	C	0.977712	25.5885	0.00000042	0.00309951	30.7188	0.00000003	31.6133	0.000000019	0.0171789	0.14033	0.977712	0.189344	0.66	0.00215843	0.173993	0.68	0.127052	7.20E-01	-9.00E-04	0.140409	0.0029	4.80E-12	+?	484563	0.977712	0.0198	0.1417

rs10842707	12	26471364	0	C	T	0.993975	115.284	6.80E-27	0.00257618	116.95	2.90E-27	119.603	7.70E-28	0.0278597	0.220408	0.993975	3.49878	0.061	0.00179473	4.2668	0.039	4.73594	3.00E-02	-3.71E-03	0.220295	0.0021	1.52E-62	++	694586	0.993975	0.0343	0.204

rs10843804	12	30814864	0	T	C	0.998546	30.7785	0.000000029	0.00245118	29.8762	0.000000046	29.0582	0.00000007	0.0133979	0.747699	0.998546	0.782265	0.38	0.00170741	1.60249	0.21	1.47767	2.20E-01	2.16E-03	0.74772	0.0021	1.34E-13	++	627192	0.998546	0.0153	0.7624

rs10878367	12	66436097	0	T	A	0.984942	48.2858	3.7E-12	0.00238181	41.8067	1E-10	41.4022	1.2E-10	0.0154003	0.282627	0.984942	0.52885	0.47	0.00165885	3.96403	0.046	3.86955	4.90E-02	-3.30E-03	0.282712	0.002	5.84E-21	++	611538	0.984942	0.019	0.295

rs10880823	12	45986738	0	T	C	0.992743	14.3458	0.00015	0.00253593	12.9485	0.00032	12.9278	0.00032	0.00912528	0.228309	0.992743	2.72704	0.099	0.00176795	3.17939	0.075	3.06134	8.00E-02	-3.15E-03	0.228174	0.0021	5.65E-10	--	626603	0.992743	0.0132	0.2338

rs10887759	10	89603424	0	G	A	0.988031	31.9714	0.000000016	0.00294136	26.3359	0.00000029	27.1019	0.00000019	0.0150946	0.15737	0.988031	12.6878	0.00037	0.00205039	9.74771	0.0018	9.63723	1.90E-03	6.40E-03	0.157065	0.0024	1.06E-12	++	694465	0.988031	0.0173	0.1595

rs10913257	1	176778610	0	G	T	0.992108	20.1411	0.0000072	0.00213597	16.7775	0.000042	17.5041	0.000029	0.00874899	0.539202	0.992108	9.332	0.0023	0.00148599	4.6787	0.031	4.77663	2.90E-02	3.21E-03	0.539678	0.0018	2.38E-09	--	627006	0.992108	0.0107	0.5493

rs10919388	1	170372503	0	A	C	0.991758	134.413	4.40E-31	0.00240756	139.207	4.00E-32	141.476	1.30E-32	0.0284058	0.732431	0.991758	4.4735	0.034	0.00167469	7.6504	0.0057	7.81561	5.20E-03	-4.63E-03	0.732475	0.0019	9.71E-66	--	665612	0.991758	0.0333	0.7271

rs10923724	1	119546842	0	C	T	0.992599	119.525	8.00E-28	0.00215345	109.216	1.50E-25	113.354	1.80E-26	0.0225049	0.570152	0.992599	0.114246	0.74	0.00149759	0.0902072	0.76	0.0434976	8.30E-01	-4.50E-04	0.570406	0.0017	1.25E-89	++	694500	0.992599	0.0347	0.5569

rs10963067	9	17367946	0	C	A	0.996294	20.668	0.0000055	0.00377517	25.6476	0.00000041	27.5388	0.00000015	0.0191188	0.912567	0.996294	5.21632	0.022	0.00263113	8.79582	0.003	9.81187	1.70E-03	7.80E-03	0.912685	0.0032	5.86E-11	--	627315	0.996294	0.0209	0.9059

rs10980797	9	113912553	0	A	G	0.993975	39.3786	3.5E-10	0.00213858	47.7943	4.7E-12	50.516	1.2E-12	0.0147847	0.489533	0.993975	0.445633	0.5	0.00148854	0.922763	0.34	0.548048	4.60E-01	-1.43E-03	0.489647	0.002	4.52E-20	-?	484563	0.993975	0.0182	0.4806

rs11042077	11	8825966	0	G	A	0.990878	40.5453	1.9E-10	0.00224549	40.4305	2E-10	43.2991	4.7E-11	0.014278	0.650818	0.990878	31.0906	0.000000025	0.00156518	35.7683	2.2E-09	37.2564	1.00E-09	9.36E-03	0.651144	0.0019	4.99E-11	++	627010	0.990878	0.0124	0.6564

rs1105881	15	42072530	0	C	G	0.994047	26.0645	0.00000033	0.00222488	20.7243	0.0000053	21.3743	0.0000038	0.0101285	0.364211	0.994047	0.827976	0.36	0.00154993	0.299371	0.58	0.511515	4.70E-01	8.48E-04	0.364187	0.0019	1.10E-16	--	627207	0.994047	0.0156	0.3651

rs11074934	16	10979440	0	C	T	0.988985	11.231	0.0008	0.00239539	11.8983	0.00056	10.2808	0.0013	0.00826267	0.274825	0.988985	3.58901	0.058	0.00166905	3.81791	0.051	3.54917	6.00E-02	-3.26E-03	0.274839	0.002	3.79E-09	++	626749	0.988985	0.0119	0.2719

rs11078594	17	1612777	0	G	C	1	24.0562	0.00000094	0.00274575	23.6335	0.0000012	22.1628	0.0000025	0.0133483	0.814842	1	4.26469	0.039	0.00191558	4.52542	0.033	4.55317	3.30E-02	4.08E-03	0.81493	0.0025	3.66E-09	-?	484563	1	0.0149	0.813

rs11082430	18	42752377	0	C	G	0.995374	12.1536	0.00049	0.00247782	12.1274	0.0005	11.8776	0.00057	0.00862886	0.754145	0.995374	3.21681	0.073	0.00172671	4.92778	0.026	5.15359	2.30E-02	-3.83E-03	0.754062	0.0021	1.55E-09	++	627287	0.995374	0.0125	0.7379

rs11085744	19	10819967	0	C	T	0.98824	3.16376	0.075	0.00215864	6.77809	0.0092	6.51018	0.011	0.00561996	0.559128	0.98824	4.46122	0.035	0.0015063	1.06225	0.3	0.895156	3.40E-01	-1.55E-03	0.55929	0.0018	1.95E-09	++	626346	0.98824	0.0109	0.5645

rs11088991	21	46783285	0	T	C	0.988268	13.8659	0.0002	0.00217125	13.9507	0.00019	13.0039	0.00031	0.00810977	0.423755	0.988268	15.4207	0.000086	0.00151623	20.6223	0.0000056	18.8911	1.40E-05	-6.89E-03	0.423594	0.002	5.26E-10	+?	484563	0.988268	0.0125	0.4172

rs1111875	10	94462882	0	C	T	1	12.7048	0.00036	0.00216757	13.0463	0.0003	11.8864	0.00057	0.00782918	0.591492	1	0.627712	0.43	0.00151015	0.346079	0.56	0.487732	4.80E-01	-8.88E-04	0.591467	0.0017	8.72E-11	--	694419	1	0.0112	0.5821

rs11129657	3	35636709	0	T	C	0.989043	55.419	9.7E-14	0.00262021	57.7943	2.9E-14	58.2871	2.3E-14	0.0199195	0.210606	0.989043	36.7251	1.4E-09	0.00182368	41.1276	1.4E-10	42.0286	9.00E-11	1.17E-02	0.210635	0.0022	2.31E-11	--	627182	0.989043	0.0147	0.2075

rs11134029	5	4025324	0	T	C	0.994925	37.2002	1.1E-09	0.00214605	36.0951	1.9E-09	36.8137	1.3E-09	0.0128933	0.554697	0.994925	0.368566	0.54	0.00149496	0.624931	0.43	0.55339	4.60E-01	-1.18E-03	0.554703	0.002	5.72E-13	+?	484563	0.994925	0.0143	0.5456

rs11187537	10	95346805	0	G	C	0.9976	24.6951	0.00000067	0.00241492	23.6491	0.0000012	22.2197	0.0000024	0.0117438	0.264449	0.9976	1.98024	0.16	0.0016822	2.50388	0.11	3.28732	7.00E-02	-2.66E-03	0.264623	0.0021	2.43E-15	++	610077	0.9976	0.0163	0.2633

rs11204762	1	150999737	0	A	G	1	17.2054	0.000034	0.00247431	14.5157	0.00014	13.6212	0.00022	0.00942698	0.755661	1	2.9755	0.085	0.00172214	3.89048	0.049	4.18305	4.10E-02	-3.40E-03	0.755747	0.0021	3.39E-11	++	625850	1	0.014	0.7695

rs11205773	1	51284905	0	T	C	0.999116	7.08522	0.0078	0.00372728	7.57032	0.0059	7.90313	0.0049	0.0102553	0.910902	0.999116	0.125751	0.72	0.00259561	0.00194295	0.96	0.00902096	9.20E-01	-1.14E-04	0.911165	0.0031	2.31E-09	++	627317	0.999116	0.0187	0.9074

rs11235	3	52745087	0	T	C	0.998797	54.8325	1.3E-13	0.00213463	50.0014	1.5E-12	50.8786	9.8E-13	0.0150943	0.454129	0.998797	1.36408	0.24	0.00148622	0.19369	0.66	0.0588642	8.10E-01	6.54E-04	0.454289	0.0018	1.23E-36	--	674682	0.998797	0.0222	0.4604

rs112907088	5	142083969	0	A	G	0.976021	15.5777	0.000079	0.00685055	20.7346	0.0000053	20.0304	0.0000076	0.0311941	0.025165	0.976021	3.30418	0.069	0.00477522	3.12956	0.077	2.69859	1.00E-01	-8.45E-03	0.025123	0.0065	2.25E-10	-?	484563	0.976021	0.0409	0.0245

rs1139653	16	4484396	0	A	T	1	42.1193	8.6E-11	0.00237584	43.296	4.7E-11	43.8116	3.6E-11	0.015633	0.280282	1	0.353473	0.55	0.00165521	0.137101	0.71	0.196991	6.60E-01	6.13E-04	0.279953	0.002	7.49E-20	++	626749	1	0.0181	0.2851

rs1144	7	104756355	0	T	C	0.996493	36.178	1.8E-09	0.00221963	43.1386	5.1E-11	43.2986	4.7E-11	0.0145786	0.361893	0.996493	26.87	0.00000022	0.00154666	29.5921	0.000000053	29.8537	4.70E-08	8.41E-03	0.361911	0.0018	5.57E-17	--	688248	0.996493	0.015	0.3358

rs114760566	6	34192036	0	C	A	0.99322	190.47	2.49E-43	0.00512627	167.566	2.50E-38	170.653	5.30E-39	0.0663582	0.045155	0.99322	0.0907412	0.76	0.00357937	2.89661	0.089	3.43904	6.40E-02	-6.09E-03	0.045057	0.0049	9.03E-82	+?	484563	0.99322	0.0932	0.0432

rs11574514	16	67971380	0	C	T	1	16.8894	0.00004	0.00529851	21.575	0.0000034	20.1047	0.0000073	0.024611	0.957828	1	2.04342	0.15	0.00369701	4.71773	0.03	4.16601	4.10E-02	8.03E-03	0.957949	0.0043	5.04E-11	--	680758	1	0.0285	0.959

rs11592754	10	32619572	0	A	C	0.996712	26.8043	0.00000023	0.00303521	21.901	0.0000029	21.5748	0.0000034	0.0142043	0.14385	0.996712	0.00342367	0.95	0.00211534	0.823369	0.36	0.634027	4.30E-01	-1.92E-03	0.143837	0.0025	3.22E-18	--	694498	0.996712	0.0215	0.1408

rs11670056	19	18589943	0	C	T	1	12.5555	0.0004	0.00404089	10.2134	0.0014	9.83353	0.0017	0.012914	0.924682	1	1.04769	0.31	0.0028194	2.61362	0.11	3.02138	8.20E-02	-4.56E-03	0.924622	0.0038	4.30E-10	-?	484563	1	0.0237	0.9267

rs11722554	4	5016883	0	G	A	1	8.68869	0.0032	0.00559696	16.5123	0.000048	15.0047	0.00011	0.0227435	0.962315	1	0.0383348	0.84	0.0038961	2.67172	0.1	2.17015	1.40E-01	6.37E-03	0.962307	0.0049	1.32E-11	--	565482	1	0.0334	0.9623

rs11724804	4	965779	0	G	A	0.995671	62.2562	3E-15	0.00214202	64.957	7.70E-16	67.0416	2.70E-16	0.0172638	0.550345	0.995671	25.9747	0.00000035	0.00149166	28.4203	0.000000098	29.9155	4.50E-08	7.95E-03	0.550045	0.0018	7.61E-21	--	624890	0.995671	0.017	0.5564

rs11746028	5	180645425	0	C	T	1	11.5582	0.00067	0.00280429	14.0334	0.00018	13.8145	0.0002	0.0105052	0.825364	1	0.00178546	0.97	0.00195327	0.0548019	0.81	0.0139134	9.10E-01	-4.57E-04	0.825341	0.0024	2.00E-09	--	626925	1	0.0141	0.8187

rs11747001	5	132412299	0	A	G	0.998801	45.6699	1.4E-11	0.00250912	45.5272	1.5E-11	47.7456	4.9E-12	0.01693	0.763681	0.998801	0.0269783	0.87	0.00174738	0.039755	0.84	0.0579439	8.10E-01	3.48E-04	0.763805	0.002	7.73E-18	++	694337	0.998801	0.0172	0.7639

rs11757455	6	112522852	0	G	A	1	2.70736	0.1	0.00424554	5.59058	0.018	5.79743	0.016	0.0100383	0.93297	1	16.6695	0.000044	0.00295983	14.0503	0.00018	13.0078	3.10E-04	-1.11E-02	0.932947	0.0037	2.20E-09	--	620513	1	0.0221	0.9397

rs11770285	7	107616011	0	C	G	0.997863	25.512	0.00000044	0.00366611	27.8887	0.00000013	28.7047	0.000000084	0.0193606	0.907033	0.997863	8.73378	0.0031	0.0025569	10.7779	0.001	10.5374	1.20E-03	-8.39E-03	0.90713	0.0031	7.06E-24	++	627284	0.997863	0.0309	0.9006

rs11786566	8	23884506	0	T	G	0.983579	8.59654	0.0034	0.00215754	10.3648	0.0013	10.3364	0.0013	0.00694605	0.45118	0.983579	3.27051	0.071	0.00150235	2.90951	0.088	2.58972	1.10E-01	-2.56E-03	0.451581	0.0018	2.77E-09	--	620250	0.983579	0.0109	0.454

rs11897119	2	66772000	0	T	C	1	29.0559	0.00000007	0.00217257	35.8328	2.1E-09	33.4046	7.5E-09	0.0130051	0.395615	1	0.489479	0.48	0.00150965	0.00122991	0.97	0.0169046	9.00E-01	5.29E-05	0.395986	0.0017	5.69E-16	--	692050	1	0.0142	0.4048

rs1190982	14	58815839	0	T	C	0.997466	41.5343	1.2E-10	0.00231358	51.2439	8.2E-13	47.6818	5E-12	0.0165617	0.305976	0.997466	1.76017	0.18	0.00161251	2.16619	0.14	2.3315	1.30E-01	2.37E-03	0.306035	0.0019	2.46E-16	++	626709	0.997466	0.0159	0.3027

rs12138803	1	172348823	0	C	T	0.998836	80.8827	2.40E-19	0.00239489	61.96	3.5E-15	64.2071	1.1E-15	0.0188513	0.269261	0.998836	0.0148201	0.9	0.00166561	2.03475	0.15	1.81346	1.80E-01	-2.38E-03	0.269491	0.0019	9.89E-39	++	693735	0.998836	0.0254	0.2018

rs1223581	10	95745593	0	C	T	0.989486	8.99958	0.0027	0.00213862	10.6728	0.0011	10.6625	0.0011	0.00698671	0.493715	0.989486	1.32697	0.25	0.00148958	1.11768	0.29	0.935477	3.30E-01	1.57E-03	0.494272	0.0018	6.96E-10	++	626657	0.989486	0.0111	0.5035

rs12325187	16	3364997	0	C	G	0.990636	11.959	0.00054	0.0024356	8.10476	0.0044	7.35883	0.0067	0.00693386	0.738238	0.990636	2.84467	0.092	0.00169533	5.01063	0.025	5.1405	2.30E-02	-3.79E-03	0.738212	0.0021	8.30E-10	++	626249	0.990636	0.0127	0.7323

rs12419064	11	10320608	0	A	G	0.997454	36.2581	1.7E-09	0.00213076	32.904	9.7E-09	33.7956	6.1E-09	0.0122225	0.491324	0.997454	55.5344	9.2E-14	0.00148517	51.6556	6.6E-13	50.8542	9.90E-13	1.07E-02	0.491333	0.0019	4.53E-14	--	551840	0.997454	0.0141	0.539

rs12435790	14	35154381	0	A	G	0.963582	12.2142	0.00047	0.00404685	14.5876	0.00013	14.0207	0.00018	0.0154564	0.921982	0.963582	3.40093	0.065	0.0028206	4.44924	0.035	4.51594	3.40E-02	-5.95E-03	0.921899	0.0035	1.16E-09	++	605319	0.963582	0.0214	0.9209

rs12441543	15	31689543	0	G	A	0.994264	32.2307	0.000000014	0.00236155	38.9412	4.4E-10	35.9973	0.000000002	0.0147368	0.712974	0.994264	42.7365	6.3E-11	0.00164625	49.0554	2.5E-12	50.4425	1.20E-12	-1.15E-02	0.713039	0.002	8.68E-22	--	625657	0.994264	0.0189	0.7104

rs12442323	15	67654919	0	C	T	0.997427	55.8149	8E-14	0.00253431	53.9614	2E-13	53.671	2.4E-13	0.0186166	0.769108	0.997427	78.3323	8.70E-19	0.00176708	80.9624	2.30E-19	86.1111	1.70E-20	1.59E-02	0.769152	0.0022	1.71E-11	--	551869	0.997427	0.0149	0.7916

rs12454712	18	60845884	0	T	C	1	10.2127	0.0014	0.00220192	11.899	0.00056	12.4766	0.00041	0.00759549	0.62373	1	29.0262	0.000000071	0.00153523	27.311	0.00000017	27.2542	1.80E-07	-8.02E-03	0.623543	0.0018	1.33E-20	++	654356	1	0.017	0.6243

rs12459350	19	2176586	0	A	G	0.999463	39.6641	3E-10	0.00214075	37.373	9.8E-10	36.0897	1.9E-09	0.0130872	0.5384	0.999463	2.74593	0.098	0.00149401	1.81169	0.18	2.14773	1.40E-01	2.01E-03	0.538185	0.0017	2.39E-16	++	694419	0.999463	0.0141	0.5422

rs12494105	3	168949093	0	G	C	0.994396	33.7627	6.2E-09	0.00217587	29.4022	0.000000059	30.0169	0.000000043	0.0117984	0.600324	0.994396	3.91452	0.048	0.00151541	2.86905	0.09	3.14315	7.60E-02	2.57E-03	0.600425	0.0018	2.42E-11	--	627054	0.994396	0.0123	0.5961

rs1250259	2	216300482	0	T	A	0.993558	19.0544	0.000013	0.00241481	16.0841	0.000061	15.8689	0.000068	0.00968459	0.264511	0.993558	0.31252	0.58	0.00167961	0.202885	0.65	0.2679	6.00E-01	-7.57E-04	0.264272	0.002	1.04E-15	--	614270	0.993558	0.0164	0.2591

rs12527712	6	80916967	0	C	T	0.999789	45.611	1.4E-11	0.00393442	59.0222	1.6E-14	58.4788	2.1E-14	0.0302266	0.079303	0.999789	1.75241	0.19	0.00274077	0.30883	0.58	0.307563	5.80E-01	-1.52E-03	0.079417	0.0033	6.85E-25	++	627314	0.999789	0.0339	0.0881

rs12543555	8	69562014	0	A	G	0.983153	9.98927	0.0016	0.0026383	7.99647	0.0047	8.43991	0.0037	0.00746058	0.209077	0.983153	19.1198	0.000012	0.00183977	22.1212	0.0000026	20.6971	5.40E-06	-8.65E-03	0.208935	0.0022	1.79E-10	--	694376	0.983153	0.0138	0.1912

rs12608426	18	46681664	0	G	A	0.998386	41.326	1.3E-10	0.00417987	40.6058	1.9E-10	37.8991	7.5E-10	0.0266352	0.070035	0.998386	2.95649	0.086	0.00291343	4.94357	0.026	5.13377	2.30E-02	6.48E-03	0.070077	0.0034	1.83E-13	++	627306	0.998386	0.0249	0.0789

rs12608504	19	18389135	0	A	G	0.9985	170.274	6.40E-39	0.00221772	170.67	5.30E-39	172.951	1.70E-39	0.0289724	0.366404	0.9985	102.886	3.50E-24	0.0015469	112.784	2.40E-26	111.255	5.20E-26	1.64E-02	0.366598	0.0018	3.09E-47	++	694553	0.9985	0.0258	0.3596

rs12684047	9	111972671	0	T	A	0.960641	39.4848	3.3E-10	0.0027516	38.6508	5.1E-10	38.5953	5.2E-10	0.0171066	0.806891	0.960641	18.1197	0.000021	0.00191646	15.1542	0.000099	15.2526	9.40E-05	7.46E-03	0.806901	0.0024	6.85E-11	--	626144	0.960641	0.0154	0.8086

rs12686771	9	95472584	0	C	T	0.998638	28.6031	0.000000089	0.00286561	33.7376	6.3E-09	34.4524	4.4E-09	0.0166446	0.166093	0.998638	1.40275	0.24	0.00199617	1.17836	0.28	1.37417	2.40E-01	2.17E-03	0.165963	0.0024	6.84E-20	++	627315	0.998638	0.0219	0.1623

rs12692387	2	9698190	0	T	C	0.974111	34.6273	0.000000004	0.00229054	34.1264	5.2E-09	36.5857	1.5E-09	0.0133808	0.674225	0.974111	0.422003	0.52	0.00159212	0.247982	0.62	0.368944	5.40E-01	7.93E-04	0.673993	0.0021	1.97E-10	-?	484563	0.974111	0.0134	0.6685

rs12694042	2	207029825	0	C	T	0.987203	8.13259	0.0043	0.00213478	7.93462	0.0048	7.63601	0.0057	0.00601334	0.500963	0.987203	0.00392741	0.95	0.00148387	0.171697	0.68	0.202344	6.50E-01	6.15E-04	0.500693	0.002	6.15E-10	+?	484563	0.987203	0.0122	0.5019

rs12774134	10	4963327	0	C	T	1	29.0542	0.00000007	0.00332853	29.3109	0.000000062	30.0927	0.000000041	0.0180205	0.884355	1	1.88279	0.17	0.00231872	3.52806	0.06	2.70161	1.00E-01	-4.36E-03	0.884344	0.0027	1.99E-12	--	681187	1	0.0188	0.8814

rs12823266	12	131441717	0	A	G	0.995955	15.0001	0.00011	0.00240623	18.124	0.000021	19.5669	0.0000097	0.0102439	0.730521	0.995955	3.07328	0.08	0.00167654	7.85314	0.0051	8.33385	3.90E-03	4.70E-03	0.730437	0.0021	2.37E-10	++	606371	0.995955	0.0131	0.7241

rs12828318	12	133766122	0	A	G	0.994361	12.7567	0.00035	0.00277318	12.423	0.00042	12.0156	0.00053	0.00977443	0.819294	0.994361	6.41757	0.011	0.00193338	8.99456	0.0027	8.85464	2.90E-03	-5.80E-03	0.819337	0.0023	3.84E-14	++	684927	0.994361	0.0173	0.8262

rs1294432	6	6745027	0	C	T	0.991903	61.1791	5.2E-15	0.00213715	68.1594	1.50E-16	68.4805	1.30E-16	0.017644	0.539182	0.991903	14.3807	0.00015	0.00148985	17.8121	0.000024	18.2444	1.90E-05	-6.29E-03	0.539331	0.0017	5.24E-47	++	665396	0.991903	0.0251	0.5377

rs13010546	2	171370986	0	C	T	0.997442	32.0705	0.000000015	0.00235731	32.8403	0.00000001	33.0705	8.9E-09	0.0135089	0.283574	0.997442	0.20936	0.65	0.00163966	0.00368364	0.95	0.00433598	9.50E-01	9.95E-05	0.283435	0.002	8.79E-12	++	626339	0.997442	0.0136	0.283

rs13107325	4	103188709	0	C	T	1	0.00461313	0.95	0.00404912	1.08946	0.3	1.18367	0.28	0.00422637	0.925129	1	129.948	4.20E-30	0.00282437	118.459	1.40E-27	122.256	2.00E-28	-3.07E-02	0.925372	0.0034	3.69E-19	--	693873	1	0.0306	0.9192

rs13137905	4	15375668	0	T	G	0.998256	26.3573	0.00000028	0.00241901	26.4441	0.00000027	28.9262	0.000000075	0.0124395	0.736473	0.998256	8.54629	0.0035	0.00168497	8.59403	0.0034	9.4764	2.10E-03	4.94E-03	0.736645	0.002	3.25E-10	++	627257	0.998256	0.0128	0.7324

rs13198178	6	41702227	0	G	C	0.993145	23.8566	0.000001	0.00430857	27.2078	0.00000018	28.2355	0.00000011	0.0224739	0.065782	0.993145	3.73137	0.053	0.00300374	3.17473	0.075	2.82035	9.30E-02	-5.35E-03	0.065816	0.0037	1.16E-16	++	614209	0.993145	0.0308	0.0641

rs13223034	7	42701627	0	C	T	0.998989	15.5937	0.000079	0.00228857	23.4973	0.0000013	20.9829	0.0000046	0.0110936	0.684361	0.998989	6.6587	0.0099	0.00159476	3.13192	0.077	3.43809	6.40E-02	-2.82E-03	0.684254	0.0019	3.67E-12	--	627108	0.998989	0.0133	0.6826

rs13234914	7	84577411	0	A	G	0.998933	33.2938	7.9E-09	0.00224768	35.7816	2.2E-09	34.0181	5.5E-09	0.0134451	0.341713	0.998933	0.158882	0.69	0.00156532	0.31621	0.57	0.271521	6.00E-01	-8.80E-04	0.341715	0.0019	1.28E-11	--	627209	0.998933	0.0128	0.3413

rs13256367	8	128334900	0	A	C	0.997213	38.6188	5.2E-10	0.00224626	37.4462	9.4E-10	37.8391	7.7E-10	0.0137456	0.657914	0.997213	8.20738	0.0042	0.00156556	10.0512	0.0015	9.87231	1.70E-03	-4.96E-03	0.65784	0.0019	6.15E-22	++	627055	0.997213	0.0182	0.6535

rs1328757	20	56135199	0	C	T	0.991493	29.2836	0.000000063	0.00214034	27.9447	0.00000012	26.4145	0.00000028	0.0113144	0.46731	0.991493	0.724843	0.39	0.00149364	2.0391	0.15	2.2259	1.40E-01	-2.13E-03	0.467621	0.0018	3.41E-15	++	626402	0.991493	0.0141	0.4745

rs1334576	6	7211818	0	G	A	1	66.9275	2.80E-16	0.00215067	63.053	2E-15	64.1173	1.2E-15	0.0170776	0.57562	1	1.48605	0.22	0.00149949	0.878424	0.35	0.99836	3.20E-01	1.41E-03	0.575304	0.0018	3.46E-21	--	627236	1	0.0171	0.5746

rs13379794	15	98367100	0	G	A	0.995554	8.78462	0.003	0.00219984	15.2645	0.000093	14.6719	0.00013	0.00859471	0.382176	0.995554	4.28889	0.038	0.00153321	1.48974	0.22	1.48365	2.20E-01	-1.87E-03	0.382533	0.0018	4.34E-09	++	624626	0.995554	0.0109	0.3945

rs1345203	2	112253851	0	T	C	0.99293	26.6837	0.00000024	0.00262039	33.1864	8.4E-09	32.6808	0.000000011	0.0150955	0.790647	0.99293	0.00108057	0.97	0.00182002	0.172645	0.68	0.25711	6.10E-01	7.56E-04	0.790635	0.0024	2.23E-28	+?	484563	0.99293	0.0264	0.7829

rs1364422	7	130445981	0	C	T	0.993429	20.1946	0.000007	0.00237579	24.6752	0.00000068	25.868	0.00000037	0.0118016	0.280314	0.993429	52.6671	4E-13	0.00165597	47.2661	6.2E-12	46.3796	9.70E-12	-1.14E-02	0.280226	0.0019	1.07E-16	++	694615	0.993429	0.0157	0.2684

rs1385167	2	66200648	0	A	G	0.998332	47.5207	5.4E-12	0.00312109	46.7014	8.3E-12	47.6526	5.1E-12	0.021329	0.133367	0.998332	1.99899	0.16	0.00217081	0.42161	0.52	0.491724	4.80E-01	1.41E-03	0.133276	0.0025	7.95E-27	--	691182	0.998332	0.0265	0.1379

rs139271800	15	90214777	0	A	G	0.845768	10.3498	0.0013	0.0370444	14.0501	0.00018	13.7057	0.00021	0.138855	0.999018	0.845768	6.12283	0.013	0.025485	7.20979	0.0073	7.26407	7.00E-03	-6.84E-02	0.998998	0.035	8.60E-12	+?	484563	0.845768	0.2393	0.9991

rs140201358	11	823586	0	C	G	1	37.6076	8.7E-10	0.00911632	42.6803	6.4E-11	41.6831	1.1E-10	0.059557	0.013825	1	11.4312	0.00072	0.00635309	10.5585	0.0012	10.882	9.70E-04	-2.06E-02	0.013837	0.0086	9.58E-23	-?	484563	1	0.0848	0.0132

rs1406948	20	33905619	0	G	A	0.995099	43.8992	3.5E-11	0.00221605	29.5635	0.000000054	28.443	0.000000096	0.0120492	0.630971	0.995099	11.722	0.00062	0.00154566	3.75922	0.053	4.27955	3.90E-02	3.00E-03	0.631279	0.0018	2.08E-19	--	694248	0.995099	0.0159	0.6318

rs144033177	20	571467	0	A	C	0.950289	16.7138	0.000043	0.0087093	18.6173	0.000016	19.8533	0.0000084	0.0375787	0.016013	0.950289	3.60689	0.058	0.00606957	5.77318	0.016	5.1309	2.40E-02	-1.46E-02	0.016034	0.0083	2.21E-10	-?	484563	0.950289	0.0526	0.0152

rs1440372	15	67033151	0	T	C	0.993347	34.8107	3.6E-09	0.00239829	27.7008	0.00000014	27.9087	0.00000013	0.0126226	0.727194	0.993347	14.5779	0.00013	0.00167282	6.73947	0.0094	7.50236	6.20E-03	4.34E-03	0.727189	0.0019	9.53E-16	--	692010	0.993347	0.0155	0.7334

rs144926207	9	140079779	0	T	C	0.861318	4.55702	0.033	0.00559029	12.4771	0.00041	15.6663	0.000076	0.0197465	0.956073	0.861318	0.025613	0.87	0.0038963	1.80259	0.18	1.78657	1.80E-01	5.23E-03	0.956094	0.0053	1.60E-09	+?	484563	0.861318	0.0319	0.9578

rs145878042	12	48143315	0	A	G	1	26.9116	0.00000021	0.0102348	26.5204	0.00000026	26.1101	0.00000032	0.0527073	0.989082	1	3.17967	0.075	0.00713116	1.75836	0.18	1.69437	1.90E-01	9.46E-03	0.989082	0.0097	8.07E-17	+?	484563	1	0.0812	0.9896

rs146182298	14	52531408	0	C	T	0.988814	14.2729	0.00016	0.00550305	13.0572	0.0003	12.1372	0.00049	0.0198852	0.039528	0.988814	12.5514	0.0004	0.00383211	13.5005	0.00024	13.051	3.00E-04	-1.41E-02	0.039596	0.0052	1.45E-09	+?	484563	0.988814	0.0314	0.0381

rs1481801	8	71989719	0	A	C	0.994951	27.5022	0.00000016	0.00219257	19.8691	0.0000083	18.3988	0.000018	0.00977335	0.386873	0.994951	0.0866597	0.77	0.00152776	0.985728	0.32	1.19603	2.70E-01	-1.52E-03	0.386838	0.0018	2.55E-10	++	627017	0.994951	0.0116	0.3962

rs1485745	8	25891545	0	T	G	0.991067	32.2473	0.000000014	0.00214194	26.1456	0.00000032	25.9148	0.00000036	0.0109523	0.487973	0.991067	4.99351	0.025	0.0014924	3.22468	0.073	2.99628	8.30E-02	2.68E-03	0.487882	0.0018	4.84E-11	++	626997	0.991067	0.0118	0.5131

rs1494204	10	27904321	0	C	T	0.991012	23.7156	0.0000011	0.00216002	23.1761	0.0000015	24.8554	0.00000062	0.0103987	0.577848	0.991012	0.000388864	0.98	0.00150553	0.0312792	0.86	0.00204494	9.60E-01	2.66E-04	0.577916	0.0018	8.06E-16	--	626936	0.991012	0.0147	0.581

rs149921263	4	123923955	0	G	A	0.977793	18.7199	0.000015	0.00559898	21.7108	0.0000032	22.6786	0.0000019	0.0260884	0.038422	0.977793	4.38763	0.036	0.0038955	4.98463	0.026	5.29119	2.10E-02	-8.70E-03	0.038502	0.0053	4.27E-14	+?	484563	0.977793	0.0401	0.0367

rs150841499	9	112762434	0	C	T	0.974827	14.3506	0.00015	0.00342963	14.9996	0.00011	15.0223	0.00011	0.0132827	0.888842	0.974827	0.0535334	0.82	0.00238896	0.0505114	0.82	1.35872E-07	1.00E+00	5.37E-04	0.888875	0.0032	4.11E-10	-?	484563	0.974827	0.0201	0.8915

rs1511022	4	120126233	0	C	T	0.996552	20.2599	0.0000068	0.00322816	20.1391	0.0000072	22.6565	0.0000019	0.0144869	0.124473	0.996552	24.8982	0.0000006	0.0022475	30.0153	0.000000043	31.363	2.10E-08	1.23E-02	0.124433	0.0027	6.40E-10	++	627153	0.996552	0.0169	0.1232

rs1522811	2	226992454	0	C	A	0.98928	4.86172	0.027	0.00254575	7.78225	0.0053	7.31741	0.0068	0.00710181	0.774188	0.98928	50.8042	1E-12	0.00177029	49.0364	2.5E-12	49.5126	2.00E-12	-1.24E-02	0.774115	0.0021	1.64E-09	--	627151	0.98928	0.0129	0.774

rs1541681	5	53304620	0	G	T	0.995662	51.8284	6.1E-13	0.00242788	48.9388	2.6E-12	46.5892	8.8E-12	0.0169845	0.738433	0.995662	31.7856	0.000000017	0.0016908	34.2732	4.8E-09	35.9504	2.00E-09	9.90E-03	0.738729	0.002	1.28E-09	--	627262	0.995662	0.0123	0.7379

rs1561	17	8263334	0	C	T	0.928054	11.6236	0.00065	0.00428702	12.7939	0.00035	14.5361	0.00014	0.0153341	0.071677	0.928054	3.26726	0.071	0.00298983	2.66651	0.1	2.43502	1.20E-01	4.88E-03	0.071645	0.0035	9.25E-10	++	687694	0.928054	0.0216	0.0705

rs1569135	2	188115398	0	A	G	0.996958	113.707	1.50E-26	0.00213415	94.198	2.90E-22	92.8243	5.70E-22	0.0207131	0.544538	0.996958	24.3886	0.00000079	0.00148394	13.7326	0.00021	13.6865	2.20E-04	5.50E-03	0.544687	0.0017	2.99E-33	++	694469	0.996958	0.0205	0.5373

rs1635853	7	28189549	0	T	G	0.999855	18.0161	0.000022	0.00216013	21.2198	0.0000041	23.6572	0.0000012	0.00995062	0.413789	0.999855	3.7263	0.054	0.00150513	3.9018	0.048	3.80577	5.10E-02	2.97E-03	0.413918	0.0017	6.36E-20	++	687171	0.999855	0.0159	0.4142

rs16907277	9	93972658	0	A	G	0.995757	13.0924	0.0003	0.00347051	17.329	0.000031	18.64	0.000016	0.0144471	0.105742	0.995757	4.32395	0.038	0.00241815	4.21018	0.04	4.3036	3.80E-02	-4.96E-03	0.105729	0.0029	9.08E-15	--	627291	0.995757	0.0228	0.1094

rs16976826	15	56517524	0	C	T	0.999536	28.3664	0.0000001	0.00259339	29.7584	0.000000049	29.3898	0.000000059	0.0141473	0.215517	0.999536	0.593943	0.44	0.0018078	0.575038	0.45	0.697006	4.00E-01	-1.37E-03	0.215443	0.0021	1.25E-21	++	694427	0.999536	0.0199	0.2107

rs16978854	19	13139660	0	G	A	0.993574	19.8826	0.0000082	0.0056534	19.712	0.000009	22.1811	0.0000025	0.0251001	0.962773	0.993574	1.00458	0.32	0.00394265	1.62208	0.2	1.49966	2.20E-01	-5.02E-03	0.96271	0.0048	2.74E-12	--	623343	0.993574	0.0334	0.9626

rs17067999	13	78163787	0	C	T	0.998523	10.5888	0.0011	0.00300588	12.9571	0.00032	11.9443	0.00055	0.0108199	0.85205	0.998523	0.0240868	0.88	0.00209652	0.110435	0.74	0.0711087	7.90E-01	-6.97E-04	0.852268	0.0026	1.45E-10	--	627309	0.998523	0.0164	0.8644

rs17101456	10	122875040	0	A	G	0.998029	42.3567	7.6E-11	0.00330024	40.9216	1.6E-10	43.5583	4.1E-11	0.0211116	0.118067	0.998029	1.06482	0.3	0.00230033	1.69482	0.19	1.62454	2.00E-01	-2.99E-03	0.117902	0.0028	1.34E-19	--	612070	0.998029	0.0251	0.1209

rs17154889	5	102305065	0	C	A	0.993996	13.9278	0.00019	0.00229887	14.0631	0.00018	14.4305	0.00015	0.00862093	0.686601	0.993996	5.65701	0.017	0.00160162	6.18365	0.013	5.64496	1.80E-02	-3.98E-03	0.686765	0.0019	3.90E-16	--	627201	0.993996	0.0158	0.6892

rs17289035	3	57125424	0	G	A	0.995656	14.4049	0.00015	0.00267997	15.2872	0.000092	14.541	0.00014	0.0104784	0.195967	0.995656	7.42381	0.0064	0.00186695	5.95703	0.015	5.89021	1.50E-02	-4.56E-03	0.195836	0.0022	9.17E-10	++	627310	0.995656	0.0137	0.2029

rs17311057	3	78841789	0	C	T	0.997905	10.0597	0.0015	0.00235631	8.4788	0.0036	7.59756	0.0058	0.00686119	0.285316	0.997905	1.78175	0.18	0.00163952	3.53574	0.06	3.57458	5.90E-02	-3.08E-03	0.285361	0.002	1.72E-12	++	615028	0.997905	0.0145	0.285

rs17326656	2	48962291	0	G	T	0.989881	49.8807	1.6E-12	0.00250449	48.1177	4E-12	53.6031	2.5E-13	0.0173729	0.238127	0.989881	0.931065	0.33	0.00174014	0.567245	0.45	0.393357	5.30E-01	1.31E-03	0.238252	0.0021	5.77E-13	++	627216	0.989881	0.0153	0.2346

rs17369710	8	75995382	0	T	C	0.997341	10.3699	0.0013	0.00236955	16.0948	0.00006	16.0137	0.000063	0.00950625	0.281888	0.997341	2.06233	0.15	0.00165107	1.13946	0.29	0.90732	3.40E-01	-1.76E-03	0.281824	0.002	4.59E-09	--	627239	0.997341	0.0116	0.2793

rs17417407	10	95931087	0	G	T	1	18.0399	0.000022	0.00283514	22.4637	0.0000021	21.1833	0.0000042	0.0134374	0.170346	1	6.00631	0.014	0.00197522	7.23479	0.0072	7.18532	7.40E-03	5.31E-03	0.17046	0.0023	1.31E-09	++	684754	1	0.0138	0.1705

rs174829	3	37535577	0	A	G	0.988313	36.3018	1.7E-09	0.00224113	36.5574	1.5E-09	33.7432	6.3E-09	0.0135505	0.650104	0.988313	6.23649	0.013	0.00155988	3.83453	0.05	3.4987	6.10E-02	3.05E-03	0.649924	0.0019	6.28E-13	--	591813	0.988313	0.014	0.6477

rs17509001	2	24021231	0	T	C	0.9995	14.7471	0.00012	0.00301171	12.6693	0.00037	13.828	0.0002	0.0107199	0.145765	0.9995	11.698	0.00063	0.00209289	11.848	0.00058	12.1051	5.00E-04	7.20E-03	0.145925	0.0025	5.14E-11	--	694609	0.9995	0.0161	0.1576

rs17511102	2	37960613	0	A	T	1	7.46322	0.0063	0.00372475	8.06734	0.0045	8.42588	0.0037	0.0105794	0.08969	1	0.0146625	0.9	0.00258828	0.0998917	0.75	0.143195	7.10E-01	8.18E-04	0.089729	0.0033	7.96E-10	--	611740	1	0.02	0.0816

rs1757471	10	34168090	0	C	T	1	45.9586	1.2E-11	0.00213042	42.8066	6E-11	43.602	4E-11	0.0139386	0.502524	1	1.29495	0.26	0.00148415	0.655629	0.42	0.70846	4.00E-01	1.20E-03	0.50233	0.0018	5.47E-16	++	626934	1	0.0146	0.508

rs17703354	5	157986357	0	T	C	0.988307	16.4086	0.000051	0.00385991	21.0941	0.0000044	22.3191	0.0000023	0.0177279	0.083738	0.988307	0.675145	0.41	0.00268518	1.77158	0.18	1.82556	1.80E-01	-3.57E-03	0.083915	0.0033	1.25E-09	--	626997	0.988307	0.0202	0.0848

rs17703883	15	51530097	0	T	C	0.995352	24.8121	0.00000063	0.00245437	18.647	0.000016	19.3918	0.000011	0.0105985	0.255066	0.995352	1.72015	0.19	0.00171042	0.456796	0.5	0.498951	4.80E-01	1.16E-03	0.255015	0.0021	7.27E-13	--	627178	0.995352	0.0149	0.2373

rs17764730	5	127357526	0	C	T	0.99116	15.3478	0.000089	0.00247555	15.2368	0.000095	14.5057	0.00014	0.00966315	0.75281	0.99116	35.8597	2.1E-09	0.00172393	46.2933	1E-11	47.1575	6.60E-12	1.17E-02	0.752835	0.0021	9.68E-15	--	627292	0.99116	0.0162	0.7641

rs1800978	9	107665978	0	C	G	0.989117	24.414	0.00000078	0.00324608	29.617	0.000000053	31.7377	0.000000018	0.0176656	0.875663	0.989117	15.8822	0.000067	0.00226211	12.4803	0.00041	12.8706	3.30E-04	-7.99E-03	0.875798	0.0026	2.62E-23	++	688307	0.989117	0.0262	0.8788

rs1805740	12	9075014	0	G	T	0.998009	29.2274	0.000000064	0.00237232	29.7322	0.00000005	30.6861	0.00000003	0.0129356	0.28128	0.998009	1.4425	0.23	0.00165248	1.09602	0.3	1.06986	3.00E-01	1.73E-03	0.281519	0.002	1.16E-19	--	627211	0.998009	0.0179	0.2815

rs180958337	12	28168810	0	C	T	0.924641	17.558	0.000028	0.0140313	17.5766	0.000028	16.4386	0.00005	0.0588253	0.006202	0.924641	4.38941	0.036	0.00973008	3.56112	0.059	3.58591	5.80E-02	1.84E-02	0.006253	0.0132	3.33E-11	+?	484563	0.924641	0.0878	0.006

rs1893781	18	42443643	0	C	A	0.996859	30.4853	0.000000034	0.00332567	31.3284	0.000000022	31.7428	0.000000018	0.0186143	0.116756	0.996859	0.671207	0.41	0.00232018	0.255959	0.61	0.127187	7.20E-01	1.17E-03	0.116606	0.0028	3.27E-10	++	625010	0.996859	0.0175	0.1158

rs1979527	3	127400781	0	C	A	0.989766	22.8853	0.0000017	0.00262373	21.0239	0.0000045	20.4886	0.000006	0.0120303	0.210338	0.989766	2.36664	0.12	0.00182584	2.00761	0.16	2.12028	1.50E-01	2.59E-03	0.210478	0.0022	2.36E-09	++	625840	0.989766	0.0134	0.1989

rs1997833	20	39690342	0	T	C	0.998656	32.9978	9.2E-09	0.00233153	39.6385	3.1E-10	38.9935	4.3E-10	0.0146791	0.299626	0.998656	1.28634	0.26	0.00162634	2.47124	0.12	2.35244	1.30E-01	-2.56E-03	0.300022	0.0019	1.63E-13	--	694226	0.998656	0.0138	0.2929

rs2012485	8	25374910	0	C	T	0.998089	16.7824	0.000042	0.00535107	27.7656	0.00000014	26.9364	0.00000021	0.0281964	0.958771	0.998089	0.0657942	0.8	0.00372796	0.196528	0.66	0.189955	6.60E-01	1.65E-03	0.95875	0.0044	2.67E-11	--	674509	0.998089	0.0293	0.9546

rs2027982	22	31593435	0	T	C	0.998906	10.5103	0.0012	0.00216229	13.5838	0.00023	13.1988	0.00028	0.00796938	0.578032	0.998906	0.0252493	0.87	0.00150935	0.00999732	0.92	0.000641263	9.80E-01	1.51E-04	0.578041	0.0018	2.20E-11	--	627258	0.998906	0.0121	0.5745

rs2028386	15	74226708	0	C	G	0.996239	7.84782	0.0051	0.0021344	10.2046	0.0014	9.63896	0.0019	0.00681827	0.494942	0.996239	9.19729	0.0024	0.0014878	11.3424	0.00076	10.9885	9.20E-04	5.01E-03	0.494882	0.0018	2.75E-12	--	626803	0.996239	0.0126	0.5162

rs2047937	16	49864791	0	C	T	0.999687	20.5741	0.0000057	0.00213289	25.3451	0.00000048	25.8243	0.00000037	0.0107378	0.48616	0.999687	1.32009	0.25	0.00148547	0.877869	0.35	1.00216	3.20E-01	-1.39E-03	0.486155	0.0017	7.31E-18	--	694322	0.999687	0.0147	0.483

rs2061708	1	103417203	0	G	C	0.994471	58.4303	2.1E-14	0.00216586	62.6841	2.4E-15	61.2994	4.9E-15	0.0171478	0.589426	0.994471	7.435	0.0064	0.00150647	10.2344	0.0014	11.6255	6.50E-04	-4.82E-03	0.589378	0.002	6.99E-16	+?	484563	0.994471	0.0162	0.5883

rs2075665	9	101749943	0	A	T	0.996632	10.1962	0.0014	0.00220379	13.985	0.00018	14.3072	0.00016	0.00824141	0.626337	0.996632	10.4203	0.0012	0.00153519	9.91478	0.0016	10.2943	1.30E-03	-4.83E-03	0.62662	0.0018	1.21E-09	++	626947	0.996632	0.0112	0.6245

rs2124307	14	98344662	0	T	C	0.996892	22.2957	0.0000023	0.00220525	20.1912	0.000007	18.2097	0.00002	0.0099092	0.623635	0.996892	2.73399	0.098	0.00153736	4.32443	0.038	4.40656	3.60E-02	-3.20E-03	0.624002	0.0018	4.96E-12	--	625104	0.996892	0.0127	0.6279

rs2145272	20	6626218	0	G	A	1	27.9428	0.00000012	0.00221858	23.1243	0.0000015	23.892	0.000001	0.0106686	0.364155	1	13.1447	0.00029	0.00154794	23.8754	0.000001	24.1008	9.10E-07	-7.56E-03	0.364213	0.0018	3.95E-43	--	694482	1	0.0247	0.3633

rs2158828	7	14227425	0	A	G	0.991572	22.2331	0.0000024	0.00280965	21.1736	0.0000042	21.1328	0.0000043	0.0129285	0.175243	0.991572	3.10715	0.078	0.00195789	2.16536	0.14	2.20978	1.40E-01	2.88E-03	0.175269	0.0023	3.42E-09	--	665297	0.991572	0.0135	0.1729

rs2167750	4	89730074	0	C	T	0.997953	88.2516	5.80E-21	0.00213685	91.5248	1.10E-21	89.4786	3.10E-21	0.0204429	0.463097	0.997953	60.5371	7.2E-15	0.00148771	66.1142	4.30E-16	67.1875	2.50E-16	-1.21E-02	0.462884	0.0018	5.53E-53	++	627208	0.997953	0.0274	0.4729

rs2200155	12	33734935	0	G	A	0.997285	20.0517	0.0000075	0.00221983	29.7422	0.000000049	29.8368	0.000000047	0.0121061	0.638993	0.997285	9.20017	0.0024	0.00154701	19.4381	0.00001	20.7341	5.30E-06	6.82E-03	0.639199	0.0019	1.26E-13	--	627133	0.997285	0.0138	0.6282

rs2222543	7	120902185	0	G	C	0.999547	30.7399	0.00000003	0.00219334	35.6551	2.4E-09	37.1432	1.1E-09	0.0130969	0.61692	0.999547	2.56179	0.11	0.00152868	3.13231	0.077	2.66518	1.00E-01	2.71E-03	0.616728	0.0018	1.62E-15	--	624476	0.999547	0.0147	0.6239

rs2236519	20	45529571	0	G	A	0.993531	90.7787	1.60E-21	0.00220827	101.617	6.70E-24	101.048	9.00E-24	0.0222605	0.377048	0.993531	13.6715	0.00022	0.00153987	11.7779	0.0006	11.9038	5.60E-04	-5.28E-03	0.377342	0.0019	4.07E-58	++	626533	0.993531	0.0298	0.3693

rs2272790	22	35680095	0	G	A	0.998068	14.8968	0.00011	0.00232819	22.7906	0.0000018	23.7048	0.0000011	0.0111147	0.302183	0.998068	0.684728	0.41	0.00162479	0.881538	0.35	0.75954	3.80E-01	-1.53E-03	0.30209	0.0019	7.99E-12	--	627192	0.998068	0.0133	0.3059

rs227733	17	54769174	0	C	A	0.99438	18.5114	0.000017	0.00233923	12.4842	0.00041	13.167	0.00028	0.00826519	0.295673	0.99438	0.0809232	0.78	0.00163076	1.65414	0.2	2.10304	1.50E-01	-2.10E-03	0.295729	0.002	7.52E-11	++	626990	0.99438	0.0128	0.2835

rs2277339	12	57146069	0	T	G	1	30.0779	0.000000042	0.00349345	23.9516	0.00000099	22.7499	0.0000018	0.0170971	0.103804	1	9.64535	0.0019	0.00243501	5.05474	0.025	4.41772	3.60E-02	5.47E-03	0.10369	0.0029	2.35E-14	--	614842	1	0.0224	0.1069

rs2279469	1	164740405	0	G	C	0.983999	17.4807	0.000029	0.00213715	20.551	0.0000058	22.3471	0.0000023	0.0096884	0.494896	0.983999	2.13108	0.14	0.00148635	1.36174	0.24	1.35046	2.50E-01	-1.73E-03	0.494934	0.0018	7.92E-13	++	616758	0.983999	0.013	0.4996

rs2294239	22	29449477	0	A	G	0.989833	78.4495	8.20E-19	0.00216758	80.8427	2.40E-19	81.9781	1.40E-19	0.0194893	0.572358	0.989833	5.74537	0.017	0.00151375	7.68005	0.0056	7.07985	7.80E-03	-4.20E-03	0.572309	0.0017	4.04E-44	++	694017	0.989833	0.0243	0.5685

rs2294823	6	22596987	0	C	T	0.987775	10.7009	0.0011	0.00231521	15.5027	0.000082	14.8911	0.00011	0.00911578	0.308302	0.987775	1.51837	0.22	0.00161364	0.0748072	0.78	0.0460377	8.30E-01	-4.41E-04	0.308402	0.0019	2.72E-09	++	626461	0.987775	0.0116	0.3092

rs2299253	7	93110055	0	T	C	0.999569	8.98327	0.0027	0.00213121	5.75089	0.016	6.21896	0.013	0.00511086	0.504821	0.999569	1.82416	0.18	0.00148538	6.52388	0.011	6.28844	1.20E-02	-3.79E-03	0.504645	0.0017	1.67E-11	++	693485	0.999569	0.0115	0.5162

rs2373078	2	218392555	0	C	T	0.986517	19.3477	0.000011	0.00347558	22.7738	0.0000018	24.2651	0.00000084	0.0165861	0.105818	0.986517	0.490977	0.48	0.00241289	0.661947	0.42	0.639606	4.20E-01	-1.96E-03	0.106024	0.0029	1.11E-13	++	627188	0.986517	0.0215	0.0999

rs2376585	17	76417883	0	T	C	0.992505	18.8216	0.000014	0.00277192	14.1363	0.00017	14.4834	0.00014	0.0104219	0.818302	0.992505	1.78	0.18	0.00193324	2.55148	0.11	2.73445	9.80E-02	-3.09E-03	0.818186	0.0023	5.50E-14	--	626927	0.992505	0.0175	0.8037

rs2387280	16	4339684	0	A	T	0.98506	21.6274	0.0000033	0.00249455	25.7938	0.00000038	26.0564	0.00000033	0.0126692	0.754733	0.98506	32.2425	0.000000014	0.0017383	40.6736	1.8E-10	41.0606	1.50E-10	-1.11E-02	0.75481	0.0023	1.72E-14	+?	484563	0.98506	0.0178	0.7585

rs2398893	9	96758342	0	A	G	0.999774	43.2986	4.7E-11	0.00238686	41.9174	9.5E-11	44.0368	3.2E-11	0.0154534	0.72489	0.999774	13.0705	0.0003	0.00166249	12.1134	0.0005	11.8636	5.70E-04	5.79E-03	0.725036	0.0019	6.75E-16	++	694566	0.999774	0.0153	0.7142

rs2503100	6	100613915	0	A	G	0.998911	94.3014	2.70E-22	0.00281709	88.8423	4.30E-21	91.3675	1.20E-21	0.0265528	0.172491	0.998911	0.00134877	0.97	0.0019632	0.176121	0.67	0.10773	7.40E-01	-8.24E-04	0.172621	0.0024	4.86E-25	--	627198	0.998911	0.0245	0.1655

rs2524163	6	31259579	0	C	T	1	73.2748	1.10E-17	0.00214569	96.196	1.00E-22	83.293	7.10E-20	0.0210448	0.571901	1	13.4954	0.00024	0.00149662	5.63621	0.018	5.91921	1.50E-02	-3.55E-03	0.571896	0.0017	4.39E-43	++	687908	1	0.024	0.5544

rs2526886	14	71359064	0	G	T	0.995027	41.8133	1E-10	0.00231731	28.5346	0.000000092	29.6829	0.000000051	0.0123786	0.693139	0.995027	13.6802	0.00022	0.00161535	9.43441	0.0021	9.07306	2.60E-03	4.96E-03	0.693438	0.0021	1.01E-10	+?	484563	0.995027	0.0138	0.69

rs2529411	7	50738482	0	G	C	0.995441	22.2199	0.0000024	0.00222993	25.6254	0.00000041	23.943	0.00000099	0.0112883	0.354996	0.995441	2.67423	0.1	0.00155396	2.51585	0.11	2.8843	8.90E-02	-2.46E-03	0.354899	0.0019	2.83E-09	--	591750	0.995441	0.0114	0.3646

rs2595004	3	11406721	0	C	T	0.991141	35.0419	3.2E-09	0.00276842	41.4614	1.2E-10	41.7954	1E-10	0.017826	0.181952	0.991141	5.97036	0.015	0.00192559	8.21277	0.0042	7.8785	5.00E-03	5.52E-03	0.182236	0.0024	3.39E-11	--	627230	0.991141	0.0156	0.1748

rs2602680	2	225066513	0	T	G	0.997167	7.93617	0.0048	0.00213509	9.48787	0.0021	9.01918	0.0027	0.00657659	0.548466	0.997167	1.23441	0.27	0.00148429	0.806955	0.37	0.933157	3.30E-01	-1.33E-03	0.548226	0.0018	1.01E-10	++	627099	0.997167	0.0116	0.5455

rs2603229	15	100263499	0	T	C	0.991767	27.367	0.00000017	0.00248485	26.9891	0.0000002	25.8795	0.00000036	0.0129091	0.246693	0.991767	8.46396	0.0036	0.00173145	9.34785	0.0022	8.98834	2.70E-03	5.29E-03	0.246569	0.0021	2.99E-09	++	627113	0.991767	0.0123	0.2495

rs2701523	15	37384284	0	A	G	0.98337	17.3187	0.000032	0.00242467	22.776	0.0000018	22.4602	0.0000021	0.0115716	0.731981	0.98337	0.00117061	0.97	0.0016895	0.143578	0.7	0.0830561	7.70E-01	6.40E-04	0.731826	0.002	3.21E-10	++	626427	0.98337	0.0129	0.741

rs270960	2	161714729	0	A	C	0.998562	14.6477	0.00013	0.0022297	22.018	0.0000027	22.1319	0.0000025	0.0104625	0.652677	0.998562	0.0101965	0.92	0.00155055	1.50121	0.22	1.2024	2.70E-01	1.90E-03	0.652689	0.0018	9.04E-10	++	687116	0.998562	0.0111	0.663

rs2786198	10	119313196	0	A	G	0.989116	20.1612	0.0000071	0.00228505	22.338	0.0000023	22.4025	0.0000022	0.0107998	0.325198	0.989116	2.19617	0.14	0.00159273	2.46336	0.12	2.26443	1.30E-01	2.50E-03	0.325082	0.0021	1.84E-10	+?	484563	0.989116	0.0134	0.3329

rs2791550	1	219655369	0	T	G	0.999956	138.705	5.10E-32	0.00226224	149.206	2.60E-34	151.52	8.10E-35	0.0276332	0.672016	0.999956	134.033	5.40E-31	0.00157324	152.821	4.20E-35	149.722	2.00E-34	-1.94E-02	0.671899	0.0018	3.35E-93	--	694588	0.999956	0.037	0.7522

rs2836141	21	39455061	0	T	C	0.997176	49.9914	1.5E-12	0.00215412	41.6367	1.1E-10	43.6169	4E-11	0.0138998	0.557272	0.997176	2.31012	0.13	0.00150397	0.927858	0.34	0.947218	3.30E-01	1.45E-03	0.55776	0.0018	1.55E-17	++	627051	0.997176	0.0154	0.5376

rs28408682	10	104403310	0	A	G	0.998983	2.77851	0.096	0.00217555	3.37572	0.066	3.42325	0.064	0.00399717	0.601935	0.998983	5.41035	0.02	0.00151542	4.63942	0.031	4.98613	2.60E-02	-3.26E-03	0.602013	0.0019	1.82E-10	--	547577	0.998983	0.0122	0.6438

rs28451064	21	35593827	0	G	A	0.955171	30.7484	0.000000029	0.00323065	28.2761	0.00000011	30.6811	0.00000003	0.0171791	0.131522	0.955171	9.90237	0.0017	0.00225431	4.8475	0.028	5.29439	2.10E-02	4.96E-03	0.131523	0.003	2.87E-09	+?	484563	0.955171	0.018	0.1268

rs2898237	21	36763769	0	A	G	0.99577	5.25804	0.022	0.00226986	11.3776	0.00074	10.7423	0.001	0.00765641	0.668209	0.99577	1.21535	0.27	0.00158463	0.624655	0.43	0.604432	4.40E-01	-1.25E-03	0.668214	0.0018	7.47E-11	++	694572	0.99577	0.0118	0.6879

rs2925979	16	81534790	0	T	C	1	86.7181	1.30E-20	0.00232756	98.3019	3.60E-23	100.389	1.30E-23	0.0230772	0.300281	1	12.1112	0.0005	0.00162089	12.8272	0.00034	13.2155	2.80E-04	-5.81E-03	0.300231	0.0019	7.33E-46	++	692391	1	0.0265	0.2959

rs2970332	11	14360435	0	G	A	0.994859	17.2971	0.000032	0.00253269	20.3023	0.0000066	20.1018	0.0000073	0.0114118	0.768958	0.994859	5.50061	0.019	0.00176485	4.504	0.034	4.48509	3.40E-02	-3.75E-03	0.769035	0.0021	1.01E-13	++	627144	0.994859	0.0156	0.7608

rs299615	5	34042097	0	G	A	1	10.2337	0.0014	0.00292519	17.6346	0.000027	18.4523	0.000017	0.0122839	0.843282	1	0.122693	0.73	0.00203573	0.484546	0.49	0.475888	4.90E-01	1.42E-03	0.843143	0.0025	1.71E-09	--	627105	1	0.0148	0.8482

rs2997447	1	26387423	0	G	A	0.976298	22.1942	0.0000025	0.00262779	14.4862	0.00014	15.5967	0.000078	0.0100016	0.788815	0.976298	7.29388	0.0069	0.00182852	3.53326	0.06	3.22673	7.20E-02	3.44E-03	0.789201	0.0021	1.38E-10	--	693774	0.976298	0.0137	0.7861

rs3110697	7	45955029	0	A	G	1	18.1145	0.000021	0.00215974	14.7001	0.00013	14.6371	0.00013	0.00828058	0.422777	1	14.1709	0.00017	0.00150454	10.997	0.00091	11.5117	6.90E-04	4.99E-03	0.422595	0.0018	1.08E-11	++	626435	1	0.0123	0.4348

rs3218121	1	23858317	0	G	A	0.996839	10.5265	0.0012	0.003942	10.5114	0.0012	10.5915	0.0011	0.0127805	0.079196	0.996839	2.95523	0.086	0.00273773	4.29732	0.038	4.89631	2.70E-02	-5.68E-03	0.079413	0.0032	9.41E-12	++	693833	0.996839	0.0217	0.0844

rs322396	5	172160736	0	A	G	1	16.5897	0.000046	0.00216066	15.3306	0.00009	15.6594	0.000076	0.0084599	0.587307	1	0.88909	0.35	0.0015047	1.4064	0.24	1.37499	2.40E-01	-1.78E-03	0.587446	0.002	2.88E-09	+?	484563	1	0.0119	0.5888

rs332105	2	119444229	0	G	A	0.982559	35.6032	2.4E-09	0.00215988	37.7406	8.1E-10	39.7729	2.9E-10	0.0132689	0.43202	0.982559	0.0188507	0.89	0.00150067	0.0107721	0.92	0.0125339	9.10E-01	1.56E-04	0.431796	0.0018	4.93E-14	--	624989	0.982559	0.0137	0.4453

rs34000	5	141973501	0	T	C	0.985019	24.7768	0.00000064	0.00218021	21.3268	0.0000039	21.8561	0.0000029	0.0100684	0.595965	0.985019	0.140087	0.71	0.00151786	1.36263	0.24	1.47147	2.30E-01	-1.77E-03	0.595907	0.0019	3.68E-14	++	604297	0.985019	0.014	0.6

rs34312154	11	47470345	0	G	A	1	7.99397	0.0047	0.00340497	6.14921	0.013	6.26611	0.012	0.0084435	0.109892	1	7.85992	0.0051	0.00237552	11.0181	0.0009	10.6804	1.10E-03	-7.89E-03	0.109696	0.003	3.18E-10	++	551850	1	0.0188	0.0945

rs34905952	3	138104635	0	G	A	0.995385	16.4818	0.000049	0.00290734	14.5936	0.00013	14.4062	0.00015	0.0111065	0.160118	0.995385	35.344	2.8E-09	0.00202254	40.8144	1.7E-10	41.466	1.20E-10	-1.29E-02	0.160229	0.0026	1.23E-15	++	535689	0.995385	0.0209	0.1433

rs352300	1	176250052	0	C	G	0.999405	6.46945	0.011	0.00212525	9.22506	0.0024	9.14843	0.0025	0.00645499	0.52197	0.999405	2.26364	0.13	0.00147816	1.73019	0.19	1.51291	2.20E-01	-1.94E-03	0.522086	0.0018	2.92E-09	++	627306	0.999405	0.0106	0.5453

rs35344256	17	79934194	0	C	A	1	38.7008	4.9E-10	0.00231753	30.1779	0.000000039	31.4692	0.00000002	0.0127312	0.305136	1	0.422135	0.52	0.00161673	0.00858809	0.93	0.00205324	9.60E-01	-1.50E-04	0.305138	0.0021	3.82E-11	+?	484563	1	0.0142	0.3042

rs35419826	2	239719323	0	G	A	0.986292	19.7307	0.0000089	0.00276846	31.6165	0.000000019	32.0665	0.000000015	0.0155666	0.817834	0.986292	0.685036	0.41	0.00192404	0.000341301	0.99	0.0180757	8.90E-01	3.55E-05	0.81785	0.0026	1.72E-09	-?	484563	0.986292	0.0157	0.825

rs35710478	18	45377882	0	G	C	0.98514	6.72362	0.0095	0.00215961	8.71027	0.0032	8.6227	0.0033	0.00637368	0.444145	0.98514	2.38137	0.12	0.00150585	2.33321	0.13	2.76602	9.60E-02	-2.30E-03	0.443899	0.002	3.76E-09	+?	484563	0.98514	0.0118	0.4406

rs357438	7	138023288	0	G	C	0.993367	22.9528	0.0000017	0.00225542	26.0853	0.00000033	25.4757	0.00000045	0.0115193	0.661543	0.993367	0.0752817	0.78	0.00157126	0.0364363	0.85	0.0381546	8.50E-01	3.00E-04	0.661273	0.0019	3.79E-09	-+	612429	0.993367	0.0114	0.6478

rs3731861	2	219191256	0	T	C	0.995181	21.4666	0.0000036	0.00219734	18.8701	0.000014	18.4816	0.000017	0.00954516	0.377264	0.995181	6.30279	0.012	0.00152745	6.99671	0.0082	6.02287	1.40E-02	4.04E-03	0.377565	0.0019	1.40E-09	--	627073	0.995181	0.0112	0.3693

rs3741378	11	65408937	0	C	T	1	26.8639	0.00000022	0.00309445	30.9846	0.000000026	30.3927	0.000000035	0.0172249	0.862788	1	1.80207	0.18	0.0021584	1.7873	0.18	1.85157	1.70E-01	-2.89E-03	0.863027	0.0025	1.13E-19	--	691070	1	0.0224	0.856

rs3757298	6	132785016	0	A	C	0.998001	19.7689	0.0000087	0.00351562	26.0806	0.00000033	27.7332	0.00000014	0.017954	0.101907	0.998001	0.28173	0.6	0.00245303	1.42164	0.23	1.45784	2.30E-01	2.92E-03	0.101796	0.003	6.06E-12	--	615027	0.998001	0.0205	0.1059

rs3761706	2	111899881	0	G	A	0.997217	20.9427	0.0000047	0.00435433	24.4517	0.00000076	25.9258	0.00000035	0.0215316	0.063554	0.997217	9.91247	0.0016	0.00302634	6.57896	0.01	6.52527	1.10E-02	-7.76E-03	0.063543	0.0037	1.70E-18	++	626748	0.997217	0.0321	0.0734

rs3786897	19	33893008	0	A	G	0.997489	132.294	1.30E-30	0.00216106	157.916	3.20E-36	154.364	1.90E-35	0.0271569	0.424084	0.997489	11.9038	0.00056	0.00150797	15.5011	0.000082	14.2928	1.60E-04	5.94E-03	0.424024	0.0017	3.00E-58	--	693294	0.997489	0.0279	0.4197

rs3792751	5	32773314	0	C	T	0.987811	14.2575	0.00016	0.00220854	20.0023	0.0000077	19.7452	0.0000088	0.00987743	0.372494	0.987811	0.713534	0.4	0.00153842	1.40281	0.24	1.46062	2.30E-01	1.82E-03	0.372338	0.0018	1.41E-14	++	694315	0.987811	0.0136	0.3642

rs3803042	12	54387947	0	G	A	0.996149	127.324	1.60E-29	0.00215607	114.751	8.90E-27	116.151	4.40E-27	0.0230961	0.42786	0.996149	28.2943	0.0000001	0.00150122	19.0774	0.000013	19.2491	1.10E-05	6.56E-03	0.428335	0.0018	4.84E-49	++	625688	0.996149	0.0268	0.4295

rs3807947	7	20424889	0	T	G	1	20.7636	0.0000052	0.00217853	21.1436	0.0000043	20.3495	0.0000065	0.0100173	0.604275	1	4.30395	0.038	0.00151817	5.37774	0.02	5.17454	2.30E-02	3.52E-03	0.604738	0.0018	7.54E-14	++	627221	1	0.0137	0.6058

rs3851294	1	205130413	0	A	G	1	29.736	0.00000005	0.00366713	28.8057	0.00000008	27.0168	0.0000002	0.0196818	0.9078413	1	2.28655	0.13	0.0025496	1.88926	0.17	1.75433	1.90E-01	3.50E-03	0.9076986	0.0031	9.03E-17	--	627266	1	0.0257	0.9035

rs3936510	5	55860866	0	G	T	1	116.676	3.40E-27	0.00265542	110.986	6.00E-26	112.93	2.20E-26	0.0279748	0.200814	1	14.1101	0.00017	0.00184815	27.3423	0.00000017	28.5171	9.30E-08	-9.66E-03	0.200938	0.0022	4.62E-43	++	692459	1	0.0299	0.1969

rs402294	7	101723260	0	G	A	0.998377	36.5905	1.5E-09	0.00278278	39.3744	3.5E-10	40.1325	2.4E-10	0.0174617	0.177804	0.998377	9.44183	0.0021	0.00194016	10.4077	0.0013	10.2289	1.40E-03	6.26E-03	0.177746	0.0024	2.91E-09	++	627026	0.998377	0.014	0.175

rs41277978	10	71883836	0	C	A	1	31.3439	0.000000022	0.0123657	26.2135	0.00000031	27.7361	0.00000014	0.0633113	0.007468	1	0.540281	0.46	0.00860584	0.311475	0.58	0.250591	6.20E-01	-4.80E-03	0.007498	0.0117	4.71E-10	+?	484563	1	0.073	0.0072

rs4293945	5	38736142	0	A	T	0.994431	13.0315	0.00031	0.00217959	10.5699	0.0011	9.53363	0.002	0.00708614	0.605924	0.994431	6.62138	0.01	0.00151753	10.2407	0.0014	10.3139	1.30E-03	-4.86E-03	0.605651	0.0018	1.69E-10	++	624922	0.994431	0.0117	0.5926

rs4371408	20	51024233	0	A	G	0.998615	42.2482	8E-11	0.00221657	60.8608	6.1E-15	61.6699	4.1E-15	0.0172922	0.633655	0.998615	7.0805	0.0078	0.00154521	13.7871	0.0002	13.4777	2.40E-04	5.74E-03	0.633636	0.0019	7.47E-19	++	627315	0.998615	0.0164	0.634

rs4372913	2	114517748	0	A	G	0.996809	28.9657	0.000000074	0.00258527	23.9019	0.000001	24.0333	0.00000095	0.0126393	0.215138	0.996809	1.92246	0.17	0.00179657	0.557823	0.46	0.47389	4.90E-01	1.34E-03	0.215265	0.0022	2.65E-13	--	626669	0.996809	0.0159	0.2125

rs4420638	19	45422946	0	A	G	1	100.878	9.80E-24	0.00271877	100.786	1.00E-23	99.8681	1.60E-23	0.0272944	0.809971	1	64.4806	9.70E-16	0.00189837	72.667	1.50E-17	72.5232	1.70E-17	1.62E-02	0.81024	0.0024	6.81E-22	++	604317	1	0.0229	0.813

rs4474021	8	12632903	0	G	T	1	12.95	0.00032	0.00228307	10.8891	0.00097	10.4372	0.0012	0.00753384	0.31971	1	1.30297	0.25	0.00159011	3.09819	0.078	2.62587	1.10E-01	-2.80E-03	0.31995	0.0019	2.44E-10	++	679364	1	0.0118	0.3076

rs4489410	9	131591649	0	A	C	0.999344	14.6015	0.00013	0.00245384	9.71355	0.0018	8.89178	0.0029	0.00764777	0.253613	0.999344	3.82406	0.051	0.00170977	1.42954	0.23	1.14671	2.80E-01	2.04E-03	0.253526	0.002	4.58E-09	--	627259	0.999344	0.012	0.2537

rs4558863	4	26079129	0	T	C	0.998678	51.5371	7E-13	0.0028009	57.1857	4E-14	55.0039	1.2E-13	0.0211808	0.175149	0.998678	0.169451	0.68	0.00195042	0.333116	0.56	0.300833	5.80E-01	-1.13E-03	0.17511	0.0024	4.69E-19	--	627314	0.998678	0.021	0.1896

rs4646342	17	17493272	0	G	A	0.974599	39.7717	2.9E-10	0.00216708	36.7121	1.4E-09	36.4951	1.5E-09	0.0131305	0.550075	0.974599	0.540662	0.46	0.00151128	0.94176	0.33	1.5757	2.10E-01	-1.47E-03	0.549869	0.0018	3.54E-21	--	626923	0.974599	0.0172	0.5464

rs4684857	3	12493863	0	G	C	0.994012	41.4397	1.2E-10	0.00233693	41.472	1.2E-10	40.2573	2.2E-10	0.0150495	0.704622	0.994012	7.24295	0.0071	0.00162601	10.2655	0.0014	11.531	6.80E-04	-5.21E-03	0.704642	0.002	2.99E-25	++	623147	0.994012	0.0211	0.7103

rs4686696	3	185516520	0	G	A	0.999926	20.5204	0.0000059	0.00229398	20.5263	0.0000059	19.9546	0.0000079	0.0103931	0.313253	0.999926	0.230897	0.63	0.00159652	0.149194	0.7	0.135401	7.10E-01	6.17E-04	0.313533	0.0018	5.67E-17	++	693522	0.999926	0.0152	0.3139

rs4773173	13	111025118	0	A	G	0.994639	26.7686	0.00000023	0.00225903	29.1444	0.000000067	30.4392	0.000000034	0.0121955	0.662136	0.994639	4.63625	0.031	0.00157505	4.78752	0.029	4.31068	3.80E-02	3.45E-03	0.662065	0.0018	4.23E-17	++	686141	0.994639	0.0153	0.6743

rs4789261	17	74249394	0	G	C	0.996692	38.7097	4.9E-10	0.00394364	36.1979	1.8E-09	38.0146	7E-10	0.0237268	0.079691	0.996692	8.79977	0.003	0.0027495	9.96134	0.0016	10.3295	1.30E-03	-8.68E-03	0.079747	0.0033	1.12E-17	++	611773	0.996692	0.0286	0.0791

rs4794033	17	47358481	0	G	A	0.983585	22.1835	0.0000025	0.00353416	20.4921	0.000006	21.1129	0.0000043	0.0159985	0.897557	0.983585	1.72044	0.19	0.0024636	1.79627	0.18	1.41632	2.30E-01	3.30E-03	0.897522	0.003	8.69E-11	--	626793	0.983585	0.0194	0.8988

rs4902630	14	69142390	0	A	G	1	19.5287	0.0000099	0.00222331	19.5952	0.0000096	18.7196	0.000015	0.00984181	0.636421	1	0.866569	0.35	0.00154823	0.670325	0.41	0.908939	3.40E-01	1.27E-03	0.636503	0.0018	3.01E-12	++	694404	1	0.0124	0.6285

rs4951588	1	212500433	0	C	T	0.995589	13.7384	0.00021	0.00216719	9.8162	0.0017	9.01132	0.0027	0.00678998	0.595507	0.995589	3.20386	0.073	0.00150727	4.28628	0.038	3.63157	5.70E-02	3.12E-03	0.595375	0.0018	1.02E-10	--	627297	0.995589	0.0118	0.5961

rs4964058	12	27522766	0	G	A	0.993021	16.6229	0.000046	0.0021367	15.5167	0.000082	14.1383	0.00017	0.00841674	0.519443	0.993021	0.0545481	0.82	0.00148854	0.079051	0.78	0.168233	6.80E-01	-4.19E-04	0.519544	0.0018	2.84E-10	++	626919	0.993021	0.0113	0.5145

rs4964656	12	108594069	0	G	C	0.999554	47.3962	5.8E-12	0.00231911	54.4783	1.6E-13	55.7306	8.3E-14	0.0171172	0.696585	0.999554	68.3206	1.40E-16	0.00161619	86.0372	1.80E-20	87.0311	1.10E-20	1.50E-02	0.696746	0.002	4.94E-16	--	625457	0.999554	0.0159	0.6975

rs541091	6	160770552	0	G	A	0.997066	55.8053	8E-14	0.00213104	50.898	9.7E-13	53.8937	2.1E-13	0.0152035	0.524168	0.997066	9.22033	0.0024	0.00148564	13.9366	0.00019	13.2505	2.70E-04	-5.55E-03	0.524331	0.0019	2.99E-26	--	545328	0.997066	0.0199	0.5712

rs55747707	7	73037366	0	G	A	0.995534	26.6266	0.00000025	0.00265219	39.7666	2.9E-10	40.2937	2.2E-10	0.0167249	0.797235	0.995534	1.23868	0.27	0.00184858	0.395822	0.53	0.472095	4.90E-01	-1.16E-03	0.797124	0.0024	3.05E-25	--	551855	0.995534	0.0244	0.8217

rs55920843	2	158412701	0	T	G	1	30.1846	0.000000039	0.00976023	32.4179	0.000000012	32.5877	0.000000011	0.0555715	0.988006	1	1.76524	0.18	0.00679145	2.06453	0.15	2.39067	1.20E-01	-9.76E-03	0.988026	0.0093	2.68E-20	+?	484563	1	0.0859	0.9886

rs56185013	4	106160133	0	G	A	0.999202	24.8331	0.00000063	0.00256429	34.9325	3.4E-09	34.2799	4.8E-09	0.0151559	0.777466	0.999202	3.15002	0.076	0.00178674	2.84251	0.092	3.17782	7.50E-02	3.01E-03	0.777968	0.0024	2.49E-12	-?	484563	0.999202	0.0168	0.7821

rs56196860	12	2908330	0	C	A	1	17.6748	0.000026	0.00609502	18.7658	0.000015	19.6103	0.0000095	0.0264033	0.968549	1	6.27978	0.012	0.00424802	6.15659	0.013	6.46661	1.10E-02	-1.05E-02	0.968547	0.0058	6.45E-10	-?	484563	1	0.0357	0.97

rs56271783	11	64004723	0	G	C	0.975925	85.4612	2.40E-20	0.00517336	92.2871	7.50E-22	89.4308	3.20E-21	0.0496985	0.045364	0.975925	2.85227	0.091	0.00360568	3.49865	0.061	3.7721	5.20E-02	-6.74E-03	0.045397	0.0049	1.21E-33	+?	484563	0.975925	0.059	0.0439

rs598104	1	86266109	0	A	T	0.998999	46.8708	7.6E-12	0.00216651	51.824	6.1E-13	50.5124	1.2E-12	0.0155965	0.401681	0.998999	1.74495	0.19	0.00150594	0.782737	0.38	0.580636	4.50E-01	1.33E-03	0.402077	0.0018	5.37E-14	--	626434	0.998999	0.0137	0.4056

rs59888683	15	79049464	0	C	T	0.998415	15.1198	0.0001	0.00270942	8.6654	0.0032	8.58056	0.0034	0.00797573	0.191841	0.998415	1.51859	0.22	0.00188908	2.35971	0.12	1.99925	1.60E-01	-2.90E-03	0.19156	0.0024	1.80E-09	++	543377	0.998415	0.0142	0.1772

rs6018291	20	45756772	0	C	G	0.993289	36.6409	1.4E-09	0.00214895	38.7677	4.8E-10	39.6066	3.1E-10	0.0133801	0.550535	0.993289	1.94661	0.16	0.00149919	2.51716	0.11	2.88873	8.90E-02	2.38E-03	0.55047	0.0018	1.33E-14	--	627099	0.993289	0.0139	0.5547

rs6040229	20	10883131	0	A	G	0.99839	13.2643	0.00027	0.00214495	14.2916	0.00016	13.3637	0.00026	0.00810882	0.455507	0.99839	0.833605	0.36	0.00149521	0.649582	0.42	0.529309	4.70E-01	1.21E-03	0.455588	0.0018	5.27E-10	--	627216	0.99839	0.0112	0.4519

rs6047259	20	21098319	0	C	T	0.989467	9.94966	0.0016	0.00220733	9.1877	0.0024	9.21006	0.0024	0.00669068	0.6197	0.989467	7.69222	0.0055	0.00153962	11.0964	0.00086	10.5493	1.20E-03	5.13E-03	0.619606	0.0018	4.32E-09	++	694395	0.989467	0.0104	0.6188

rs6054471	20	6674887	0	T	C	0.989721	20.3372	0.0000065	0.00244432	13.0787	0.0003	13.5399	0.00023	0.00883974	0.259376	0.989721	4.06703	0.044	0.00170557	1.56933	0.21	1.25766	2.60E-01	2.14E-03	0.25943	0.0021	4.10E-09	++	627050	0.989721	0.0122	0.2582

rs62012773	15	63868761	0	A	G	0.999156	14.3555	0.00015	0.00292593	18.8696	0.000014	19.384	0.000011	0.01271	0.158102	0.999156	0.46487	0.5	0.00203959	0.0114425	0.91	0.0012701	9.70E-01	2.18E-04	0.157919	0.0027	1.67E-10	-?	484563	0.999156	0.0174	0.1553

rs62070804	17	27889643	0	C	T	1	6.14321	0.013	0.00805323	5.26843	0.022	4.8269	0.028	0.0184846	0.017904	1	22.4595	0.0000021	0.0056194	23.9741	0.00000098	24.3843	7.90E-07	-2.75E-02	0.017888	0.0075	4.36E-10	+?	484563	1	0.0469	0.0177

rs62271373	3	150066540	0	T	A	0.957592	50.9427	9.5E-13	0.00455806	48.3115	3.6E-12	47.2932	6.1E-12	0.0316815	0.060169	0.957592	44.4342	2.6E-11	0.00317504	58.0204	2.6E-14	59.5084	1.20E-14	-2.42E-02	0.060035	0.0043	3.44E-21	+?	484563	0.957592	0.0408	0.0578

rs62621197	19	8670147	0	C	T	0.924188	13.2709	0.00027	0.00589022	11.6956	0.00063	10.1984	0.0014	0.0201438	0.963293	0.924188	36.2372	1.7E-09	0.00410414	35.1062	3.1E-09	35.7182	2.30E-09	2.43E-02	0.963205	0.0055	8.88E-11	-?	484563	0.924188	0.0358	0.9639

rs634869	6	139831757	0	T	C	0.999457	78.8221	6.80E-19	0.00215996	86.8732	1.20E-20	85.7445	2.00E-20	0.0201321	0.409205	0.999457	24.9115	0.0000006	0.00150613	27.4286	0.00000016	26.6407	2.50E-07	-7.89E-03	0.409459	0.0017	2.60E-40	++	694613	0.999457	0.0229	0.4193

rs6426912	1	165321568	0	T	C	0.986598	23.5446	0.0000012	0.00343067	17.3914	0.00003	17.3459	0.000031	0.0143069	0.108668	0.986598	0.150462	0.7	0.00238819	2.10671	0.15	1.99898	1.60E-01	-3.47E-03	0.10858	0.0029	6.15E-11	++	605393	0.986598	0.0191	0.1087

rs6432188	2	11499032	0	T	C	0.984825	3.39286	0.065	0.00276098	4.30573	0.038	4.11947	0.042	0.0057291	0.183153	0.984825	15.3041	0.000092	0.00191907	21.2057	0.0000041	22.0229	2.70E-06	-8.84E-03	0.183176	0.0023	2.25E-10	++	693855	0.984825	0.0143	0.2016

rs6480914	10	80772591	0	G	A	0.991411	38.836	4.6E-10	0.00216623	28.3709	0.0000001	27.3703	0.00000017	0.0115383	0.580602	0.991411	5.24715	0.022	0.00150928	2.46474	0.12	2.08067	1.50E-01	2.37E-03	0.580434	0.002	3.21E-11	+?	484563	0.991411	0.0133	0.5844

rs6556301	5	176527577	0	G	T	0.983643	42.6591	6.5E-11	0.00222079	39.1276	4E-10	38.7918	4.7E-10	0.0138915	0.371654	0.983643	5.52454	0.019	0.00154614	2.5666	0.11	1.9387	1.60E-01	2.48E-03	0.37175	0.0018	2.03E-29	++	663437	0.983643	0.0206	0.3706

rs664532	13	110932363	0	T	C	0.987828	22.6203	0.000002	0.00216699	25.4123	0.00000046	26.0488	0.00000033	0.0109239	0.42777	0.987828	1.85307	0.17	0.00151061	1.74012	0.19	2.05914	1.50E-01	1.99E-03	0.427977	0.0019	1.38E-12	++	551855	0.987828	0.0134	0.3811

rs6658424	1	200049302	0	T	A	0.993948	35.0175	3.3E-09	0.00233737	26.9125	0.00000021	25.9832	0.00000034	0.0121256	0.706557	0.993948	0.162183	0.69	0.00162563	0.0141934	0.91	0.0217753	8.80E-01	-1.94E-04	0.706379	0.002	2.88E-13	--	627301	0.993948	0.0143	0.7155

rs6688233	1	9335745	0	C	T	0.982661	63.6409	1.5E-15	0.00246726	63.2225	1.8E-15	65.3152	6.40E-16	0.0196178	0.252485	0.982661	4.41708	0.036	0.00171577	5.66438	0.017	5.67723	1.70E-02	-4.08E-03	0.252773	0.0021	9.64E-24	++	626909	0.982661	0.021	0.2393

rs6705646	2	165567695	0	A	G	0.986446	101.874	5.90E-24	0.00216802	90.4596	1.90E-21	91.7135	1.00E-21	0.0206201	0.418218	0.986446	45.5572	1.5E-11	0.00150664	65.1628	6.90E-16	67.045	2.70E-16	-1.22E-02	0.418411	0.0017	3.97E-48	++	694039	0.986446	0.0254	0.4182

rs6721459	2	67852836	0	A	G	0.996627	57.7713	2.9E-14	0.00213011	73.6238	9.50E-18	71.8638	2.30E-17	0.0182772	0.473294	0.996627	0.0139253	0.91	0.00148081	0.0901204	0.76	0.0455449	8.30E-01	4.45E-04	0.473235	0.0018	4.08E-23	--	624705	0.996627	0.0178	0.473

rs6752964	2	43754655	0	T	C	0.995229	16.0921	0.00006	0.00342628	24.4618	0.00000076	24.2968	0.00000083	0.016946	0.108292	0.995229	12.2711	0.00046	0.00238095	15.983	0.000064	16.1273	5.90E-05	9.52E-03	0.108319	0.0028	1.66E-11	--	694429	0.995229	0.0189	0.1033

rs6795831	3	129341403	0	A	C	0.984604	102.157	5.10E-24	0.00269681	127.965	1.10E-29	129.488	5.30E-30	0.0305067	0.804227	0.984604	14.2894	0.00016	0.00187681	12.1628	0.00049	11.4873	7.00E-04	-6.55E-03	0.804265	0.0023	4.91E-53	++	627216	0.984604	0.0348	0.8144

rs6853254	4	26352363	0	T	G	0.996143	56.6406	5.2E-14	0.00225295	62.6264	2.5E-15	62.3489	2.9E-15	0.0178291	0.339505	0.996143	13.2179	0.00028	0.00156846	10.821	0.001	10.8181	1.00E-03	5.16E-03	0.339583	0.0019	4.02E-20	++	627201	0.996143	0.0174	0.349

rs6859752	5	171851934	0	C	T	0.998267	34.1653	5.1E-09	0.00229684	27.9657	0.00000012	28.9457	0.000000074	0.0121463	0.311459	0.998267	1.47138	0.23	0.00159938	0.269193	0.6	0.32669	5.70E-01	8.30E-04	0.311766	0.0019	3.67E-10	++	627209	0.998267	0.012	0.3289

rs6867518	5	64679283	0	T	C	0.987071	17.1899	0.000034	0.00315293	17.5347	0.000028	16.7346	0.000043	0.0132027	0.132687	0.987071	10.631	0.0011	0.00219613	6.66539	0.0098	7.58197	5.90E-03	5.67E-03	0.132579	0.0027	1.93E-11	--	627200	0.987071	0.018	0.1246

rs6872807	5	55966023	0	G	T	0.98784	9.28732	0.0023	0.00225925	17.0273	0.000037	15.8384	0.000069	0.0093226	0.342512	0.98784	11.1831	0.00083	0.00157283	7.95336	0.0048	7.62028	5.80E-03	-4.44E-03	0.342321	0.0018	2.19E-09	++	694620	0.98784	0.0108	0.3405

rs6905288	6	43758873	0	G	A	1	282.527	0	0.00214685	298.854	5.90E-67	309.242	3.20E-69	0.0371135	0.567997	1	19.5679	0.0000097	0.00149662	24.2122	0.00000086	23.314	1.40E-06	-7.36E-03	0.568054	0.0018	9.04E-140	++	671554	1	0.0444	0.5735

rs6932767	6	14595873	0	G	T	0.998656	36.9015	1.2E-09	0.00263716	51.3188	7.9E-13	53.2424	2.9E-13	0.0188918	0.795167	0.998656	1.65143	0.2	0.00183917	4.78439	0.029	5.14131	2.30E-02	4.02E-03	0.795365	0.0022	4.26E-12	++	627215	0.998656	0.0154	0.7926

rs6940715	6	133601845	0	A	C	0.996094	13.3999	0.00025	0.00353443	14.4591	0.00014	13.4923	0.00024	0.0134397	0.899156	0.996094	5.85115	0.016	0.00246483	5.92364	0.015	5.70341	1.70E-02	-6.00E-03	0.899163	0.003	6.11E-14	++	627196	0.996094	0.0222	0.8944

rs6985478	8	25780152	0	G	A	0.995575	30.3214	0.000000037	0.00234899	36.3944	1.6E-09	37.119	1.1E-09	0.0141709	0.707786	0.995575	0.501466	0.48	0.00163677	0.65002	0.42	0.858349	3.50E-01	1.32E-03	0.707718	0.002	5.96E-14	++	626686	0.995575	0.0148	0.7102

rs699370	14	74989119	0	T	C	0.978014	20.2057	0.000007	0.00225729	18.8423	0.000014	17.6373	0.000027	0.00979836	0.64577	0.978014	11.7702	0.0006	0.00157314	10.0602	0.0015	9.92145	1.60E-03	4.99E-03	0.646069	0.0018	3.78E-12	--	684617	0.978014	0.0127	0.6198

rs7003062	8	121358527	0	T	C	0.994436	13.5475	0.00023	0.00218496	20.3315	0.0000065	20.8403	0.000005	0.00985209	0.395937	0.994436	0.00430265	0.95	0.00152179	0.174422	0.68	0.240512	6.20E-01	6.36E-04	0.396004	0.0018	2.06E-11	--	614969	0.994436	0.0124	0.3949

rs7020604	9	112583554	0	A	G	0.99457	22.406	0.0000022	0.00226023	25.5627	0.00000043	25.088	0.00000055	0.0114276	0.66318	0.99457	2.22579	0.14	0.00157397	3.18251	0.074	2.80592	9.40E-02	2.81E-03	0.66285	0.0021	7.04E-10	+?	484563	0.99457	0.0129	0.6653

rs7070749	10	63882682	0	G	A	0.995798	22.1714	0.0000025	0.00214766	30.9115	0.000000027	29.8152	0.000000048	0.0119406	0.556901	0.995798	0.0598393	0.81	0.00149678	0.00718962	0.93	0.0101674	9.20E-01	1.27E-04	0.556823	0.002	9.10E-12	+?	484563	0.995798	0.0136	0.5531

rs7086377	10	3596526	0	T	G	0.997261	22.7494	0.0000018	0.00218121	28.253	0.00000011	30.9956	0.000000026	0.0115939	0.395978	0.997261	9.08715	0.0026	0.00151953	9.72632	0.0018	10.6027	1.10E-03	4.74E-03	0.396093	0.0018	6.88E-11	++	627258	0.997261	0.0119	0.3952

rs7102	16	11642242	0	T	C	0.98977	10.3673	0.0013	0.00222222	14.3524	0.00015	13.4588	0.00024	0.0084188	0.365069	0.98977	0.00677979	0.93	0.00154801	0.14026	0.71	0.0952929	7.60E-01	-5.80E-04	0.364887	0.0018	1.38E-10	--	686994	0.98977	0.0115	0.354

rs711076	12	77905207	0	T	C	0.995925	14.3245	0.00015	0.002279	12.0007	0.00053	13.4184	0.00025	0.00789492	0.323349	0.995925	1.34373	0.25	0.00158854	2.92415	0.087	2.92265	8.70E-02	-2.72E-03	0.323005	0.0018	1.49E-11	--	694439	0.995925	0.0123	0.3203

rs711869	2	13073967	0	G	A	0.981668	65.3311	6.30E-16	0.00215509	67.9639	1.70E-16	71.5879	2.70E-17	0.0177666	0.439865	0.981668	1.45062	0.23	0.00149861	0.846651	0.36	1.32711	2.50E-01	1.38E-03	0.439872	0.0018	1.96E-24	--	627083	0.981668	0.0186	0.4434

rs7119797	11	62166235	0	C	T	0.990757	28.1846	0.00000011	0.0021402	29.5414	0.000000055	30.1329	0.00000004	0.0116324	0.506903	0.990757	0.565836	0.45	0.00149182	0.26033	0.61	0.320182	5.70E-01	7.61E-04	0.50755	0.0018	5.49E-13	--	627021	0.990757	0.013	0.5109

rs71439172	2	25584162	0	G	A	0.963824	38.5153	5.4E-10	0.00305489	43.7792	3.7E-11	44.0392	3.2E-11	0.0202129	0.853904	0.963824	3.74344	0.053	0.00212377	4.20073	0.04	3.44631	6.30E-02	4.35E-03	0.85394	0.0029	3.37E-16	-?	484563	0.963824	0.0233	0.8563

rs71511786	9	107578059	0	A	T	0.989553	17.3985	0.00003	0.00395239	22.2739	0.0000024	21.2082	0.0000041	0.0186534	0.920431	0.989553	0.413867	0.52	0.00275504	1.2709	0.26	1.00863	3.20E-01	3.11E-03	0.920532	0.0037	5.18E-10	+?	484563	0.989553	0.0228	0.9207

rs715300	1	221290755	0	C	T	0.995543	10.079	0.0015	0.00232347	14.8115	0.00012	13.8544	0.0002	0.00894203	0.298152	0.995543	0.414051	0.52	0.0016156	1.66763	0.2	1.40953	2.40E-01	2.09E-03	0.298275	0.0019	1.11E-13	++	627315	0.995543	0.0144	0.3095

rs717795	1	2970464	0	T	C	0.991382	25.1849	0.00000052	0.00272217	34.1177	5.2E-09	33.6293	6.7E-09	0.0159003	0.190028	0.991382	7.70384	0.0055	0.00189197	10.1466	0.0014	9.22497	2.40E-03	-6.03E-03	0.190396	0.0023	6.86E-18	--	627060	0.991382	0.0196	0.1986

rs7198287	16	85258191	0	C	T	0.993015	14.6584	0.00013	0.00266113	21.5471	0.0000035	23.5321	0.0000012	0.0123527	0.797567	0.993015	1.38272	0.24	0.00185421	4.0968	0.043	3.64501	5.60E-02	3.75E-03	0.797716	0.0022	1.05E-09	--	623331	0.993015	0.0137	0.782

rs7213608	17	21279289	0	C	T	0.977134	59.928	9.8E-15	0.00229978	51.7241	6.4E-13	53.2586	2.9E-13	0.0165399	0.324908	0.977134	69.0289	9.70E-17	0.00160444	66.1028	4.30E-16	66.2291	4.00E-16	1.30E-02	0.325214	0.0019	3.15E-09	--	626694	0.977134	0.0115	0.3174

rs7225453	17	3960620	0	T	C	0.99837	30.6037	0.000000032	0.002715	28.9721	0.000000073	28.9409	0.000000075	0.0146137	0.190669	0.99837	35.7764	2.2E-09	0.00189293	33.2965	7.9E-09	33.1295	8.60E-09	1.09E-02	0.190703	0.0023	2.66E-10	--	627294	0.99837	0.0145	0.175

rs7235010	18	20724810	0	G	A	0.998884	25.4481	0.00000045	0.00259204	32.482	0.000000012	32.6082	0.000000011	0.0147728	0.784498	0.998884	4.03648	0.045	0.00180808	4.34647	0.037	4.36249	3.70E-02	3.77E-03	0.784605	0.0021	5.65E-19	++	694222	0.998884	0.0186	0.774

rs7252102	19	17197012	0	A	G	0.996254	31.0756	0.000000025	0.00238781	30.4948	0.000000033	31.3767	0.000000021	0.013186	0.27704	0.996254	19.9884	0.0000078	0.00166692	19.9772	0.0000078	20.7243	5.30E-06	7.45E-03	0.276625	0.002	9.40E-13	--	627241	0.996254	0.0141	0.2773

rs727428	17	7537792	0	T	C	1	33.3574	7.7E-09	0.00214729	34.5858	4.1E-09	36.0835	1.9E-09	0.0126281	0.443044	1	20.5128	0.0000059	0.00149717	27.5358	0.00000015	25.6576	4.10E-07	-7.86E-03	0.443106	0.0018	4.25E-18	++	626586	1	0.0158	0.454

rs7279347	21	47537882	0	G	A	0.993164	8.18622	0.0042	0.0021395	8.87946	0.0029	8.19937	0.0042	0.00637537	0.485427	0.993164	14.6046	0.00013	0.00149436	14.2518	0.00016	14.9543	1.10E-04	-5.64E-03	0.485217	0.0018	2.00E-11	--	624792	0.993164	0.0121	0.4936

rs72823057	17	40567260	0	G	C	0.98187	70.2913	5.10E-17	0.00405463	54.2151	1.8E-13	57.8636	2.8E-14	0.0298546	0.07613	0.98187	9.29865	0.0023	0.00282581	4.34664	0.037	4.42564	3.50E-02	5.89E-03	0.076254	0.0038	1.69E-14	+?	484563	0.98187	0.0294	0.0731

rs72877579	3	64697471	0	C	T	0.950404	39.0254	4.2E-10	0.00384032	38.7684	4.8E-10	39.0747	4.1E-10	0.0239115	0.911669	0.950404	10.8339	0.001	0.00267512	18.0257	0.000022	19.7662	8.80E-06	-1.14E-02	0.911744	0.0033	3.29E-26	--	551882	0.950404	0.0347	0.9167

rs72959041	6	127454893	0	G	A	0.969127	657.423	0	0.00496143	724.266	1.60E-159	723.547	2.30E-159	0.133523	0.049709	0.969127	47.0501	6.9E-12	0.00345887	44.874	2.1E-11	48.8975	2.70E-12	-2.32E-02	0.049695	0.0044	2.08E-293	++	549629	0.969127	0.1624	0.0417

rs73001065	19	19460541	0	G	C	0.992649	8.33167	0.0039	0.0041798	9.0352	0.0026	9.59964	0.0019	0.0125639	0.070492	0.992649	3.86789	0.049	0.00291599	3.75262	0.053	2.86146	9.10E-02	-5.65E-03	0.070556	0.0037	3.68E-09	++	551749	0.992649	0.0219	0.0606

rs73094710	3	61557775	0	T	G	0.992204	7.70906	0.0055	0.00346048	9.9152	0.0016	9.44003	0.0021	0.0108965	0.893664	0.992204	0.578578	0.45	0.00241148	0.336125	0.56	0.677112	4.10E-01	-1.40E-03	0.893873	0.0032	1.20E-09	+?	484563	0.992204	0.0197	0.896

rs7350438	10	5643511	0	C	T	0.990482	29.3277	0.000000061	0.00221203	25.9107	0.00000036	25.3868	0.00000047	0.0112598	0.628517	0.990482	0.837696	0.36	0.00154179	0.567134	0.45	0.34409	5.60E-01	1.16E-03	0.628201	0.0019	3.63E-10	--	626977	0.990482	0.0116	0.6237

rs73858966	3	99654183	0	T	A	0.998054	13.9446	0.00019	0.00400599	17.534	0.000028	18.6673	0.000016	0.0167745	0.076214	0.998054	0.572333	0.45	0.0027871	2.04414	0.15	1.81648	1.80E-01	3.98E-03	0.076424	0.0037	2.46E-11	+?	484563	0.998054	0.0244	0.0788

rs73942938	19	46162346	0	T	C	0.995002	30.0334	0.000000042	0.00284186	30.8561	0.000000028	33.2416	8.1E-09	0.0157861	0.170621	0.995002	5.80262	0.016	0.0019822	10.235	0.0014	9.5812	2.00E-03	6.34E-03	0.170625	0.0025	4.46E-09	--	551862	0.995002	0.0146	0.2638

rs7395513	11	69262756	0	G	A	0.99223	71.0121	3.60E-17	0.00214844	61.7303	3.9E-15	60.88	6.1E-15	0.01688	0.558322	0.99223	0.100699	0.75	0.00149726	0.793999	0.37	0.613513	4.30E-01	-1.33E-03	0.558045	0.002	9.35E-27	-?	484563	0.99223	0.0214	0.5611

rs740838	3	43764315	0	C	A	0.998522	9.42126	0.0021	0.00685546	16.0289	0.000062	16.9439	0.000039	0.0274465	0.975346	0.998522	16.2684	0.000055	0.00477828	13.2144	0.00028	13.0474	3.00E-04	-1.74E-02	0.975406	0.0058	8.98E-14	--	606754	0.998522	0.0431	0.9752

rs747249	11	130271647	0	A	G	0.985753	33.2932	7.9E-09	0.00223032	33.483	7.2E-09	32.8379	0.00000001	0.0129056	0.361411	0.985753	4.79145	0.029	0.00155509	6.93357	0.0085	6.72137	9.50E-03	-4.09E-03	0.361546	0.0019	1.25E-09	++	626947	0.985753	0.0114	0.3589

rs7492628	14	91547136	0	C	G	0.981371	19.5387	0.0000099	0.00231642	29.8082	0.000000048	29.1913	0.000000066	0.012647	0.314976	0.981371	8.97791	0.0027	0.00161504	6.70113	0.0096	6.88903	8.70E-03	-4.18E-03	0.314847	0.0019	4.91E-32	--	626927	0.981371	0.0229	0.3199

rs7521902	1	22490724	0	C	A	1	10.5333	0.0012	0.00249249	15.4346	0.000085	15.4728	0.000084	0.00979222	0.762095	1	0.992222	0.32	0.00173298	0.294364	0.59	0.230278	6.30E-01	-9.40E-04	0.762152	0.002	1.47E-10	--	693920	1	0.0129	0.7724

rs7530102	1	163760257	0	T	A	0.993155	26.8952	0.00000021	0.00217504	28.1111	0.00000011	27.5689	0.00000015	0.0115321	0.400598	0.993155	1.12542	0.29	0.00151212	0.153104	0.7	0.256794	6.10E-01	5.92E-04	0.40107	0.0018	1.46E-10	++	626763	0.993155	0.0117	0.3978

rs7554947	1	160413460	0	C	T	0.990433	12.2333	0.00047	0.00243689	14.1113	0.00017	14.2454	0.00016	0.00915419	0.741899	0.990433	6.98175	0.0082	0.0016948	6.30158	0.012	6.09689	1.40E-02	-4.25E-03	0.742058	0.0022	1.82E-11	-?	484563	0.990433	0.0151	0.7381

rs755643	5	173136667	0	G	A	0.986999	14.5433	0.00014	0.0023388	22.4599	0.0000021	22.7811	0.0000018	0.011084	0.701661	0.986999	0.817242	0.37	0.00162891	1.50632	0.22	1.52261	2.20E-01	2.00E-03	0.701739	0.002	1.56E-09	--	627000	0.986999	0.0119	0.7118

rs757081	11	17351683	0	C	G	1	1.32227	0.25	0.00226112	2.36342	0.12	2.04003	0.15	0.00347612	0.333952	1	1.39012	0.24	0.00157584	0.0213316	0.88	0.0375425	8.50E-01	-2.30E-04	0.334148	0.0018	4.03E-10	--	693473	1	0.0113	0.3373

rs757608	17	59497277	0	A	G	1	30.7176	0.00000003	0.00226458	38.8769	4.5E-10	37.7598	8E-10	0.01412	0.330006	1	10.4438	0.0012	0.00157984	10.708	0.0011	11.826	5.80E-04	-5.17E-03	0.329861	0.0018	1.10E-26	++	694592	1	0.0194	0.3207

rs7585974	2	172377212	0	C	G	0.995766	9.98067	0.0016	0.00271882	14.0499	0.00018	13.9007	0.00019	0.010191	0.188805	0.995766	6.4051	0.011	0.00189018	8.19742	0.0042	7.65059	5.70E-03	5.41E-03	0.188812	0.0026	2.31E-13	+?	484563	0.995766	0.0187	0.1826

rs7680787	4	122624065	0	T	C	1	17.7273	0.000025	0.00221603	25.2525	0.0000005	23.918	0.000001	0.0111359	0.639994	1	0.32545	0.57	0.00154366	0.433832	0.51	0.576151	4.50E-01	-1.02E-03	0.640381	0.0018	1.17E-14	++	693901	1	0.0138	0.6476

rs7708285	5	76425867	0	G	A	1	10.9667	0.00093	0.00230473	10.7336	0.0011	9.75977	0.0018	0.0075508	0.308466	1	0.190463	0.66	0.00160523	1.33594	0.25	1.40829	2.40E-01	-1.86E-03	0.308418	0.0019	3.00E-12	--	691373	1	0.0132	0.2935

rs7721054	5	54890802	0	T	C	0.989511	25.4124	0.00000046	0.00233759	24.9711	0.00000058	24.723	0.00000066	0.0116812	0.297733	0.989511	5.99856	0.014	0.00162778	12.1472	0.00049	11.241	8.00E-04	-5.67E-03	0.297903	0.0019	1.56E-19	++	693843	0.989511	0.0169	0.2948

rs7744833	6	20581828	0	A	G	0.986807	23.8431	0.000001	0.00229151	26.1494	0.00000032	26.9924	0.0000002	0.011718	0.682229	0.986807	17.8393	0.000024	0.0015979	19.2266	0.000012	20.801	5.10E-06	7.01E-03	0.682299	0.0019	1.42E-09	++	627233	0.986807	0.0117	0.6823

rs7795371	7	77362504	0	A	G	0.996663	24.0359	0.00000095	0.00216167	23.7677	0.0000011	25.6476	0.00000041	0.0105386	0.582266	0.996663	30.7534	0.000000029	0.001506	41.5841	1.1E-10	40.8262	1.70E-10	-9.71E-03	0.582303	0.0018	2.89E-21	++	627159	0.996663	0.0172	0.565

rs7798002	7	25860580	0	G	T	0.99546	89.903	2.50E-21	0.00269643	88.8814	4.20E-21	88.0452	6.40E-21	0.0254211	0.193713	0.99546	0.287673	0.59	0.00187984	0.265831	0.61	0.254838	6.10E-01	-9.69E-04	0.193712	0.0021	4.23E-50	++	694434	0.99546	0.0319	0.1969

rs780159	10	80907147	0	A	G	0.969682	39.7275	2.9E-10	0.00218599	43.2511	4.8E-11	44.2398	2.9E-11	0.0143763	0.576304	0.969682	12.3223	0.00045	0.00152347	15.8291	0.000069	14.9812	1.10E-04	6.06E-03	0.576015	0.0018	3.33E-20	--	686401	0.969682	0.0163	0.5713

rs7827182	8	8380471	0	G	C	0.999162	11.0261	0.0009	0.00213444	8.37273	0.0038	7.40766	0.0065	0.00617616	0.510899	0.999162	17.6828	0.000026	0.00148697	23.2168	0.0000014	25.0195	5.70E-07	-7.16E-03	0.510324	0.0019	3.92E-19	--	567657	0.999162	0.0166	0.5593

rs7854560	9	98382950	0	C	T	1	5.0634	0.024	0.00234126	4.4427	0.035	3.90648	0.048	0.00493483	0.292844	1	0.656695	0.42	0.00163121	1.65198	0.2	1.62511	2.00E-01	-2.10E-03	0.292845	0.0019	5.85E-10	++	694360	1	0.0116	0.2902

rs7903146	10	114758349	0	C	T	1	12.0633	0.00051	0.0023455	12.9305	0.00032	12.7418	0.00036	0.00843419	0.290571	1	33.211	8.3E-09	0.0016345	44.2934	2.8E-11	44.3133	2.80E-11	-1.09E-02	0.290358	0.0019	9.91E-22	++	694542	1	0.0181	0.2798

rs7932891	11	10921512	0	A	G	0.998727	32.527	0.000000012	0.00234147	26.594	0.00000025	28.2523	0.00000011	0.0120748	0.292423	0.998727	1.25976	0.26	0.00163167	0.219247	0.64	0.344346	5.60E-01	7.64E-04	0.292608	0.002	1.39E-12	++	626262	0.998727	0.0141	0.2954

rs7945962	11	36360598	0	G	A	0.994694	14.3034	0.00016	0.00213457	19.2771	0.000011	20.0456	0.0000076	0.00937197	0.478176	0.994694	13.0287	0.00031	0.00148841	12.3172	0.00045	11.3744	7.40E-04	-5.22E-03	0.478234	0.0018	2.20E-10	++	626631	0.994694	0.0114	0.4887

rs79664277	5	149859889	0	G	A	0.986645	17.0636	0.000036	0.00384171	18.1156	0.000021	17.4881	0.000029	0.0163512	0.084401	0.986645	3.60277	0.058	0.00267578	3.38136	0.066	3.92758	4.80E-02	-4.92E-03	0.084405	0.0035	2.34E-09	+?	484563	0.986645	0.021	0.0874

rs797486	13	51221618	0	C	A	0.987915	102.558	4.20E-24	0.00327832	98.3169	3.60E-23	94.2105	2.80E-22	0.0325061	0.878319	0.987915	0.14142	0.71	0.00228805	0.338991	0.56	0.35372	5.50E-01	-1.33E-03	0.878494	0.0026	4.38E-46	++	694585	0.987915	0.0373	0.893

rs7993238	13	22473593	0	A	C	0.971194	28.9419	0.000000075	0.00223388	26.9971	0.0000002	26.7112	0.00000024	0.011607	0.370347	0.971194	0.305802	0.58	0.00155657	1.27037	0.26	1.0966	3.00E-01	-1.75E-03	0.37042	0.0019	1.68E-10	--	627052	0.971194	0.012	0.3502

rs801593	22	47195050	0	G	C	1	28.8728	0.000000077	0.00238758	31.1387	0.000000024	28.3546	0.0000001	0.0133232	0.276877	1	7.30355	0.0069	0.00166601	7.42265	0.0064	6.65593	9.90E-03	4.54E-03	0.276892	0.002	6.68E-10	--	625084	1	0.0123	0.2604

rs8024294	15	94023132	0	G	A	0.97696	23.1335	0.0000015	0.00347532	27.1048	0.00000019	30.0049	0.000000043	0.0180933	0.106948	0.97696	11.9466	0.00055	0.00242311	14.0629	0.00018	13.4396	2.50E-04	9.09E-03	0.1069	0.0029	5.03E-10	++	615118	0.97696	0.0177	0.1114

rs8054299	16	53498655	0	C	G	0.999166	29.707	0.00000005	0.00229374	27.4775	0.00000016	28.5991	0.000000089	0.0120235	0.685474	0.999166	0.575895	0.45	0.00159846	0.050459	0.82	0.0615389	8.00E-01	-3.59E-04	0.685734	0.0019	5.79E-14	++	615528	0.999166	0.0146	0.6861

rs805768	20	5666891	0	C	T	0.987885	33.8825	5.9E-09	0.00250896	45.2139	1.8E-11	44.638	2.4E-11	0.0168706	0.240738	0.987885	2.46698	0.12	0.00175051	1.13969	0.29	1.16297	2.80E-01	-1.87E-03	0.240701	0.0023	1.65E-14	+?	484563	0.987885	0.0179	0.2391

rs8066985	17	68453345	0	A	G	0.996236	65.2742	6.50E-16	0.00213261	69.2105	8.80E-17	69.1941	8.90E-17	0.0177418	0.484873	0.996236	1.90505	0.17	0.00148761	0.954836	0.33	1.1841	2.80E-01	-1.45E-03	0.484751	0.0017	2.03E-40	++	694540	0.996236	0.0228	0.4878

rs8074638	17	53731579	0	G	A	0.977124	15.4847	0.000083	0.00276372	21.0174	0.0000046	21.0839	0.0000044	0.0126702	0.1864	0.977124	9.5363	0.002	0.00192732	6.31284	0.012	6.24481	1.20E-02	-4.84E-03	0.186368	0.0023	2.12E-11	++	626827	0.977124	0.0157	0.191

rs8080903	17	43996140	0	T	C	0.978333	48.728	2.9E-12	0.00217366	59.7465	1.1E-14	57.8879	2.8E-14	0.0168015	0.570828	0.978333	0.380635	0.54	0.00151674	0.785948	0.38	1.11437	2.90E-01	1.34E-03	0.571183	0.0018	1.57E-15	--	623482	0.978333	0.0146	0.5653

rs8103017	19	55999142	0	C	G	0.980636	46.4927	9.2E-12	0.00236512	48.9035	2.7E-12	51.0768	8.9E-13	0.0165395	0.29123	0.980636	0.496729	0.48	0.00165051	0.113718	0.74	0.0431845	8.40E-01	5.57E-04	0.291108	0.0022	2.98E-19	-?	484563	0.980636	0.0196	0.2956

rs8126001	20	62711459	0	C	T	0.992915	20.1306	0.0000072	0.00214306	23.3615	0.0000013	22.8732	0.0000017	0.0103582	0.509936	0.992915	0.294247	0.59	0.00149432	0.0236536	0.88	0.00143208	9.70E-01	-2.30E-04	0.509985	0.002	1.60E-16	-?	484563	0.992915	0.0164	0.5147

rs8142329	22	27647289	0	A	G	1	18.9959	0.000013	0.00319663	11.9474	0.00055	11.684	0.00063	0.0110492	0.128614	1	1.50947	0.22	0.00223013	0.251885	0.62	0.267857	6.00E-01	1.12E-03	0.128682	0.0026	1.60E-10	--	680293	1	0.0165	0.1248

rs821100	8	89448877	0	A	G	0.992341	11.3638	0.00075	0.00242288	16.2836	0.000055	16.2992	0.000054	0.00977705	0.264767	0.992341	0.164172	0.69	0.00168846	1.29769	0.25	1.49041	2.20E-01	1.92E-03	0.264731	0.0022	3.99E-13	-?	484563	0.992341	0.0161	0.2717

rs848286	2	58394543	0	T	C	0.995143	17.1028	0.000035	0.00220486	18.2339	0.00002	18.9402	0.000013	0.00941498	0.629284	0.995143	7.69728	0.0055	0.0015324	8.09915	0.0044	8.27655	4.00E-03	4.36E-03	0.629363	0.0019	3.75E-10	++	627185	0.995143	0.0116	0.6226

rs863750	12	124505444	0	C	T	0.993593	185.134	3.70E-42	0.0021827	183.348	9.00E-42	181.753	2.00E-41	0.029555	0.60455	0.993593	75.9206	3.00E-18	0.00152124	95.1168	1.80E-22	98.2857	3.60E-23	-1.48E-02	0.604677	0.0017	4.17E-101	++	693934	0.993593	0.0373	0.5842

rs889129	19	10070954	0	T	A	0.96509	13.6586	0.00022	0.0033068	15.3578	0.000089	14.1108	0.00017	0.012959	0.122259	0.96509	1.92978	0.16	0.002305	2.6876	0.1	2.87335	9.00E-02	-3.78E-03	0.122455	0.0029	9.32E-12	--	593244	0.96509	0.0198	0.1226

rs905938	1	154991389	0	T	C	1	13.3117	0.00026	0.00240533	22.7065	0.0000019	23.8414	0.000001	0.0114617	0.734567	1	0.0240722	0.88	0.00167365	0.640263	0.42	0.642652	4.20E-01	1.34E-03	0.734337	0.002	1.35E-35	++	692430	1	0.0243	0.7233

rs910071	20	39213710	0	C	T	0.994225	15.9186	0.000066	0.00228591	25.0246	0.00000057	25.4576	0.00000045	0.0114352	0.677175	0.994225	35.3234	2.8E-09	0.00159462	25.7451	0.00000039	25.2027	5.20E-07	-8.09E-03	0.676974	0.0019	6.27E-19	--	627030	0.994225	0.0171	0.6849

rs910382	20	51699189	0	G	A	0.991927	80.8274	2.50E-19	0.00214489	78.2143	9.20E-19	77.315	1.50E-18	0.0189691	0.493347	0.991927	0.75993	0.38	0.00149625	0.0237645	0.88	0.0150079	9.00E-01	2.31E-04	0.493027	0.0018	2.76E-25	--	625776	0.991927	0.0187	0.5063

rs917191	7	80570871	0	G	C	0.980862	27.8167	0.00000013	0.00217653	25.5076	0.00000044	25.8469	0.00000037	0.0109926	0.582033	0.980862	1.95637	0.16	0.00151657	5.36941	0.02	4.73135	3.00E-02	-3.51E-03	0.581907	0.0018	5.11E-14	++	626903	0.980862	0.0138	0.5706

rs917681	4	13247539	0	C	T	0.99252	12.5386	0.0004	0.00232933	10.4023	0.0013	11.3326	0.00076	0.00751269	0.299482	0.99252	1.58909	0.21	0.00162142	0.222926	0.64	0.360378	5.50E-01	7.66E-04	0.299489	0.0019	7.58E-10	++	694552	0.99252	0.0115	0.2945

rs930653	2	68464271	0	A	T	0.998172	32.3316	0.000000013	0.00223848	32.4746	0.000000012	34.2372	4.9E-09	0.0127563	0.344869	0.998172	4.27476	0.039	0.00155699	3.82205	0.051	4.07747	4.30E-02	3.04E-03	0.344711	0.0019	2.89E-09	++	627070	0.998172	0.0112	0.3558

rs9341990	6	85391568	0	A	G	0.997719	17.5476	0.000028	0.00215843	27.8938	0.00000013	29.2357	0.000000064	0.0113997	0.417493	0.997719	2.78732	0.095	0.00150434	0.760934	0.38	0.558769	4.50E-01	-1.31E-03	0.418034	0.0018	9.46E-17	++	627285	0.997719	0.0151	0.4131

rs9388766	6	130354855	0	T	C	0.994722	21.5362	0.0000035	0.00231698	22.3198	0.0000023	21.0584	0.0000045	0.0109463	0.697952	0.994722	1.12076	0.29	0.00161489	1.90534	0.17	1.67433	2.00E-01	-2.23E-03	0.697674	0.0019	3.96E-20	--	694603	0.994722	0.017	0.6868

rs9415106	10	77295957	0	G	A	1	10.9985	0.00091	0.00236005	12.1074	0.0005	11.9396	0.00055	0.00821196	0.714436	1	6.52929	0.011	0.00164472	3.95275	0.047	4.13153	4.20E-02	-3.27E-03	0.714629	0.002	9.78E-13	++	627049	1	0.0142	0.7138

rs9435732	1	17308158	0	C	T	1	12.1656	0.00049	0.00241583	13.7174	0.00021	12.9375	0.00032	0.00894751	0.739246	1	3.7121	0.054	0.00168079	5.95938	0.015	5.48649	1.90E-02	4.10E-03	0.739378	0.0019	2.57E-11	--	693273	1	0.0128	0.7604

rs951252	4	145825151	0	A	G	1	19.9433	0.000008	0.00213936	26.4476	0.00000027	28.4248	0.000000097	0.0110021	0.549199	1	20.2224	0.0000069	0.00148995	17.8699	0.000024	17.4916	2.90E-05	-6.30E-03	0.54953	0.0017	3.44E-27	--	694562	1	0.0185	0.5486

rs9644033	8	23610639	0	A	T	0.997191	57.7941	2.9E-14	0.00250145	55.3231	1E-13	55.7816	8.1E-14	0.0186057	0.761016	0.997191	0.099745	0.75	0.0017424	0.630356	0.43	0.618888	4.30E-01	-1.38E-03	0.760835	0.0021	3.40E-26	++	626939	0.997191	0.0222	0.7545

rs9647379	3	171785168	0	G	C	0.9925	45.352	1.6E-11	0.00217248	48.3279	3.6E-12	48.0881	4.1E-12	0.0151027	0.589081	0.9925	30.5026	0.000000033	0.00151142	38.1697	6.5E-10	38.7366	4.90E-10	9.34E-03	0.58888	0.0019	5.14E-16	--	624516	0.9925	0.015	0.6012

rs9678859	2	100288478	0	A	G	0.99681	25.0568	0.00000056	0.00275108	24.9985	0.00000057	24.5833	0.00000071	0.013755	0.182945	0.99681	0.084354	0.77	0.00191328	0.339577	0.56	0.216973	6.40E-01	1.11E-03	0.182698	0.0023	7.97E-16	++	627274	0.99681	0.0188	0.1816

rs975385	5	141858677	0	C	T	0.987005	21.0767	0.0000044	0.00217789	16.2263	0.000056	18.1731	0.00002	0.00877294	0.590733	0.987005	2.1874	0.14	0.0015158	4.89157	0.027	5.47592	1.90E-02	-3.35E-03	0.590613	0.0018	5.29E-10	--	626087	0.987005	0.0114	0.5998

rs9909443	17	73308346	0	C	T	0.991733	31.9667	0.000000016	0.00256424	25.7658	0.00000039	27.1079	0.00000019	0.0130161	0.776143	0.991733	9.86503	0.0017	0.00179018	6.66751	0.0098	6.94209	8.40E-03	4.62E-03	0.776438	0.0021	1.24E-10	--	626372	0.991733	0.0138	0.7749
