SNP frqA1.whradjbmi beta.whradjbmi se.whradjbmi pval.whradjbmi frqA1.bmi beta.bmi se.bmi pval.bmi frqA1.whr beta.whr se.whr pval.whr 
rs10152595:C:G 0.7509 0.0239 0.0034 3.408e-12 0.7509 0.0086 0.0033 0.01049 0.7509 0.0248 0.0034 3.737e-13 
rs10257135:C:T 0.8462 -0.0209 0.0034 1.121e-09 0.85 -0.0058 0.0032 0.06741 0.8464 -0.0187 0.0034 4.017e-08 
rs10502148:C:T 0.3594 -0.0171 0.0028 5.463e-10 0.3508 -0.0021 0.0026 0.4065 0.359 -0.0141 0.0027 2.372e-07 
rs10753534:A:G 0.8365 0.0239 0.004 2.072e-09 0.8365 -0.015 0.0039 9.975e-05 0.8365 0.0096 0.004 0.01546 
rs10753805:T:A 0.7291 0.0203 0.003 1.663e-11 0.7284 -0.0034 0.0028 0.2281 0.729 0.0137 0.003 4.08e-06 
rs10840326:G:C 0.4512 0.018 0.003 1.295e-09 0.4512 -0.0018 0.0029 0.5264 0.4513 0.0135 0.003 4.521e-06 
rs10923724:C:T 0.5561 0.0362 0.0026 1.411e-45 0.5548 -0.0145 0.0024 7.457e-10 0.556 0.0202 0.0025 1.48e-15 
rs1122080:G:A 0.2051 -0.0193 0.0033 3.498e-09 0.2086 -0.0058 0.003 0.05292 0.2056 -0.0197 0.0032 1.015e-09 
rs11235:T:C 0.5381 -0.0213 0.0026 2.844e-16 0.5363 0.0133 0.0024 3.969e-08 0.5377 -0.0081 0.0026 0.001662 
rs112498803:G:A 0.0788 0.0344 0.0055 3.453e-10 0.0788 -0.0023 0.0053 0.6621 0.0788 0.026 0.0054 1.831e-06 
rs11500477:T:A 0.3686 -0.0198 0.0031 1.56e-10 0.3686 -0.0154 0.003 2.785e-07 0.3686 -0.0253 0.0031 1.489e-16 
rs11698093:T:C 0.5695 0.0321 0.003 1.286e-26 0.5695 -0.0109 0.0029 0.000189 0.5695 0.0188 0.003 2.859e-10 
rs11747001:A:G 0.7636 0.0186 0.003 3.041e-10 0.7632 0.0016 0.0027 0.5722 0.7636 0.0148 0.0029 4.103e-07 
rs11899888:A:G 0.8514 -0.0216 0.0036 1.669e-09 0.8529 0.0099 0.0033 0.002701 0.8516 -0.014 0.0035 7.613e-05 
rs11992444:G:T 0.5084 0.0278 0.003 4.148e-21 0.5084 -0.004 0.0029 0.1657 0.5085 0.0191 0.0029 6.975e-11 
rs12123182:C:T 0.3013 0.0187 0.0029 1.707e-10 0.3033 -0.006 0.0027 0.02623 0.3014 0.0101 0.0029 0.0004778 
rs12441543:G:A 0.2894 -0.0188 0.003 2.207e-10 0.2882 0.0106 0.0028 0.0001328 0.2893 -0.0084 0.0029 0.004129 
rs12459350:A:G 0.5427 0.0152 0.0025 2.271e-09 0.5434 0.0055 0.0023 0.01914 0.5427 0.015 0.0025 2.427e-09 
rs12608504:A:G 0.3589 0.0253 0.0026 1.105e-21 0.357 0.0088 0.0024 0.0003185 0.3585 0.0252 0.0026 3.704e-22 
rs12774134:C:T 0.1189 -0.0355 0.004 3.2e-19 0.1194 0.0021 0.0037 0.5623 0.119 -0.0283 0.0039 5.049e-13 
rs12810744:C:T 0.6165 0.0187 0.0028 1.452e-11 0.6135 0.0045 0.0026 0.08104 0.6163 0.0168 0.0027 9.146e-10 
rs1294436:G:C 0.5983 0.0224 0.003 1.079e-13 0.5983 -0.0023 0.0029 0.4374 0.5981 0.0163 0.003 5.406e-08 
rs12991495:T:C 0.6895 0.0172 0.0028 5.619e-10 0.6882 -0.004 0.0026 0.123 0.6893 0.012 0.0027 1.205e-05 
rs13107325:C:T 0.082 -0.0297 0.005 4.037e-09 0.0852 0.0495 0.0047 3.218e-26 0.0819 0.0056 0.005 0.2649 
rs13270194:T:C 0.5038 0.027 0.0029 4.043e-20 0.5038 -0.0195 0.0029 1.125e-11 0.5037 0.0101 0.0029 0.0005422 
rs1334576:G:A 0.4257 -0.0189 0.0027 2.466e-12 0.4257 -0.0035 0.0025 0.159 0.4258 -0.017 0.0027 2.431e-10 
rs1385167:A:G 0.862 -0.0234 0.0037 1.389e-10 0.8616 -0.0017 0.0034 0.605 0.862 -0.0201 0.0036 3.011e-08 
rs1406948:G:A 0.3683 -0.0303 0.0026 3.995e-31 0.3658 -3e-04 0.0024 0.8889 0.3679 -0.0249 0.0026 3.841e-22 
rs144100226:C:T 0.0446 0.0559 0.0071 5.156e-15 0.0446 -0.0227 0.007 0.001127 0.0446 0.0306 0.0071 1.68e-05 
rs1494205:T:G 0.5818 0.0184 0.0027 2.094e-11 0.5819 -0.006 0.0026 0.01871 0.5818 0.0107 0.0027 7.935e-05 
rs1544474:A:G 0.5418 -0.0171 0.0026 3.194e-11 0.5393 0.0045 0.0024 0.05789 0.5414 -0.0108 0.0025 2.099e-05 
rs1553607:C:A 0.534 0.018 0.003 1.286e-09 0.534 0.0032 0.0029 0.267 0.5341 0.0163 0.0029 2.866e-08 
rs1569135:A:G 0.5362 0.0193 0.0025 3.462e-14 0.536 0.0126 0.0023 8.785e-08 0.5362 0.0224 0.0025 3.732e-19 
rs1635853:T:G 0.414 0.0163 0.0026 2.357e-10 0.4134 -0.009 0.0024 0.0001497 0.4139 0.0073 0.0025 0.003925 
rs17703883:T:C 0.7617 -0.0218 0.0031 1.932e-12 0.767 0.0047 0.0029 0.106 0.7623 -0.0149 0.0031 1.205e-06 
rs1805740:G:T 0.7191 -0.0227 0.003 1.876e-14 0.7196 0.0017 0.0028 0.5294 0.7192 -0.0168 0.0029 1.096e-08 
rs2067087:G:C 0.718 -0.0226 0.0028 1.78e-15 0.7195 1e-04 0.0026 0.9687 0.7181 -0.018 0.0028 1.704e-10 
rs2071449:C:A 0.3509 0.0251 0.0027 3.27e-21 0.3481 -0.0014 0.0024 0.5776 0.3507 0.0199 0.0026 3.79e-14 
rs2145272:G:A 0.6367 -0.0325 0.0027 1.565e-34 0.6372 0.0207 0.0025 3.13e-17 0.6368 -0.0137 0.0026 1.667e-07 
rs2267846:G:A 0.2914 -0.0183 0.0029 1.757e-10 0.2973 0.002 0.0026 0.4444 0.2918 -0.0124 0.0028 1.151e-05 
rs2268382:A:C 0.6608 0.0167 0.0028 4.061e-09 0.6569 -0.0106 0.0026 6.254e-05 0.6607 0.0061 0.0028 0.03017 
rs2294239:A:G 0.5687 0.0238 0.0026 2.839e-20 0.5669 -0.0025 0.0024 0.2958 0.5683 0.0178 0.0025 2.491e-12 
rs2398893:A:G 0.7141 0.0178 0.0028 2.791e-10 0.7109 0.0071 0.0026 0.006186 0.7139 0.018 0.0028 1.136e-10 
rs2780956:G:A 0.4133 -0.0161 0.0027 3.448e-09 0.4151 0.0081 0.0025 0.001307 0.4134 -0.008 0.0027 0.002886 
rs2844531:A:G 0.8576 0.04 0.0038 3.898e-26 0.8562 -0.0091 0.0035 0.009949 0.8574 0.0252 0.0037 1.709e-11 
rs28451064:G:A 0.1277 0.0285 0.0045 2.849e-10 0.1277 -0.0037 0.0044 0.3976 0.1277 0.0203 0.0045 6.234e-06 
rs2923125:A:G 0.5028 -0.016 0.0027 2.506e-09 0.5048 -3e-04 0.0025 0.9063 0.5028 -0.0129 0.0027 1.139e-06 
rs34050011:C:A 0.4224 -0.021 0.003 2.011e-12 0.4224 0.0063 0.0029 0.02939 0.4224 -0.0122 0.003 4.196e-05 
rs34322:T:C 0.467 0.016 0.0027 2.822e-09 0.462 0.0025 0.0025 0.3116 0.4669 0.0149 0.0027 2.11e-08 
rs3740237:G:C 0.1416 0.0286 0.0039 1.911e-13 0.141 -0.0085 0.0036 0.01844 0.1416 0.0176 0.0039 4.995e-06 
rs3769600:G:A 0.4321 0.0162 0.0027 1.982e-09 0.4263 -0.003 0.0025 0.2371 0.4319 0.0112 0.0027 2.672e-05 
rs3786897:A:G 0.5812 -0.0318 0.0026 2.734e-35 0.5821 -9e-04 0.0024 0.7166 0.5814 -0.0259 0.0025 2.083e-24 
rs455660:T:C 0.177 0.0363 0.0032 2.557e-29 0.1726 -9e-04 0.003 0.764 0.1764 0.0287 0.0032 2.714e-19 
rs4785958:C:G 0.7624 0.0192 0.0029 6.932e-11 0.7641 -0.0099 0.0027 0.0003222 0.7625 0.0094 0.0029 0.001318 
rs4800452:C:T 0.7726 0.0213 0.0031 4.96e-12 0.7697 -0.0101 0.0029 0.000393 0.7722 0.0108 0.003 0.0003912 
rs528425253:A:C 0.9993 -0.4088 0.0668 9.585e-10 0.9993 -0.1383 0.065 0.03352 0.9993 -0.3981 0.0664 1.982e-09 
rs529565:T:C 0.6684 -0.0172 0.0027 1.365e-10 0.6658 6e-04 0.0025 0.8077 0.6678 -0.0143 0.0026 5.701e-08 
rs56196860:C:A 0.03 -0.0581 0.0086 1.782e-11 0.03 0.0142 0.0084 0.09056 0.03 -0.0356 0.0086 3.422e-05 
rs577721086:T:C 0.9526 -0.1014 0.007 2.27e-47 0.9526 0.0149 0.0068 0.02882 0.9526 -0.071 0.007 2.24e-24 
rs60521849:G:A 0.4003 -0.0195 0.003 9.961e-11 0.4003 -0.0079 0.0029 0.007007 0.4003 -0.0206 0.003 6.758e-12 
rs6096939:G:C 0.3667 -0.0167 0.0028 1.768e-09 0.3645 -0.0028 0.0026 0.2805 0.3666 -0.0157 0.0028 1.242e-08 
rs6486060:G:A 0.5576 -0.016 0.0027 3.829e-09 0.5547 -0.0031 0.0025 0.2135 0.5574 -0.0141 0.0027 1.737e-07 
rs650180:C:T 0.3958 -0.0175 0.0027 1.87e-10 0.3962 -0.0012 0.0025 0.6451 0.3958 -0.0144 0.0027 1.112e-07 
rs6556301:G:T 0.3699 0.0291 0.0027 7.544e-27 0.3704 -0.0143 0.0025 1.568e-08 0.37 0.0155 0.0027 8.847e-09 
rs6716011:C:T 0.2971 0.0186 0.003 3.499e-10 0.2987 0.002 0.0028 0.457 0.2971 0.0157 0.0029 9.049e-08 
rs6721459:A:G 0.5264 -0.0171 0.0027 1.866e-10 0.5256 -0.0038 0.0025 0.1318 0.5264 -0.015 0.0027 1.667e-08 
rs6722159:T:A 0.4839 -0.0165 0.0027 9.511e-10 0.4818 -0.0016 0.0025 0.5331 0.4838 -0.0136 0.0027 3.8e-07 
rs6844659:A:T 0.3731 0.0201 0.0031 4.751e-11 0.3731 0.0045 0.003 0.1315 0.3732 0.0186 0.003 8.317e-10 
rs6905288:G:A 0.5734 0.024 0.0026 2.922e-20 0.5735 -0.0109 0.0024 7.014e-06 0.5735 0.0122 0.0026 2.038e-06 
rs711076:T:C 0.6802 -0.0163 0.0027 1.919e-09 0.6814 0.0067 0.0025 0.007088 0.6802 -0.008 0.0027 0.002892 
rs7134488:G:A 0.2244 -0.0221 0.0032 5.662e-12 0.2252 0.007 0.003 0.02002 0.2245 -0.0136 0.0032 2.082e-05 
rs72754920:T:C 0.9731 -0.0555 0.0093 2.032e-09 0.9731 -0.001 0.009 0.9127 0.9731 -0.044 0.0092 1.737e-06 
rs7431827:C:G 0.1801 0.0231 0.0035 5.332e-11 0.1818 3e-04 0.0033 0.9354 0.1802 0.0168 0.0035 1.366e-06 
rs748196:T:G 0.4664 0.0219 0.0027 4.4e-16 0.4642 -0.0075 0.0025 0.002935 0.4663 0.0129 0.0027 1.396e-06 
rs757081:C:G 0.6617 -0.017 0.0027 2.902e-10 0.6588 0.0143 0.0025 8.314e-09 0.6612 -0.0046 0.0027 0.08361 
rs757608:A:G 0.3208 0.0214 0.0027 2.427e-15 0.3186 -0.01 0.0025 6.173e-05 0.3204 0.0106 0.0027 6.705e-05 
rs779388:C:T 0.5558 -0.0198 0.0027 1.659e-13 0.556 -0.005 0.0025 0.04511 0.5558 -0.0178 0.0027 2.334e-11 
rs7795061:C:T 0.3501 -0.0175 0.0028 5.704e-10 0.3466 0.0075 0.0026 0.004019 0.35 -0.0099 0.0028 0.0004186 
rs780159:A:G 0.4301 -0.0216 0.0026 1.724e-16 0.4347 0.005 0.0024 0.038 0.4308 -0.0132 0.0026 2.977e-07 
rs797486:C:A 0.894 0.0362 0.0039 8.537e-21 0.8984 -0.0084 0.0036 0.01927 0.8945 0.0249 0.0038 7.746e-11 
rs805737:C:G 0.8598 -0.0227 0.0039 4.06e-09 0.8604 0.0024 0.0036 0.5023 0.8598 -0.015 0.0038 8.886e-05 
rs8189480:C:T 0.4959 0.0168 0.0027 3.827e-10 0.4941 -0.0028 0.0025 0.2576 0.4957 0.0112 0.0027 2.524e-05 
rs863750:C:T 0.5833 0.0185 0.0026 7.552e-13 0.5791 -0.0105 0.0024 1.268e-05 0.5829 0.0077 0.0026 0.002478 
rs900399:A:G 0.6065 0.0254 0.0026 2.659e-22 0.6067 0.0101 0.0024 3.152e-05 0.6066 0.0263 0.0026 1.633e-24 
rs917304:C:G 0.2227 0.0193 0.0032 2.037e-09 0.2236 -0.0035 0.003 0.2434 0.2228 0.0128 0.0032 6.165e-05 
rs9341990:A:G 0.4136 0.0178 0.0027 6.063e-11 0.4124 -0.0018 0.0025 0.4814 0.4135 0.0133 0.0027 8.662e-07 
rs9388766:T:C 0.3131 -0.0181 0.0028 4.714e-11 0.3151 0.0113 0.0025 9.427e-06 0.3132 -0.0092 0.0027 0.0007724 
rs951252:A:G 0.4528 -0.0213 0.0025 3.74e-17 0.455 0.0133 0.0023 1.146e-08 0.453 -0.0095 0.0025 0.0001433 
rs9515201:A:C 0.3062 -0.0225 0.0028 5.705e-16 0.3073 0.0038 0.0026 0.143 0.3063 -0.0165 0.0028 1.91e-09 
rs969518:C:T 0.5788 0.0169 0.0026 4.17e-11 0.5845 -0.0098 0.0024 4.089e-05 0.5793 0.0067 0.0025 0.008215 
rs986512:G:A 0.6362 0.0196 0.0028 3.083e-12 0.6316 -0.003 0.0026 0.2436 0.6357 0.0141 0.0028 3.79e-07 
