SNP frqA1.whradjbmi beta.whradjbmi se.whradjbmi pval.whradjbmi frqA1.bmi beta.bmi se.bmi pval.bmi frqA1.whr beta.whr se.whr pval.whr 
rs10049088:C:T 0.3815 -0.029 0.0018 1.45e-59 0.3813 -0.0029 0.0017 0.0851 0.3814 -0.0271 0.0018 1.472e-53 
rs10054063:A:T 0.6208 -0.0268 0.002 1.968e-39 0.6963 0.01 0.0021 1.498e-06 0.6149 -0.0172 0.002 1.247e-17 
rs10055995:C:T 0.5788 -0.0109 0.0018 1.938e-09 0.5772 0.0075 0.0017 1.217e-05 0.5786 -0.0064 0.0018 0.0003923 
rs10100423:A:T 0.9285 -0.0418 0.0034 5.909e-34 0.9297 0.0047 0.0033 0.1457 0.9286 -0.0335 0.0034 7.963e-23 
rs10100533:A:G 0.6217 0.0143 0.0018 8.43e-15 0.6226 -0.0032 0.0017 0.06525 0.6216 0.0105 0.0018 1.015e-08 
rs10249651:T:C 0.6269 -0.0147 0.0018 1.224e-16 0.6241 -0.0036 0.0017 0.03083 0.6262 -0.0147 0.0018 6.009e-17 
rs1029472:G:A 0.9407 -0.0251 0.0042 1.744e-09 0.9407 0.0161 0.004 6.295e-05 0.9407 -0.0124 0.0041 0.002756 
rs1029645:G:A 0.545 -0.0129 0.0018 7.195e-13 0.544 0.0021 0.0017 0.2124 0.5451 -0.0089 0.0018 5.921e-07 
rs1035942:A:G 0.2746 0.0141 0.002 2.136e-12 0.274 6e-04 0.0019 0.7595 0.2747 0.0121 0.002 1.499e-09 
rs1045241:C:T 0.2817 -0.0185 0.0019 3.511e-22 0.2824 0.0055 0.0018 0.002363 0.2816 -0.0123 0.0019 8.856e-11 
rs10462028:G:A 0.3237 0.0189 0.0019 2.949e-23 0.3238 -0.008 0.0018 1.131e-05 0.3237 0.0123 0.0019 8.47e-11 
rs10463416:G:A 0.3589 0.0137 0.0018 9.284e-14 0.3569 -0.0078 0.0018 8.923e-06 0.3584 0.0077 0.0018 2.213e-05 
rs10502148:C:T 0.3572 -0.023 0.0018 5.865e-36 0.3539 -9e-04 0.0017 0.6019 0.3575 -0.0198 0.0018 2.044e-27 
rs10507524:T:C 0.9046 -0.0182 0.0031 2.679e-09 0.9045 -0.0027 0.0029 0.3569 0.9047 -0.0171 0.003 1.793e-08 
rs1051684:A:G 0.3555 0.0132 0.0019 4.386e-12 0.3556 0.0034 0.0018 0.06321 0.3555 0.0136 0.0019 1.044e-12 
rs1057119:C:G 0.7725 0.0134 0.0022 9.169e-10 0.7734 -0.0035 0.0021 0.09403 0.7724 0.0097 0.0022 7.298e-06 
rs10745659:C:G 0.5607 -0.0127 0.0018 1.819e-12 0.5612 -0.0043 0.0017 0.01121 0.5607 -0.0127 0.0018 1.427e-12 
rs10778504:C:T 0.3497 0.0158 0.0021 2.525e-14 0.3497 -0.0034 0.002 0.08735 0.3497 0.0114 0.0021 2.661e-08 
rs10799424:T:A 0.2013 -0.0134 0.0023 3.086e-09 0.2021 0.0086 0.0021 5.995e-05 0.2014 -0.0065 0.0022 0.003547 
rs10808546:C:T 0.422 -0.0159 0.0017 1.981e-20 0.4207 0.01 0.0016 8.293e-10 0.4215 -0.0084 0.0017 7.314e-07 
rs10817896:C:T 0.2768 0.0126 0.002 3.299e-10 0.2772 1e-04 0.0019 0.9654 0.2766 0.0111 0.002 3.593e-08 
rs10820747:G:A 0.2404 0.0271 0.0023 1.096e-31 0.2404 -0.0046 0.0022 0.03931 0.2404 0.0206 0.0023 4.09e-19 
rs10827226:T:C 0.1417 0.0198 0.0029 4.798e-12 0.1417 5e-04 0.0028 0.8641 0.1417 0.0164 0.0028 8.003e-09 
rs10842707:C:T 0.204 0.0343 0.0021 1.523e-62 0.2025 -0.0066 0.0019 0.0006351 0.2036 0.0266 0.002 3.911e-39 
rs10843804:T:C 0.7624 0.0153 0.0021 1.343e-13 0.7637 -0.001 0.002 0.6065 0.7623 0.0125 0.0021 1.065e-09 
rs10878367:T:A 0.295 0.019 0.002 5.843e-21 0.2971 -0.0021 0.0019 0.2824 0.2949 0.0148 0.002 2.017e-13 
rs10880823:T:C 0.7662 -0.0132 0.0021 5.653e-10 0.7656 0.0031 0.002 0.1247 0.7663 -0.0096 0.0021 5.801e-06 
rs10887759:G:A 0.1595 0.0173 0.0024 1.058e-12 0.1601 0.0021 0.0023 0.3538 0.1595 0.0161 0.0024 2.32e-11 
rs10913257:G:T 0.4507 -0.0107 0.0018 2.376e-09 0.4492 0.0014 0.0017 0.4035 0.4504 -0.0091 0.0018 2.844e-07 
rs10919388:A:C 0.2729 -0.0333 0.0019 9.712e-66 0.2733 0.0033 0.0018 0.07552 0.2729 -0.0266 0.0019 6.402e-43 
rs10923724:C:T 0.5569 0.0347 0.0017 1.25e-89 0.5562 -0.0126 0.0016 1.142e-14 0.5565 0.024 0.0017 1.81e-45 
rs10963067:C:A 0.0941 -0.0209 0.0032 5.859e-11 0.0952 -0.0011 0.003 0.721 0.0941 -0.0178 0.0032 1.799e-08 
rs10980797:A:G 0.5194 -0.0182 0.002 4.515e-20 0.5194 -3e-04 0.0019 0.8552 0.5194 -0.0154 0.002 3.881e-15 
rs11042077:G:A 0.6564 0.0124 0.0019 4.986e-11 0.6574 0.0056 0.0018 0.001906 0.6565 0.0131 0.0019 2.261e-12 
rs1105881:C:G 0.6349 -0.0156 0.0019 1.101e-16 0.6335 0.0037 0.0018 0.03841 0.6346 -0.0108 0.0019 7.229e-09 
rs11074934:C:T 0.2719 0.0119 0.002 3.792e-09 0.2706 -0.0061 0.0019 0.001329 0.272 0.0074 0.002 0.0002052 
rs11078594:G:C 0.187 -0.0149 0.0025 3.658e-09 0.1869 0.0028 0.0024 0.2555 0.187 -0.0118 0.0025 2.507e-06 
rs11082430:C:G 0.7379 0.0125 0.0021 1.549e-09 0.7356 -0.004 0.002 0.04468 0.7387 0.0081 0.0021 9.468e-05 
rs11085744:C:T 0.5645 0.0109 0.0018 1.946e-09 0.5649 -0.0068 0.0017 8.621e-05 0.5645 0.0057 0.0018 0.001514 
rs11088991:T:C 0.4172 0.0125 0.002 5.264e-10 0.4172 -0.0062 0.0019 0.001423 0.4172 0.0069 0.002 0.0005226 
rs1111875:C:T 0.4179 -0.0112 0.0017 8.717e-11 0.4186 0.0044 0.0016 0.006683 0.4182 -0.0069 0.0017 4.803e-05 
rs11129657:T:C 0.7925 -0.0147 0.0022 2.307e-11 0.7927 -0.0117 0.0021 2.407e-08 0.7925 -0.0179 0.0022 2.803e-16 
rs11134029:T:C 0.5456 0.0143 0.002 5.724e-13 0.5456 0.0012 0.0019 0.5202 0.5456 0.0128 0.002 7.751e-11 
rs11187537:G:C 0.2633 0.0163 0.0021 2.431e-15 0.2623 -0.002 0.002 0.3139 0.2632 0.013 0.002 1.729e-10 
rs11204762:A:G 0.7695 0.014 0.0021 3.391e-11 0.7721 -0.003 0.002 0.141 0.7697 0.0107 0.0021 3.617e-07 
rs11205773:T:C 0.9074 0.0187 0.0031 2.308e-09 0.9067 -0.0086 0.003 0.003677 0.9074 0.0121 0.0031 0.0001056 
rs11235:T:C 0.5396 -0.0222 0.0018 1.231e-36 0.5389 0.0096 0.0017 8.381e-09 0.5391 -0.0133 0.0017 1.369e-14 
rs112907088:A:G 0.9755 -0.0409 0.0065 2.25e-10 0.9755 0.0129 0.0062 0.03751 0.9755 -0.0272 0.0064 2.244e-05 
rs1139653:A:T 0.2851 0.0181 0.002 7.492e-20 0.285 -0.002 0.0019 0.289 0.2851 0.0147 0.002 1.145e-13 
rs1144:T:C 0.6642 -0.015 0.0018 5.57e-17 0.6658 -0.0054 0.0017 0.001456 0.664 -0.015 0.0018 2.954e-17 
rs114760566:C:A 0.0432 0.0932 0.0049 9.027e-82 0.0432 -0.026 0.0047 3.045e-08 0.0432 0.0674 0.0048 2.944e-44 
rs11574514:C:T 0.041 -0.0285 0.0043 5.043e-11 0.041 0.0123 0.0041 0.002728 0.041 -0.0194 0.0043 6.209e-06 
rs11592754:A:C 0.8592 -0.0215 0.0025 3.223e-18 0.8595 0.0071 0.0023 0.002289 0.8592 -0.0141 0.0024 8.021e-09 
rs11670056:C:T 0.0733 -0.0237 0.0038 4.301e-10 0.0733 0.0152 0.0037 3.227e-05 0.0733 -0.013 0.0038 0.0005743 
rs11722554:G:A 0.0377 -0.0334 0.0049 1.319e-11 0.0379 0.013 0.0047 0.005296 0.0378 -0.022 0.0049 5.701e-06 
rs11724804:G:A 0.4436 -0.017 0.0018 7.607e-21 0.4433 -0.0036 0.0017 0.03953 0.4436 -0.0165 0.0018 4.979e-20 
rs11746028:C:T 0.1813 -0.0141 0.0024 2.002e-09 0.1816 0.0059 0.0022 0.008219 0.1813 -0.0086 0.0023 0.000232 
rs11747001:A:G 0.7639 0.0172 0.002 7.734e-18 0.7637 0.0025 0.0019 0.1872 0.7638 0.0154 0.002 8.389e-15 
rs11757455:G:A 0.0603 -0.0221 0.0037 2.204e-09 0.0597 0.0079 0.0035 0.02486 0.0604 -0.0136 0.0037 0.0002052 
rs11770285:C:G 0.9006 0.0309 0.0031 7.057e-24 0.8999 -0.0089 0.0029 0.002345 0.9007 0.0221 0.0031 4.977e-13 
rs11786566:T:G 0.546 -0.0109 0.0018 2.77e-09 0.5446 0.0061 0.0017 0.0005182 0.5461 -0.0071 0.0018 9.526e-05 
rs11897119:T:C 0.5952 -0.0142 0.0017 5.69e-16 0.5933 -0.0013 0.0016 0.4418 0.594 -0.0134 0.0017 4.068e-15 
rs1190982:T:C 0.3027 0.0159 0.0019 2.458e-16 0.3024 0.0042 0.0018 0.0238 0.3027 0.0157 0.0019 5.104e-16 
rs12138803:C:T 0.2018 0.0254 0.0019 9.888e-39 0.1951 -0.0026 0.0018 0.1536 0.2001 0.0198 0.0019 7.185e-25 
rs1223581:C:T 0.5035 0.0111 0.0018 6.961e-10 0.504 -0.0038 0.0017 0.02638 0.5035 0.0081 0.0018 6.247e-06 
rs12325187:C:G 0.7323 0.0127 0.0021 8.3e-10 0.7303 -0.0017 0.002 0.3908 0.7325 0.0098 0.002 1.607e-06 
rs12419064:A:G 0.461 -0.0141 0.0019 4.529e-14 0.5163 3e-04 0.0019 0.8883 0.4562 -0.0114 0.0018 5.768e-10 
rs12435790:A:G 0.9209 0.0214 0.0035 1.161e-09 0.9201 -0.0069 0.0033 0.03786 0.9209 0.0155 0.0035 8.952e-06 
rs12441543:G:A 0.2896 -0.0189 0.002 8.684e-22 0.2892 0.0087 0.0019 3.837e-06 0.2898 -0.012 0.002 1.17e-09 
rs12442323:C:T 0.2084 -0.0149 0.0022 1.714e-11 0.2324 -0.0092 0.0023 4.83e-05 0.206 -0.018 0.0022 1.716e-16 
rs12454712:T:C 0.6243 0.017 0.0018 1.326e-20 0.6245 -0.0136 0.0018 1.047e-14 0.6243 0.0075 0.0018 3.745e-05 
rs12459350:A:G 0.5422 0.0141 0.0017 2.388e-16 0.5426 0.0028 0.0016 0.08501 0.5423 0.0134 0.0017 2.233e-15 
rs12494105:G:C 0.4039 -0.0123 0.0018 2.421e-11 0.4058 -0.0029 0.0017 0.09869 0.4042 -0.012 0.0018 3.6e-11 
rs1250259:T:A 0.7409 -0.0164 0.002 1.035e-15 0.7416 0.0053 0.0019 0.005998 0.7409 -0.0108 0.002 1.184e-07 
rs12527712:C:T 0.0881 0.0339 0.0033 6.845e-25 0.0892 -8e-04 0.0031 0.7919 0.0882 0.0284 0.0033 3.377e-18 
rs12543555:A:G 0.8088 -0.0138 0.0022 1.788e-10 0.811 0.0091 0.002 7.967e-06 0.8096 -0.0074 0.0021 0.00047 
rs12608426:G:A 0.0789 0.0249 0.0034 1.83e-13 0.0797 0.0087 0.0032 0.006997 0.079 0.0257 0.0034 1.979e-14 
rs12608504:A:G 0.3596 0.0258 0.0018 3.09e-47 0.3588 0.0075 0.0017 8.831e-06 0.3593 0.0251 0.0018 4.675e-46 
rs12684047:T:A 0.1914 -0.0154 0.0024 6.852e-11 0.1917 -0.0122 0.0022 5.809e-08 0.1914 -0.0185 0.0023 3.439e-15 
rs12686771:C:T 0.1623 0.0219 0.0024 6.84e-20 0.1617 -0.0039 0.0023 0.0853 0.1622 0.0164 0.0024 4.705e-12 
rs12692387:T:C 0.3315 -0.0134 0.0021 1.967e-10 0.3315 -0.0013 0.002 0.516 0.3315 -0.0124 0.0021 2.896e-09 
rs12694042:C:T 0.5019 0.0122 0.002 6.151e-10 0.5019 -0.0087 0.0019 4.597e-06 0.5019 0.0061 0.002 0.001795 
rs12774134:C:T 0.1186 -0.0188 0.0027 1.988e-12 0.1188 0.0014 0.0025 0.5895 0.1187 -0.0158 0.0026 2.096e-09 
rs12823266:A:G 0.7241 0.0131 0.0021 2.369e-10 0.7232 4e-04 0.002 0.8391 0.7241 0.0114 0.0021 3.243e-08 
rs12828318:A:G 0.8262 0.0173 0.0023 3.838e-14 0.8267 -0.0032 0.0022 0.1434 0.8263 0.013 0.0023 9.583e-09 
rs1294432:C:T 0.5377 0.0251 0.0017 5.237e-47 0.5382 -0.0048 0.0017 0.004098 0.5376 0.0187 0.0017 5.264e-27 
rs13010546:C:T 0.283 0.0136 0.002 8.794e-12 0.2834 5e-04 0.0019 0.8055 0.2828 0.0112 0.002 1.925e-08 
rs13107325:C:T 0.0808 -0.0306 0.0034 3.69e-19 0.082 0.0468 0.0032 3.805e-47 0.0813 -0.0031 0.0034 0.3654 
rs13137905:T:G 0.7324 0.0128 0.002 3.251e-10 0.7315 0.0012 0.0019 0.5435 0.7323 0.0111 0.002 3.4e-08 
rs13198178:G:C 0.0641 0.0308 0.0037 1.163e-16 0.0642 -0.0096 0.0035 0.00648 0.0641 0.0214 0.0037 6.701e-09 
rs13223034:C:T 0.3174 -0.0133 0.0019 3.667e-12 0.3172 0.0019 0.0018 0.2981 0.3174 -0.01 0.0019 1.349e-07 
rs13234914:A:G 0.6587 -0.0128 0.0019 1.282e-11 0.6574 2e-04 0.0018 0.9144 0.6585 -0.0106 0.0019 1.495e-08 
rs13256367:A:C 0.6535 0.0182 0.0019 6.148e-22 0.6526 -0.0031 0.0018 0.08772 0.6534 0.0141 0.0019 5.415e-14 
rs1328757:C:T 0.4745 0.0141 0.0018 3.408e-15 0.4763 -2e-04 0.0017 0.889 0.4743 0.0114 0.0018 1.693e-10 
rs1334576:G:A 0.4254 -0.0171 0.0018 3.464e-21 0.4254 -0.0032 0.0017 0.06482 0.4254 -0.0162 0.0018 1.66e-19 
rs13379794:G:A 0.3945 0.0109 0.0018 4.338e-09 0.3965 -0.0031 0.0017 0.07243 0.3948 0.0071 0.0018 0.0001126 
rs1345203:T:C 0.7829 0.0264 0.0024 2.233e-28 0.7829 -0.0067 0.0023 0.003552 0.7829 0.0187 0.0024 3.068e-15 
rs1364422:C:T 0.2684 0.0157 0.0019 1.071e-16 0.2675 -0.0083 0.0018 3.74e-06 0.2686 0.0097 0.0019 2.773e-07 
rs1385167:A:G 0.8621 -0.0265 0.0025 7.947e-27 0.8619 0.0015 0.0023 0.532 0.862 -0.0224 0.0024 6.224e-20 
rs139271800:A:G 0.9991 0.2393 0.035 8.596e-12 0.9991 -0.1149 0.0338 0.0006811 0.9991 0.1406 0.0348 5.371e-05 
rs140201358:C:G 0.9868 -0.0848 0.0086 9.583e-23 0.9868 0.0303 0.0083 0.0002734 0.9868 -0.0557 0.0086 8.253e-11 
rs1406948:G:A 0.3682 -0.0159 0.0018 2.076e-19 0.367 9e-04 0.0017 0.6016 0.3679 -0.0137 0.0017 4.124e-15 
rs144033177:A:C 0.9848 -0.0526 0.0083 2.209e-10 0.9848 0.0114 0.008 0.1556 0.9848 -0.0385 0.0082 2.908e-06 
rs1440372:T:C 0.2666 -0.0155 0.0019 9.53e-16 0.2663 -0.0013 0.0018 0.4814 0.2666 -0.0137 0.0019 5.081e-13 
rs144926207:T:C 0.9578 0.0319 0.0053 1.599e-09 0.9578 -0.0125 0.0051 0.01465 0.9578 0.02 0.0053 0.0001414 
rs145878042:A:G 0.9896 0.0812 0.0097 8.07e-17 0.9896 -0.0391 0.0094 3.194e-05 0.9896 0.0512 0.0097 1.199e-07 
rs146182298:C:T 0.0381 0.0314 0.0052 1.445e-09 0.0381 -0.0138 0.005 0.006021 0.0381 0.0198 0.0052 0.00012 
rs1481801:A:C 0.3962 0.0116 0.0018 2.547e-10 0.3967 -0.005 0.0017 0.004224 0.3963 0.007 0.0018 0.00011 
rs1485745:T:G 0.5131 0.0118 0.0018 4.844e-11 0.5156 0.0023 0.0017 0.1765 0.5129 0.0109 0.0018 1.011e-09 
rs1494204:C:T 0.419 -0.0147 0.0018 8.062e-16 0.4189 0.0046 0.0017 0.00713 0.419 -0.0106 0.0018 4.406e-09 
rs149921263:G:A 0.0367 0.0401 0.0053 4.27e-14 0.0367 -0.0115 0.0051 0.02442 0.0367 0.0287 0.0053 5.269e-08 
rs150841499:C:T 0.1085 -0.0201 0.0032 4.108e-10 0.1085 0.0078 0.0031 0.01179 0.1085 -0.0127 0.0032 7.139e-05 
rs1511022:C:T 0.1232 0.0169 0.0027 6.397e-10 0.1235 -8e-04 0.0026 0.7579 0.1232 0.0142 0.0027 1.677e-07 
rs1522811:C:A 0.226 -0.0129 0.0021 1.638e-09 0.226 0.0053 0.002 0.00832 0.2261 -0.0083 0.0021 0.0001001 
rs1541681:G:T 0.2621 -0.0123 0.002 1.279e-09 0.2618 -0.0101 0.0019 1.638e-07 0.2622 -0.0157 0.002 7.657e-15 
rs1561:C:T 0.0705 0.0216 0.0035 9.253e-10 0.0706 -0.0019 0.0033 0.5669 0.0705 0.0174 0.0035 6.275e-07 
rs1569135:A:G 0.5373 0.0205 0.0017 2.986e-33 0.5372 0.0079 0.0016 1.213e-06 0.5372 0.0215 0.0017 2.758e-37 
rs1635853:T:G 0.4142 0.0159 0.0017 6.36e-20 0.4139 -0.0097 0.0016 2.991e-09 0.4141 0.0085 0.0017 8.253e-07 
rs16907277:A:G 0.8906 -0.0228 0.0029 9.082e-15 0.8899 0.0077 0.0028 0.006167 0.8906 -0.0148 0.0029 3.931e-07 
rs16976826:C:T 0.2107 0.0199 0.0021 1.253e-21 0.2101 -0.0082 0.002 3.282e-05 0.2106 0.0127 0.0021 5.94e-10 
rs16978854:G:A 0.0374 -0.0334 0.0048 2.736e-12 0.0375 0.0111 0.0046 0.01459 0.0374 -0.0236 0.0047 7.005e-07 
rs17067999:C:T 0.1356 -0.0164 0.0026 1.446e-10 0.1344 0.0039 0.0024 0.105 0.1356 -0.0118 0.0025 3.283e-06 
rs17101456:A:G 0.8791 -0.0251 0.0028 1.342e-19 0.8792 2e-04 0.0026 0.9301 0.879 -0.0206 0.0028 7.456e-14 
rs17154889:C:A 0.3108 -0.0158 0.0019 3.899e-16 0.3113 0.0096 0.0018 1.809e-07 0.3109 -0.0089 0.0019 4.088e-06 
rs17289035:G:A 0.2029 0.0137 0.0022 9.165e-10 0.2034 -0.0044 0.0021 0.03993 0.2028 0.0099 0.0022 8.259e-06 
rs17311057:C:T 0.285 0.0145 0.002 1.72e-12 0.2859 -0.0099 0.0019 2.748e-07 0.2852 0.0082 0.002 5.203e-05 
rs17326656:G:T 0.2346 0.0153 0.0021 5.773e-13 0.2346 0.0039 0.002 0.05277 0.2346 0.0153 0.0021 4.166e-13 
rs17369710:T:C 0.7207 -0.0116 0.002 4.594e-09 0.7214 -5e-04 0.0019 0.7908 0.7206 -0.0102 0.002 2.239e-07 
rs17417407:G:T 0.1705 0.0138 0.0023 1.314e-09 0.1702 0.0017 0.0022 0.4425 0.1704 0.012 0.0023 9.447e-08 
rs174829:A:G 0.3523 -0.014 0.0019 6.284e-13 0.3521 -0.0012 0.0018 0.5022 0.3524 -0.0133 0.0019 6.515e-12 
rs17509001:T:C 0.8424 -0.0161 0.0025 5.144e-11 0.8411 0.0021 0.0023 0.3685 0.8418 -0.0128 0.0024 1.086e-07 
rs17511102:A:T 0.9184 -0.02 0.0033 7.958e-10 0.9193 0.0089 0.0031 0.003537 0.9185 -0.0116 0.0032 0.0003101 
rs1757471:C:T 0.508 0.0146 0.0018 5.468e-16 0.5087 9e-04 0.0017 0.5917 0.5081 0.0128 0.0018 5.891e-13 
rs17703354:T:C 0.9152 -0.0202 0.0033 1.247e-09 0.9144 0.0063 0.0031 0.04389 0.915 -0.0153 0.0033 3.204e-06 
rs17703883:T:C 0.7627 -0.0149 0.0021 7.274e-13 0.7649 0.003 0.002 0.1278 0.7626 -0.0115 0.0021 2.658e-08 
rs17764730:C:T 0.2359 -0.0162 0.0021 9.679e-15 0.2344 0.0041 0.002 0.03733 0.2364 -0.0114 0.0021 4.856e-08 
rs1800978:C:G 0.8788 0.0262 0.0026 2.621e-23 0.8793 -0.0064 0.0025 0.01051 0.879 0.0201 0.0026 9.181e-15 
rs1805740:G:T 0.7185 -0.0179 0.002 1.163e-19 0.7187 0.0042 0.0019 0.02655 0.7185 -0.0135 0.002 5.636e-12 
rs180958337:C:T 0.006 0.0878 0.0132 3.327e-11 0.006 -0.0192 0.0128 0.1335 0.006 0.0659 0.0131 5.432e-07 
rs1893781:C:A 0.1158 0.0175 0.0028 3.273e-10 0.1156 0.001 0.0026 0.6932 0.1158 0.0141 0.0028 3.04e-07 
rs1979527:C:A 0.1989 0.0134 0.0022 2.364e-09 0.198 0.0012 0.0021 0.5768 0.1988 0.0119 0.0022 8.859e-08 
rs1997833:T:C 0.7071 -0.0138 0.0019 1.63e-13 0.7081 -7e-04 0.0018 0.6832 0.7073 -0.0122 0.0019 4.219e-11 
rs2012485:C:T 0.0454 -0.0293 0.0044 2.67e-11 0.0459 1e-04 0.0042 0.9761 0.0454 -0.0247 0.0044 1.584e-08 
rs2027982:T:C 0.4255 -0.0121 0.0018 2.196e-11 0.4255 0.005 0.0017 0.003375 0.4255 -0.0074 0.0018 3.875e-05 
rs2028386:C:G 0.4838 -0.0126 0.0018 2.753e-12 0.481 0.0065 0.0017 0.0001486 0.4833 -0.007 0.0018 7.749e-05 
rs2047937:C:T 0.517 -0.0147 0.0017 7.308e-18 0.5175 0.0046 0.0016 0.004429 0.517 -0.0106 0.0017 4.573e-10 
rs2061708:G:C 0.5883 0.0162 0.002 6.988e-16 0.5883 0.0033 0.0019 0.08513 0.5884 0.0152 0.002 2.127e-14 
rs2075665:A:T 0.6245 0.0112 0.0018 1.205e-09 0.6252 -0.0066 0.0017 0.0001616 0.6244 0.0065 0.0018 0.0004277 
rs2124307:T:C 0.3721 -0.0127 0.0018 4.955e-12 0.3698 0.0041 0.0017 0.01914 0.3719 -0.0091 0.0018 6.045e-07 
rs2145272:G:A 0.6367 -0.0247 0.0018 3.95e-43 0.6369 0.0186 0.0017 8.389e-28 0.6367 -0.0115 0.0018 8.717e-11 
rs2158828:A:G 0.8271 -0.0135 0.0023 3.423e-09 0.8274 -0.0023 0.0022 0.283 0.8272 -0.0119 0.0023 1.291e-07 
rs2167750:C:T 0.4729 0.0274 0.0018 5.529e-53 0.4735 -0.0055 0.0017 0.001197 0.4729 0.0199 0.0018 6.473e-29 
rs2200155:G:A 0.3718 -0.0138 0.0019 1.264e-13 0.373 -0.0023 0.0018 0.1899 0.3722 -0.0133 0.0018 5.074e-13 
rs2222543:G:C 0.3761 -0.0147 0.0018 1.622e-15 0.3747 0.0012 0.0017 0.4821 0.3759 -0.0121 0.0018 3.378e-11 
rs2236519:G:A 0.3693 0.0298 0.0019 4.071e-58 0.3688 -0.0081 0.0018 5.026e-06 0.3693 0.0212 0.0018 1.894e-30 
rs2272790:G:A 0.6941 -0.0133 0.0019 7.993e-12 0.6943 0.0018 0.0018 0.3171 0.6941 -0.0109 0.0019 1.349e-08 
rs2277339:T:G 0.8931 -0.0224 0.0029 2.347e-14 0.893 0.0052 0.0028 0.06132 0.8931 -0.0168 0.0029 8.489e-09 
rs227733:C:A 0.2835 0.0128 0.002 7.521e-11 0.282 -0.0044 0.0019 0.01915 0.2836 0.0092 0.002 2.481e-06 
rs2279469:G:C 0.4996 0.013 0.0018 7.922e-13 0.4999 -0.0028 0.0017 0.0952 0.4996 0.0097 0.0018 6.506e-08 
rs2294239:A:G 0.5685 0.0243 0.0017 4.04e-44 0.5677 -0.0017 0.0016 0.2946 0.5683 0.02 0.0017 3.173e-31 
rs2294823:C:T 0.3092 0.0116 0.0019 2.721e-09 0.3089 -0.001 0.0018 0.5767 0.3091 0.0091 0.0019 2.033e-06 
rs2299253:T:C 0.5162 0.0115 0.0017 1.669e-11 0.5177 -0.0123 0.0016 2.861e-14 0.5168 0.0032 0.0017 0.0595 
rs2373078:C:T 0.0999 0.0215 0.0029 1.114e-13 0.0989 -0.0037 0.0028 0.1792 0.1 0.0158 0.0029 4.408e-08 
rs2376585:T:C 0.1963 -0.0175 0.0023 5.501e-14 0.1977 0.0049 0.0022 0.02577 0.1965 -0.0116 0.0023 4.788e-07 
rs2387280:A:T 0.7585 0.0178 0.0023 1.723e-14 0.7585 -0.0076 0.0022 0.00065 0.7585 0.0108 0.0023 3.007e-06 
rs2398893:A:G 0.7142 0.0153 0.0019 6.75e-16 0.7133 0.0057 0.0018 0.001474 0.7143 0.0157 0.0019 9.007e-17 
rs2503100:A:G 0.8345 -0.0245 0.0024 4.856e-25 0.8357 -0.0012 0.0022 0.5963 0.8346 -0.0213 0.0023 9.506e-20 
rs2524163:C:T 0.5544 0.024 0.0017 4.388e-43 0.5512 -0.0085 0.0016 2.217e-07 0.5537 0.0156 0.0017 1.551e-19 
rs2526886:G:T 0.69 0.0138 0.0021 1.006e-10 0.69 0.0018 0.0021 0.3752 0.69 0.0125 0.0021 3.646e-09 
rs2529411:G:C 0.6354 -0.0114 0.0019 2.832e-09 0.6344 -0.003 0.0018 0.1033 0.636 -0.0108 0.0019 1.636e-08 
rs2595004:C:T 0.8252 -0.0156 0.0024 3.389e-11 0.8255 -0.0038 0.0022 0.08554 0.8253 -0.0156 0.0023 2.062e-11 
rs2602680:T:G 0.5455 0.0116 0.0018 1.011e-10 0.5459 -0.0054 0.0017 0.001486 0.5454 0.0072 0.0018 4.723e-05 
rs2603229:T:C 0.2495 0.0123 0.0021 2.989e-09 0.2492 8e-04 0.002 0.6869 0.2496 0.011 0.0021 9.327e-08 
rs2701523:A:G 0.741 0.0129 0.002 3.206e-10 0.7422 3e-04 0.0019 0.8827 0.7409 0.0112 0.002 3.74e-08 
rs270960:A:C 0.663 0.0111 0.0018 9.043e-10 0.6644 7e-04 0.0017 0.6903 0.6634 0.0098 0.0018 3.674e-08 
rs2786198:A:G 0.3329 0.0134 0.0021 1.842e-10 0.3329 -0.0019 0.002 0.3609 0.333 0.0103 0.0021 8.469e-07 
rs2791550:T:G 0.2478 -0.037 0.0018 3.35e-93 0.2415 0.0079 0.0017 4.729e-06 0.2488 -0.0265 0.0018 2.48e-49 
rs2836141:T:C 0.5376 0.0154 0.0018 1.546e-17 0.5357 -0.0011 0.0017 0.5105 0.5373 0.0126 0.0018 2.31e-12 
rs28408682:A:G 0.3562 -0.0122 0.0019 1.822e-10 0.3965 0.0084 0.0019 1.564e-05 0.353 -0.0061 0.0019 0.001269 
rs28451064:G:A 0.1268 0.018 0.003 2.874e-09 0.1268 0.0047 0.0029 0.1069 0.1268 0.0177 0.003 4.228e-09 
rs2898237:A:G 0.6879 0.0118 0.0018 7.473e-11 0.6892 -0.0024 0.0017 0.1719 0.6884 0.0087 0.0018 1.328e-06 
rs2925979:T:C 0.2959 0.0265 0.0019 7.332e-46 0.2954 -1e-04 0.0018 0.9589 0.2958 0.0215 0.0018 1.623e-31 
rs2970332:G:A 0.7608 0.0156 0.0021 1.006e-13 0.7604 -0.0046 0.002 0.01975 0.7608 0.0107 0.0021 3.085e-07 
rs299615:G:A 0.1518 -0.0148 0.0025 1.708e-09 0.1501 0.003 0.0023 0.1927 0.152 -0.011 0.0024 6.188e-06 
rs2997447:G:A 0.2139 -0.0137 0.0021 1.379e-10 0.2144 3e-04 0.002 0.8762 0.2141 -0.0121 0.0021 7.193e-09 
rs3110697:A:G 0.4348 0.0123 0.0018 1.08e-11 0.4366 -0.0018 0.0017 0.2826 0.4346 0.0097 0.0018 8.482e-08 
rs3218121:G:A 0.0844 0.0217 0.0032 9.414e-12 0.085 -0.0094 0.003 0.001826 0.0846 0.0145 0.0031 4.339e-06 
rs322396:A:G 0.5888 0.0119 0.002 2.881e-09 0.5888 -0.0022 0.0019 0.2546 0.5888 0.0091 0.002 4.598e-06 
rs332105:G:A 0.5547 -0.0137 0.0018 4.925e-14 0.553 -0.0035 0.0017 0.03924 0.5544 -0.0139 0.0018 1.119e-14 
rs34000:T:C 0.6 0.014 0.0019 3.681e-14 0.6012 -0.0033 0.0018 0.06344 0.6002 0.0107 0.0018 5.076e-09 
rs34312154:G:A 0.0945 0.0188 0.003 3.182e-10 0.1072 -0.0123 0.0031 6.208e-05 0.0938 0.0114 0.003 0.0001205 
rs34905952:G:A 0.1433 0.0209 0.0026 1.226e-15 0.1559 -0.0128 0.0026 1.154e-06 0.1419 0.0122 0.0026 2.357e-06 
rs352300:C:G 0.5453 0.0106 0.0018 2.919e-09 0.5489 -0.0051 0.0017 0.002772 0.5459 0.0068 0.0018 0.0001051 
rs35344256:C:A 0.3042 0.0142 0.0021 3.815e-11 0.3042 0.0019 0.0021 0.3519 0.3043 0.0132 0.0021 6.073e-10 
rs35419826:G:A 0.175 -0.0157 0.0026 1.721e-09 0.175 -0.0013 0.0025 0.6145 0.175 -0.0137 0.0026 1.163e-07 
rs35710478:G:C 0.4406 0.0118 0.002 3.761e-09 0.4406 -0.0013 0.0019 0.4881 0.4406 0.009 0.002 5.873e-06 
rs357438:G:C 0.3522 -0.0114 0.0019 3.79e-09 0.3536 0.0022 0.0018 0.2253 0.3524 -0.0087 0.0019 5.443e-06 
rs3731861:T:C 0.6307 -0.0112 0.0019 1.398e-09 0.6315 -0.0023 0.0017 0.1808 0.6309 -0.0111 0.0018 1.427e-09 
rs3741378:C:T 0.144 -0.0224 0.0025 1.134e-19 0.1445 0.0077 0.0023 0.001031 0.1441 -0.0152 0.0024 5.166e-10 
rs3757298:A:C 0.8941 -0.0205 0.003 6.064e-12 0.8934 0.0036 0.0028 0.2027 0.8942 -0.0158 0.003 8.77e-08 
rs3761706:G:A 0.0734 0.0321 0.0037 1.699e-18 0.0747 -0.0146 0.0035 2.546e-05 0.0734 0.0196 0.0036 6.538e-08 
rs3786897:A:G 0.5803 -0.0279 0.0017 2.997e-58 0.5808 -4e-04 0.0016 0.8301 0.5805 -0.0237 0.0017 1.451e-43 
rs3792751:C:T 0.3642 0.0136 0.0018 1.41e-14 0.3632 -0.0066 0.0017 7.179e-05 0.364 0.0082 0.0017 2.452e-06 
rs3803042:G:A 0.4295 0.0268 0.0018 4.841e-49 0.43 -0.0028 0.0017 0.1071 0.4295 0.0216 0.0018 6.042e-33 
rs3807947:T:G 0.6058 0.0137 0.0018 7.537e-14 0.605 -0.0042 0.0017 0.01495 0.6057 0.009 0.0018 6.239e-07 
rs3851294:A:G 0.0965 -0.0257 0.0031 9.031e-17 0.0973 0.0022 0.0029 0.4541 0.0964 -0.0208 0.0031 1.27e-11 
rs3936510:G:T 0.1969 0.0299 0.0022 4.623e-43 0.1962 -0.0018 0.002 0.3835 0.1967 0.0241 0.0021 1.756e-29 
rs402294:G:A 0.175 0.014 0.0024 2.905e-09 0.1754 0.006 0.0022 0.006927 0.1751 0.0156 0.0023 2.06e-11 
rs41277978:C:A 0.0072 0.073 0.0117 4.705e-10 0.0072 -0.0075 0.0113 0.509 0.0072 0.0592 0.0116 3.686e-07 
rs4293945:A:T 0.5926 0.0117 0.0018 1.692e-10 0.5898 -0.0037 0.0017 0.0322 0.5922 0.0082 0.0018 6.159e-06 
rs4371408:A:G 0.634 0.0164 0.0019 7.465e-19 0.6351 0.0093 0.0018 1.186e-07 0.6341 0.0187 0.0018 2.369e-24 
rs4372913:A:G 0.7875 -0.0159 0.0022 2.648e-13 0.7873 -0.002 0.0021 0.3226 0.7875 -0.014 0.0022 8.599e-11 
rs4420638:A:G 0.813 0.0229 0.0024 6.809e-22 0.8132 0.0207 0.0023 4.681e-20 0.8131 0.0288 0.0024 2.23e-34 
rs4474021:G:T 0.3076 0.0118 0.0019 2.437e-10 0.3062 -0.002 0.0018 0.2512 0.3074 0.0094 0.0019 3.92e-07 
rs4489410:A:C 0.7463 -0.012 0.002 4.581e-09 0.7476 0.0063 0.0019 0.00122 0.7462 -0.0075 0.002 0.0002208 
rs4558863:T:C 0.8104 -0.021 0.0024 4.69e-19 0.8079 -0.0051 0.0022 0.02234 0.8101 -0.0205 0.0023 1.472e-18 
rs4646342:G:A 0.4536 -0.0172 0.0018 3.536e-21 0.4549 0.0011 0.0017 0.5268 0.4535 -0.013 0.0018 6.61e-13 
rs4684857:G:C 0.7103 0.0211 0.002 2.99e-25 0.7102 -0.0054 0.0019 0.004752 0.7103 0.0151 0.002 6.068e-14 
rs4686696:G:A 0.3139 0.0152 0.0018 5.665e-17 0.3133 -0.006 0.0017 0.0005305 0.3137 0.0096 0.0018 9.041e-08 
rs4773173:A:G 0.6743 0.0153 0.0018 4.232e-17 0.6763 -0.0047 0.0017 0.005961 0.6748 0.0109 0.0018 1.412e-09 
rs4789261:G:C 0.0791 0.0286 0.0033 1.121e-17 0.0787 -9e-04 0.0032 0.7839 0.0791 0.0233 0.0033 2.169e-12 
rs4794033:G:A 0.1012 -0.0194 0.003 8.688e-11 0.1009 0.0052 0.0028 0.06766 0.1011 -0.0147 0.003 7.433e-07 
rs4902630:A:G 0.6285 0.0124 0.0018 3.007e-12 0.6284 -0.0018 0.0017 0.2948 0.6285 0.0097 0.0018 3.43e-08 
rs4951588:C:T 0.4039 -0.0118 0.0018 1.016e-10 0.404 2e-04 0.0017 0.9132 0.4039 -0.0096 0.0018 1.02e-07 
rs4964058:G:A 0.5145 0.0113 0.0018 2.838e-10 0.5131 -0.0023 0.0017 0.1797 0.5146 0.0088 0.0018 7.008e-07 
rs4964656:G:C 0.3025 -0.0159 0.002 4.937e-16 0.3015 -0.0086 0.0019 3.813e-06 0.3026 -0.0181 0.002 1.957e-20 
rs541091:G:A 0.4288 -0.0199 0.0019 2.987e-26 0.4753 0.0091 0.0019 1.629e-06 0.4249 -0.0117 0.0019 2.902e-10 
rs55747707:G:A 0.1783 -0.0244 0.0024 3.047e-25 0.1983 0.01 0.0024 3.19e-05 0.1765 -0.0154 0.0023 3.396e-11 
rs55920843:T:G 0.9886 0.0859 0.0093 2.683e-20 0.9886 -0.0214 0.0089 0.0166 0.9886 0.0623 0.0092 1.549e-11 
rs56185013:G:A 0.2179 -0.0168 0.0024 2.492e-12 0.2179 0.003 0.0023 0.1933 0.2179 -0.013 0.0024 4.473e-08 
rs56196860:C:A 0.03 -0.0357 0.0058 6.452e-10 0.03 0.0079 0.0056 0.1574 0.03 -0.0259 0.0057 6.767e-06 
rs56271783:G:C 0.0439 0.059 0.0049 1.212e-33 0.0439 -0.0112 0.0047 0.01706 0.0439 0.0441 0.0048 8.848e-20 
rs598104:A:T 0.5944 -0.0137 0.0018 5.365e-14 0.5941 -3e-04 0.0017 0.8686 0.5944 -0.0122 0.0018 1.653e-11 
rs59888683:C:T 0.1772 0.0142 0.0024 1.801e-09 0.1967 -0.0062 0.0024 0.009652 0.1766 0.0084 0.0023 0.000328 
rs6018291:C:G 0.4453 -0.0139 0.0018 1.329e-14 0.4449 -0.0065 0.0017 0.0001665 0.4452 -0.0145 0.0018 6.162e-16 
rs6040229:A:G 0.5481 -0.0112 0.0018 5.266e-10 0.5497 8e-04 0.0017 0.6535 0.5484 -0.0089 0.0018 6.182e-07 
rs6047259:C:T 0.6188 0.0104 0.0018 4.321e-09 0.6187 -0.0027 0.0017 0.1134 0.6187 0.007 0.0018 6.489e-05 
rs6054471:T:C 0.2582 0.0122 0.0021 4.1e-09 0.2582 4e-04 0.002 0.8467 0.2582 0.0107 0.0021 1.864e-07 
rs62012773:A:G 0.8447 -0.0174 0.0027 1.668e-10 0.8447 0.0048 0.0026 0.06705 0.8447 -0.0123 0.0027 5.403e-06 
rs62070804:C:T 0.0177 0.0469 0.0075 4.363e-10 0.0177 -0.0262 0.0073 0.0003163 0.0177 0.0247 0.0075 0.0009421 
rs62271373:T:A 0.0578 0.0408 0.0043 3.441e-21 0.0578 -0.0061 0.0042 0.1419 0.0578 0.032 0.0043 7.346e-14 
rs62621197:C:T 0.0361 -0.0358 0.0055 8.875e-11 0.0361 0.0143 0.0053 0.007334 0.0361 -0.0239 0.0055 1.341e-05 
rs634869:T:C 0.4193 0.0229 0.0017 2.598e-40 0.42 -0.0024 0.0016 0.1445 0.4195 0.0178 0.0017 1.607e-25 
rs6426912:T:C 0.1087 0.0191 0.0029 6.152e-11 0.1082 -0.0039 0.0028 0.1582 0.1087 0.0148 0.0029 3.563e-07 
rs6432188:T:C 0.2016 0.0143 0.0023 2.251e-10 0.2044 -0.0085 0.0021 6.156e-05 0.203 0.0084 0.0022 0.0001575 
rs6480914:G:A 0.5844 0.0133 0.002 3.205e-11 0.5845 5e-04 0.0019 0.804 0.5845 0.0114 0.002 1.144e-08 
rs6556301:G:T 0.3706 0.0206 0.0018 2.026e-29 0.3707 -0.0113 0.0017 8.137e-11 0.3706 0.0131 0.0018 4.313e-13 
rs664532:T:C 0.3811 0.0134 0.0019 1.376e-12 0.4285 7e-04 0.0019 0.7029 0.3787 0.0113 0.0019 1.667e-09 
rs6658424:T:A 0.2845 -0.0143 0.002 2.884e-13 0.2834 -7e-04 0.0019 0.7233 0.2843 -0.0125 0.0019 1.357e-10 
rs6688233:C:T 0.2393 0.021 0.0021 9.638e-24 0.238 0.0017 0.002 0.393 0.2394 0.0186 0.0021 3.021e-19 
rs6705646:A:G 0.4182 0.0254 0.0017 3.971e-48 0.4185 -0.0103 0.0016 3.459e-10 0.4182 0.0166 0.0017 4.19e-22 
rs6721459:A:G 0.527 -0.0178 0.0018 4.077e-23 0.5267 -0.0027 0.0017 0.1142 0.527 -0.0157 0.0018 8.757e-19 
rs6752964:T:C 0.8967 -0.0189 0.0028 1.661e-11 0.8975 -0.0041 0.0026 0.117 0.8969 -0.0179 0.0028 9.613e-11 
rs6795831:A:C 0.8144 0.0348 0.0023 4.905e-53 0.8164 -0.0019 0.0021 0.3761 0.8143 0.0288 0.0023 2.091e-37 
rs6853254:T:G 0.349 0.0174 0.0019 4.021e-20 0.3505 -0.0029 0.0018 0.1047 0.3493 0.0139 0.0019 1.443e-13 
rs6859752:C:T 0.3289 0.012 0.0019 3.674e-10 0.3304 0.0012 0.0018 0.4966 0.3292 0.0107 0.0019 2.121e-08 
rs6867518:T:C 0.8754 -0.018 0.0027 1.927e-11 0.8765 0.0112 0.0025 1.082e-05 0.8755 -0.01 0.0027 0.0001791 
rs6872807:G:T 0.3405 0.0108 0.0018 2.187e-09 0.3401 -8e-04 0.0017 0.6618 0.3404 0.0081 0.0018 6.168e-06 
rs6905288:G:A 0.5735 0.0444 0.0018 9.04e-140 0.5735 -0.01 0.0017 1.899e-09 0.5735 0.0327 0.0017 2.015e-78 
rs6932767:G:T 0.7926 0.0154 0.0022 4.256e-12 0.7919 0.0048 0.0021 0.02477 0.7926 0.0155 0.0022 2.196e-12 
rs6940715:A:C 0.8944 0.0222 0.003 6.11e-14 0.8938 -0.0044 0.0028 0.1181 0.8942 0.0162 0.0029 2.928e-08 
rs6985478:G:A 0.7102 0.0148 0.002 5.963e-14 0.7116 0.0064 0.0019 0.0005666 0.7101 0.0149 0.002 3.226e-14 
rs699370:T:C 0.3802 -0.0127 0.0018 3.784e-12 0.384 0.0012 0.0017 0.4815 0.3812 -0.0097 0.0018 6.879e-08 
rs7003062:T:C 0.6051 -0.0124 0.0018 2.055e-11 0.6055 0.0029 0.0018 0.1021 0.6052 -0.0093 0.0018 3.492e-07 
rs7020604:A:G 0.6653 0.0129 0.0021 7.039e-10 0.6653 7e-04 0.002 0.7156 0.6653 0.011 0.0021 1.39e-07 
rs7070749:G:A 0.5531 0.0136 0.002 9.1e-12 0.5531 0.0022 0.0019 0.2561 0.5531 0.0126 0.002 1.88e-10 
rs7086377:T:G 0.3952 0.0119 0.0018 6.88e-11 0.3942 -6e-04 0.0017 0.7425 0.395 0.0103 0.0018 1.156e-08 
rs7102:T:C 0.646 -0.0115 0.0018 1.383e-10 0.6478 0.0015 0.0017 0.3665 0.6465 -0.0086 0.0018 1.434e-06 
rs711076:T:C 0.6797 -0.0123 0.0018 1.489e-11 0.6801 0.004 0.0017 0.02056 0.6797 -0.0081 0.0018 7.029e-06 
rs711869:G:A 0.5566 -0.0186 0.0018 1.961e-24 0.557 -0.0027 0.0017 0.1118 0.5566 -0.0171 0.0018 2.375e-21 
rs7119797:C:T 0.4891 -0.013 0.0018 5.491e-13 0.489 4e-04 0.0017 0.8351 0.4891 -0.0104 0.0018 4.797e-09 
rs71439172:G:A 0.1437 -0.0233 0.0029 3.371e-16 0.1438 -2e-04 0.0027 0.939 0.1438 -0.0204 0.0028 5.857e-13 
rs71511786:A:T 0.9207 0.0228 0.0037 5.184e-10 0.9207 0.0018 0.0035 0.6168 0.9207 0.0207 0.0036 1.336e-08 
rs715300:C:T 0.3095 0.0144 0.0019 1.107e-13 0.31 -0.0056 0.0018 0.00244 0.3095 0.0087 0.0019 5.467e-06 
rs717795:T:C 0.8014 -0.0196 0.0023 6.858e-18 0.8007 0.0029 0.0022 0.1828 0.8013 -0.0143 0.0023 2.653e-10 
rs7198287:C:T 0.218 -0.0137 0.0022 1.045e-09 0.2201 -0.0028 0.0021 0.1841 0.2182 -0.0138 0.0022 6.096e-10 
rs7213608:C:T 0.6826 -0.0115 0.0019 3.146e-09 0.6829 -0.0152 0.0018 1.883e-16 0.6826 -0.0171 0.0019 6.951e-19 
rs7225453:T:C 0.825 -0.0145 0.0023 2.662e-10 0.8272 -0.0068 0.0022 0.001695 0.8252 -0.0153 0.0023 2.164e-11 
rs7235010:G:A 0.774 0.0186 0.0021 5.647e-19 0.773 -0.0042 0.002 0.03314 0.7738 0.0137 0.0021 2.832e-11 
rs7252102:A:G 0.7227 -0.0141 0.002 9.396e-13 0.724 0.0025 0.0019 0.1923 0.7222 -0.0112 0.002 1.447e-08 
rs727428:T:C 0.454 0.0158 0.0018 4.253e-18 0.4548 -0.0055 0.0017 0.001343 0.4542 0.0105 0.0018 4.797e-09 
rs7279347:G:A 0.5064 -0.0121 0.0018 1.998e-11 0.5061 0.0055 0.0017 0.001515 0.5064 -0.0071 0.0018 7.834e-05 
rs72823057:G:C 0.0731 0.0294 0.0038 1.692e-14 0.0731 0.0059 0.0037 0.1097 0.0731 0.0287 0.0038 4.454e-14 
rs72877579:C:T 0.0833 -0.0347 0.0033 3.293e-26 0.0935 0.007 0.0033 0.03528 0.0825 -0.0249 0.0032 1.449e-14 
rs72959041:G:A 0.0417 0.1624 0.0044 2.08e-293 0.0472 -0.0227 0.0046 6.687e-07 0.0409 0.126 0.0044 4.56e-183 
rs73001065:G:C 0.0606 0.0219 0.0037 3.68e-09 0.0684 -0.0025 0.0038 0.5054 0.0607 0.0147 0.0037 6.828e-05 
rs73094710:T:G 0.896 0.0197 0.0032 1.195e-09 0.896 -0.0125 0.0031 6.211e-05 0.896 0.0104 0.0032 0.001275 
rs7350438:C:T 0.3763 -0.0116 0.0019 3.627e-10 0.3769 -0.0024 0.0018 0.1791 0.3764 -0.0111 0.0018 1.655e-09 
rs73858966:T:A 0.0788 0.0244 0.0037 2.461e-11 0.0788 -3e-04 0.0035 0.9254 0.0788 0.0191 0.0036 1.449e-07 
rs73942938:T:C 0.7362 -0.0146 0.0025 4.462e-09 0.8295 -0.0124 0.0025 1.088e-06 0.7279 -0.0181 0.0025 1.561e-13 
rs7395513:G:A 0.4389 -0.0214 0.002 9.351e-27 0.4389 0.0015 0.0019 0.4247 0.4389 -0.0173 0.002 2.458e-18 
rs740838:C:A 0.0248 -0.0431 0.0058 8.976e-14 0.0245 0.0165 0.0055 0.002575 0.0248 -0.0284 0.0057 7.668e-07 
rs747249:A:G 0.3589 0.0114 0.0019 1.251e-09 0.3592 0.0022 0.0018 0.2226 0.3588 0.0111 0.0019 2.65e-09 
rs7492628:C:G 0.6801 -0.0229 0.0019 4.909e-32 0.68 0.013 0.0019 1.922e-12 0.6801 -0.0125 0.0019 7.893e-11 
rs7521902:C:A 0.2276 -0.0129 0.002 1.468e-10 0.2265 -5e-04 0.0019 0.7808 0.2274 -0.0112 0.002 2.064e-08 
rs7530102:T:A 0.3978 0.0117 0.0018 1.464e-10 0.3973 0.0018 0.0017 0.2981 0.3978 0.0113 0.0018 5.564e-10 
rs7554947:C:T 0.2619 -0.0151 0.0022 1.821e-11 0.2619 0.0055 0.0022 0.01115 0.2619 -0.0105 0.0022 2.809e-06 
rs755643:G:A 0.2882 -0.0119 0.002 1.561e-09 0.2878 -0.003 0.0019 0.112 0.288 -0.0116 0.002 2.662e-09 
rs757081:C:G 0.6627 -0.0113 0.0018 4.025e-10 0.6619 0.0105 0.0017 1.327e-09 0.6624 -0.0033 0.0018 0.06439 
rs757608:A:G 0.3207 0.0194 0.0018 1.095e-26 0.3201 -0.0083 0.0017 1.606e-06 0.3205 0.0117 0.0018 5.834e-11 
rs7585974:C:G 0.1826 0.0187 0.0026 2.307e-13 0.1826 -0.0071 0.0025 0.003962 0.1826 0.0128 0.0025 4.471e-07 
rs7680787:T:C 0.6476 0.0138 0.0018 1.171e-14 0.6478 -0.0027 0.0017 0.111 0.6477 0.0097 0.0018 4.397e-08 
rs7708285:G:A 0.7065 -0.0132 0.0019 2.998e-12 0.7077 0.0067 0.0018 0.0001885 0.7067 -0.0074 0.0019 7.109e-05 
rs7721054:T:C 0.2948 0.0169 0.0019 1.559e-19 0.2945 -0.0071 0.0018 7.285e-05 0.2948 0.0099 0.0019 1.196e-07 
rs7744833:A:G 0.6823 0.0117 0.0019 1.423e-09 0.6819 0.0046 0.0018 0.01277 0.6823 0.0125 0.0019 6.875e-11 
rs7795371:A:G 0.565 0.0172 0.0018 2.886e-21 0.5614 -0.0096 0.0017 2.419e-08 0.5646 0.0099 0.0018 3.638e-08 
rs7798002:G:T 0.1969 0.0319 0.0021 4.234e-50 0.1966 -0.0011 0.002 0.5892 0.1968 0.026 0.0021 1.414e-34 
rs780159:A:G 0.4287 -0.0163 0.0018 3.332e-20 0.4306 0.0011 0.0017 0.5044 0.4292 -0.0133 0.0017 2.861e-14 
rs7827182:G:C 0.4407 -0.0166 0.0019 3.921e-19 0.4387 0.0167 0.0018 9.403e-21 0.4377 -0.0058 0.0018 0.001564 
rs7854560:C:T 0.2902 0.0116 0.0019 5.854e-10 0.2893 -0.0092 0.0018 2.457e-07 0.29 0.0048 0.0019 0.008953 
rs7903146:C:T 0.2798 0.0181 0.0019 9.913e-22 0.2787 -0.0178 0.0018 1.665e-23 0.2795 0.0058 0.0019 0.00182 
rs7932891:A:G 0.2954 0.0141 0.002 1.39e-12 0.2958 -0.0017 0.0019 0.3712 0.2954 0.0113 0.002 9.89e-09 
rs7945962:G:A 0.4887 0.0114 0.0018 2.202e-10 0.4901 -0.0037 0.0017 0.03097 0.4889 0.0078 0.0018 1.11e-05 
rs79664277:G:A 0.0874 0.021 0.0035 2.339e-09 0.0874 8e-04 0.0034 0.8241 0.0874 0.0179 0.0035 2.616e-07 
rs797486:C:A 0.893 0.0373 0.0026 4.379e-46 0.8947 -0.0016 0.0025 0.53 0.8938 0.0316 0.0026 1.089e-34 
rs7993238:A:C 0.6498 -0.012 0.0019 1.683e-10 0.6514 0.0016 0.0018 0.3851 0.6497 -0.0094 0.0019 5.012e-07 
rs801593:G:C 0.7396 -0.0123 0.002 6.683e-10 0.7421 -0.0053 0.0019 0.005556 0.74 -0.0133 0.002 1.679e-11 
rs8024294:G:A 0.1114 0.0177 0.0029 5.026e-10 0.1113 0.0043 0.0027 0.1077 0.1115 0.0177 0.0028 3.624e-10 
rs8054299:C:G 0.6861 0.0146 0.0019 5.788e-14 0.6857 -0.0046 0.0018 0.01289 0.6861 0.0107 0.0019 2.463e-08 
rs805768:C:T 0.2391 0.0179 0.0023 1.646e-14 0.2391 -0.0024 0.0023 0.288 0.2391 0.0137 0.0023 3.625e-09 
rs8066985:A:G 0.4878 0.0228 0.0017 2.028e-40 0.4887 -0.0079 0.0016 1.357e-06 0.4882 0.0151 0.0017 3.988e-19 
rs8074638:G:A 0.191 0.0157 0.0023 2.118e-11 0.1924 -0.0064 0.0022 0.00391 0.1911 0.0096 0.0023 3.73e-05 
rs8080903:T:C 0.4347 -0.0146 0.0018 1.567e-15 0.4347 -0.0045 0.0017 0.009556 0.4347 -0.015 0.0018 1.23e-16 
rs8103017:C:G 0.7044 -0.0196 0.0022 2.98e-19 0.7044 1e-04 0.0021 0.9711 0.7044 -0.0165 0.0022 2.244e-14 
rs8126001:C:T 0.4853 -0.0164 0.002 1.604e-16 0.4853 0.0071 0.0019 0.0002084 0.4852 -0.0102 0.002 2.132e-07 
rs8142329:A:G 0.8752 -0.0165 0.0026 1.595e-10 0.8756 2e-04 0.0024 0.919 0.8753 -0.0134 0.0025 1.319e-07 
rs821100:A:G 0.7283 -0.0161 0.0022 3.989e-13 0.7283 0.0109 0.0021 3.639e-07 0.7282 -0.0084 0.0022 0.0001426 
rs848286:T:C 0.6226 0.0116 0.0019 3.748e-10 0.621 -0.0061 0.0017 0.0005294 0.6223 0.0067 0.0018 0.000261 
rs863750:C:T 0.5842 0.0373 0.0017 4.17e-101 0.5819 -0.0112 0.0017 1.124e-11 0.5836 0.0259 0.0017 6.195e-51 
rs889129:T:A 0.8774 -0.0198 0.0029 9.321e-12 0.8782 0.0039 0.0028 0.1543 0.8774 -0.0149 0.0029 2.144e-07 
rs905938:T:C 0.7233 0.0243 0.002 1.345e-35 0.7223 -0.0143 0.0019 1.711e-14 0.7235 0.0126 0.0019 7.831e-11 
rs910071:C:T 0.3151 -0.0171 0.0019 6.274e-19 0.3137 0.0095 0.0018 2.13e-07 0.3152 -0.0096 0.0019 4.7e-07 
rs910382:G:A 0.4937 -0.0187 0.0018 2.757e-25 0.4928 -0.0018 0.0017 0.3003 0.4935 -0.0169 0.0018 2.395e-21 
rs917191:G:C 0.5706 0.0138 0.0018 5.113e-14 0.569 -0.0043 0.0017 0.01255 0.5704 0.0095 0.0018 1.616e-07 
rs917681:C:T 0.2945 0.0115 0.0019 7.58e-10 0.2935 -0.0022 0.0018 0.2089 0.2943 0.0075 0.0018 5.292e-05 
rs930653:A:T 0.3558 0.0112 0.0019 2.893e-09 0.3583 0.0012 0.0018 0.4934 0.3562 0.0108 0.0019 7.653e-09 
rs9341990:A:G 0.4131 0.0151 0.0018 9.459e-17 0.4127 -0.0023 0.0017 0.1902 0.4131 0.0116 0.0018 1.242e-10 
rs9388766:T:C 0.3132 -0.017 0.0019 3.963e-20 0.3137 0.0103 0.0018 4.847e-09 0.3135 -0.0103 0.0018 1.91e-08 
rs9415106:G:A 0.7138 0.0142 0.002 9.781e-13 0.7131 -0.0098 0.0019 1.95e-07 0.7137 0.0077 0.002 8.581e-05 
rs9435732:C:T 0.2396 -0.0128 0.0019 2.57e-11 0.2381 0.0052 0.0018 0.004601 0.2389 -0.0077 0.0019 5.022e-05 
rs951252:A:G 0.4514 -0.0185 0.0017 3.44e-27 0.4521 0.0093 0.0016 1.09e-08 0.4517 -0.0106 0.0017 3.992e-10 
rs9644033:A:T 0.7545 0.0222 0.0021 3.404e-26 0.7537 -5e-04 0.002 0.8175 0.7545 0.0188 0.0021 2.101e-19 
rs9647379:G:C 0.3988 -0.015 0.0019 5.144e-16 0.3983 -0.0039 0.0018 0.02453 0.3986 -0.0146 0.0018 1.164e-15 
rs9678859:A:G 0.1816 0.0188 0.0023 7.97e-16 0.182 -0.0011 0.0022 0.6169 0.1816 0.0155 0.0023 2.176e-11 
rs975385:C:T 0.4002 -0.0114 0.0018 5.293e-10 0.3985 0.0028 0.0017 0.11 0.3999 -0.0083 0.0018 4.394e-06 
rs9909443:C:T 0.2251 -0.0138 0.0021 1.236e-10 0.2251 -8e-04 0.002 0.6762 0.2251 -0.0126 0.0021 2.919e-09 
