SNP	Chr	Pos	A1	A2	whradjbmi.beta.combined	whradjbmi.se.combined	whradjbmi.pval.combined	whradjbmi.dir.combined	whradjbmi.nmeta.combined	whradjbmi.info.combined	whradjbmi.beta.females	whradjbmi.se.females	whradjbmi.pval.females	whradjbmi.dir.females	whradjbmi.nmeta.females	whradjbmi.info.females	whradjbmi.beta.males	whradjbmi.se.males	whradjbmi.pval.males	whradjbmi.dir.males	whradjbmi.nmeta.males	whradjbmi.info.males	psexdiff	Male or Female specific	bf.combined.INFO	bf.combined.CHISQ_LINREG	bf.combined.P_LINREG	bf.combined.beta	bf.combined.SE	bf.combined.CHISQ_BOLT_LMM_INF	bf.combined.P_INF	bf.combined.CHISQ_BOLT_LMM	bf.combined.P_BOLT_LMM	bf.females.INFO	bf.females.CHISQ_LINREG	bf.females.P_LINREG	bf.females.beta	bf.females.SE	bf.females.CHISQ_BOLT_LMM_INF	bf.females.P_INF	bf.females.CHISQ_BOLT_LMM	bf.females.P_BOLT_LMM	bf.males.INFO	bf.males.CHISQ_LINREG	bf.males.P_LINREG	bf.males.beta	bf.males.SE	bf.males.CHISQ_BOLT_LMM_INF	bf.males.P_INF	bf.males.CHISQ_BOLT_LMM	bf.males.P_BOLT_LMM
rs11500477	11	47409051	T	A	0.0081	0.002	3.35E-05	--	548498	0.974585	0.0016	0.0028	0.5602	-?	262759	0.974585	0.0198	0.0031	1.56E-10	-?	221804	0.974585	1.32E-05	MALE	0.974585	54.7211	1.40E-13	-0.0118302	0.00155744	57.6973	3.10E-14	56.3149	6.20E-14	0.974585	37.4927	9.20E-10	-0.0181307	0.00279915	41.9543	9.30E-11	41.036	1.50E-10	0.974585	19.8959	0.0000082	-0.0144536	0.00305177	22.4309	0.0000022	22.9576	1.70E-06
rs11899888	2	56102744	G	A	0.0043	0.0024	0.07496	--	682372	0.986819	-0.0091	0.0033	0.005036	++	372794	0.986819	0.0216	0.0036	1.67E-09	--	309712	0.986819	3.25E-10	MALE	0.986819	8.64706	0.0033	0.00700646	0.00203584	11.8444	0.00058	11.1811	8.30E-04	0.986819	9.93231	0.0016	0.0116515	0.00366004	10.1343	0.0015	10.3486	1.30E-03	0.986819	0.944404	0.33	0.00408553	0.00399138	1.04773	0.31	1.11308	2.90E-01
rs12774134	10	4963327	C	T	0.0188	0.0027	1.99E-12	--	681187	1	0.0079	0.0036	0.02637	--	372552	1	0.0355	0.004	3.20E-19	--	308769	1	2.92E-07	MALE	1	1.88279	0.17	0.00435527	0.00231872	3.52806	0.06	2.70161	1.00E-01	1	0.220067	0.64	0.00190564	0.00416626	0.209213	0.65	0.167107	6.80E-01	1	2.87881	0.09	0.00858278	0.00454807	3.56125	0.059	3.09993	7.80E-02
rs12810744	12	65782040	T	C	0.0075	0.0018	4.80E-05	++	625925	0.998679	0.0003	0.0024	0.8965	+-	348245	0.998679	0.0187	0.0028	1.45E-11	++	277815	0.998679	6.06E-07	MALE	0.998679	2.3641	0.12	-0.00185222	0.00153462	1.45674	0.23	1.74682	1.90E-01	0.998679	2.69997	0.1	-0.00424018	0.00275965	2.3608	0.12	2.97151	8.50E-02	0.998679	0.0955703	0.76	-0.000991042	0.00300714	0.108612	0.74	0.169972	6.80E-01
rs1406948	20	33905619	G	A	0.0159	0.0018	2.08E-19	--	694248	0.995099	0.0061	0.0024	0.009766	--	379328	0.995099	0.0303	0.0026	4.00E-31	--	315054	0.995099	7.96E-12	MALE	0.995099	11.722	0.00062	-0.00299683	0.00154566	3.75922	0.053	4.27955	3.90E-02	0.995099	0.610397	0.43	0.00567416	0.00278259	4.15818	0.041	4.00493	4.50E-02	0.995099	40.7199	1.80E-10	-0.018161	0.00302117	36.135	1.80E-09	36.6995	1.40E-09
rs528425253	4	186408158	C	A	0.1457	0.0457	0.001428	-?	484563	0.73804	-0.0389	0.0626	0.5338	+?	262759	0.73804	0.4088	0.0668	9.59E-10	-?	221804	0.73804	1.01E-06	MALE	0.73804	6.76217	0.0093	0.0658301	0.0335026	3.86092	0.049	3.19797	7.40E-02	0.73804	0.63707	0.42	0.000101949	0.061117	2.78E-06	1	0.0015281	9.70E-01	0.73804	8.939	0.0028	0.159451	0.0645309	6.10545	0.013	5.56367	1.80E-02
rs529565	9	136149500	C	T	0.005	0.0018	0.006113	--	694532	0.999259	-0.0032	0.0024	0.1915	++	379441	0.999259	0.0172	0.0027	1.37E-10	--	315225	0.999259	1.63E-08	MALE	0.999259	13.2473	0.00027	0.00912845	0.00159588	32.7185	0.000000011	32.1243	1.40E-08	0.999259	8.25792	0.0041	0.0121338	0.00287114	17.8602	0.000024	16.6404	4.50E-05	0.999259	4.76019	0.029	0.0122112	0.00312385	15.2805	0.000093	14.8868	1.10E-04
rs72754920	15	85453554	C	T	0.0214	0.0062	0.0005718	-?	484563	0.969452	-0.0053	0.0084	0.523	+?	262759	0.969452	0.0555	0.0093	2.03E-09	-?	221804	0.969452	1.22E-06	MALE	0.991053	4.24667	0.039	-0.00637484	0.00244961	6.77241	0.0093	6.68135	9.70E-03	0.991053	5.78572	0.016	-0.0116998	0.00440722	7.04741	0.0079	6.97907	8.20E-03	0.991053	0.172046	0.68	-0.00335569	0.00479823	0.489104	0.48	0.451581	5.00E-01
rs10019888	4	26062990	G	A	0.0201	0.0023	6.07E-18	--	694332	0.987584	0.0303	0.0031	2.04E-22	--	379327	0.987584	0.0066	0.0034	0.05291	--	315139	0.987584	2.59E-07	FEMALE	0.987584	0.00580435	0.94	-0.000155551	0.00200649	0.00600999	0.94	4.24E-08	1.00E+00	0.987584	2.87962	0.09	0.0066755	0.00361078	3.41794	0.064	3.72581	5.40E-02	0.987584	4.20697	0.04	-0.00964414	0.00392602	6.03423	0.014	5.78501	1.60E-02
rs10100423	8	72407115	T	A	0.0418	0.0034	5.91E-34	--	615531	0.995547	0.054	0.0046	2.49E-32	--	342689	0.995547	0.0247	0.0052	1.79E-06	--	272978	0.995547	2.44E-05	FEMALE	0.995547	0.0391299	0.84	-0.00543582	0.00278831	3.80055	0.051	2.87872	9.00E-02	0.995547	0.00799272	0.93	-0.00520603	0.00500758	1.08083	0.3	0.931897	3.30E-01	0.995547	0.149484	0.7	-0.00738841	0.00547059	1.82404	0.18	1.50336	2.20E-01
rs10101067	8	72407374	C	G	0.0414	0.0034	6.26E-34	++	627271	0.995245	0.0535	0.0045	5.67E-33	++	349081	0.995245	0.0242	0.0051	2.25E-06	++	278326	0.995245	1.65E-05	FEMALE	0.995245	0.0405391	0.84	0.00544387	0.00278808	3.81246	0.051	2.88878	8.90E-02	0.995245	0.00743853	0.93	0.00522522	0.00500714	1.08901	0.3	0.939495	3.30E-01	0.995245	0.150802	0.7	0.00739943	0.00547015	1.82978	0.18	1.5084	2.20E-01
rs1035942	19	7199803	A	G	0.0141	0.002	2.14E-12	++	626240	0.997307	0.0225	0.0027	2.25E-17	++	348452	0.997307	0.0029	0.003	0.3349	++	277923	0.997307	1.20E-06	FEMALE	0.997307	3.74964	0.053	-0.00199143	0.00166106	1.43734	0.23	1.753	1.90E-01	0.997307	3.79438	0.051	-0.00484257	0.00298656	2.62911	0.1	2.94647	8.60E-02	0.997307	0.759849	0.38	-0.00234252	0.00325429	0.518149	0.47	0.382586	5.40E-01
rs1040848	6	109247307	A	T	0.0097	0.0021	3.19E-06	++	627286	0.998045	0.0189	0.0028	7.14E-12	++	349085	0.998045	-0.0041	0.0031	0.1912	--	278336	0.998045	3.67E-08	FEMALE	0.998045	4.66465	0.031	0.0037216	0.00173772	4.58669	0.032	4.63374	3.10E-02	0.998045	4.45553	0.035	0.0060927	0.00312532	3.8004	0.051	4.16393	4.10E-02	0.998045	0.754958	0.38	0.00357542	0.00340412	1.10318	0.29	1.27826	2.60E-01
rs1045241	5	118729286	C	T	0.0185	0.0019	3.51E-22	--	694273	0.990114	0.0332	0.0026	4.11E-38	--	379319	0.990114	-0.0008	0.0029	0.7897	++	315088	0.990114	2.56E-18	FEMALE	0.990114	19.1379	0.000012	0.00991878	0.00167637	35.0089	3.30E-09	35.6702	2.30E-09	0.990114	14.1263	0.00017	0.0145185	0.00300823	23.2928	0.0000014	23.2373	1.40E-06	0.990114	5.22097	0.022	0.009803	0.00329286	8.86279	0.0029	8.38049	3.80E-03
rs10462028	4	56298300	A	G	0.0189	0.0019	2.95E-23	++	627124	0.99994	0.0277	0.0025	5.01E-28	++	348988	0.99994	0.0071	0.0029	0.01236	+-	278271	0.99994	7.44E-08	FEMALE	0.99994	30.5604	0.000000032	0.00922473	0.00157994	34.0901	5.30E-09	35.4522	2.60E-09	0.99994	27.5262	0.00000015	0.0147866	0.00284153	27.079	0.0000002	27.3922	1.70E-07	0.99994	7.01298	0.0081	0.010058	0.00309339	10.5719	0.0011	10.9333	9.40E-04
rs10753805	1	170320751	A	T	0.0343	0.002	2.78E-65	++	627284	0.999676	0.0439	0.0027	1.55E-61	++	349080	0.999676	0.0203	0.003	1.66E-11	++	278339	0.999676	5.00E-09	FEMALE	0.999676	4.12734	0.042	0.00433221	0.00166799	6.74578	0.0094	6.88914	8.70E-03	0.999676	3.58837	0.058	0.00632286	0.00299945	4.4437	0.035	5.37933	2.00E-02	0.999676	1.4331	0.23	0.00571362	0.00326833	3.05611	0.08	3.39284	6.50E-02
rs10761604	10	63819903	T	C	0.0112	0.0017	1.57E-10	++	680956	0.982119	0.0198	0.0023	3.13E-17	++	372022	0.982119	-0.0007	0.0026	0.7851	--	309067	0.982119	3.51E-09	FEMALE	0.982119	2.27153	0.13	-0.00091265	0.00151308	0.363819	0.55	0.386858	5.30E-01	0.982119	0.645527	0.42	-0.000721693	0.00272108	0.0703434	0.79	0.0688517	7.90E-01	0.982119	1.66734	0.2	-0.00123308	0.00296467	0.172993	0.68	0.281891	6.00E-01
rs10808546	8	126495818	C	T	0.0159	0.0017	1.98E-20	--	694436	0.990671	0.0249	0.0023	3.37E-27	--	379405	0.990671	0.0042	0.0026	0.1036	--	315165	0.990671	2.47E-09	FEMALE	0.990671	27.1808	0.00000019	0.00882646	0.00149806	34.7149	3.80E-09	34.7017	3.80E-09	0.990671	16.5012	0.000049	0.0117348	0.00269147	19.0096	0.000013	18.9653	1.30E-05	0.990671	13.4513	0.00024	0.0123709	0.00293763	17.734	0.000025	17.474	2.90E-05
rs10820747	9	107686823	A	G	0.0271	0.0023	1.10E-31	+?	484563	0.995642	0.0381	0.0031	2.72E-34	+?	262759	0.995642	0.0117	0.0035	0.0007395	+?	221804	0.995642	1.64E-08	FEMALE	0.995642	5.65242	0.017	0.00283875	0.00174978	2.63201	0.1	2.55727	1.10E-01	0.995642	3.42469	0.064	0.00475297	0.00315004	2.27666	0.13	2.25582	1.30E-01	0.995642	3.38154	0.066	0.00455806	0.00342244	1.77373	0.18	1.98399	1.60E-01
rs10842707	12	26471364	T	C	0.0343	0.0021	1.52E-62	++	694586	0.993975	0.048	0.0028	4.48E-68	++	379463	0.993975	0.0153	0.003	5.15E-07	++	315257	0.993975	1.61E-15	FEMALE	0.993975	3.49878	0.061	0.00370724	0.00179473	4.2668	0.039	4.73594	3.00E-02	0.993975	6.06312	0.014	0.00758941	0.00322779	5.52848	0.019	5.48905	1.90E-02	0.993975	0.0176522	0.89	0.00369748	0.00351641	1.10563	0.29	1.24002	2.70E-01
rs10880823	12	45986738	C	T	0.0132	0.0021	5.65E-10	--	626603	0.992743	0.0229	0.0028	5.99E-16	--	348730	0.992743	-0.0003	0.0032	0.9329	+-	278008	0.992743	4.86E-08	FEMALE	0.992743	2.72704	0.099	-0.0031524	0.00176795	3.17939	0.075	3.06134	8.00E-02	0.992743	3.40001	0.065	-0.00606413	0.00317556	3.64666	0.056	3.45075	6.30E-02	0.992743	0.105929	0.74	-0.00216743	0.00346914	0.390343	0.53	0.520963	4.70E-01
rs10919388	1	170372503	C	A	0.0333	0.0019	9.71E-66	--	665612	0.991758	0.0437	0.0026	2.13E-63	--	365205	0.991758	0.0194	0.0029	2.72E-11	--	300542	0.991758	4.40E-10	FEMALE	0.991758	4.4735	0.034	-0.00463208	0.00167469	7.6504	0.0057	7.81561	5.20E-03	0.991758	3.14468	0.076	-0.00618525	0.00301211	4.2167	0.04	5.16036	2.30E-02	0.991758	2.22175	0.14	-0.00688096	0.00328065	4.39923	0.036	4.74612	2.90E-02
rs10946205	6	167451311	G	A	0.0036	0.0018	0.04757	--	627322	0.999716	0.0141	0.0024	2.85E-09	--	349103	0.999716	-0.0118	0.0027	1.07E-05	++	278354	0.999716	7.52E-13	FEMALE	0.999716	10.5404	0.0012	-0.00491371	0.00148296	10.9789	0.00092	11.4366	7.20E-04	0.999716	3.32587	0.068	-0.0041557	0.0026638	2.43379	0.12	2.53681	1.10E-01	0.999716	8.66645	0.0032	-0.00839643	0.00290949	8.32828	0.0039	9.35337	2.20E-03
rs11045172	12	20470221	A	C	0.0096	0.0023	3.55E-05	++	621058	0.987717	0.0188	0.0031	9.22E-10	++	343576	0.987717	-0.0032	0.0035	0.354	--	277616	0.987717	2.53E-06	FEMALE	0.987717	32.9452	9.50E-09	-0.010809	0.00187264	33.3171	7.80E-09	33.4131	7.50E-09	0.987717	23.7829	0.0000011	-0.0160723	0.00337019	22.7431	0.0000019	23.4547	1.30E-06	0.987717	10.6163	0.0011	-0.0134089	0.00366605	13.3779	0.00025	12.2661	4.60E-04
rs11187537	10	95346805	C	G	0.0163	0.0021	2.43E-15	++	610077	0.9976	0.0255	0.0027	9.55E-21	++	340573	0.9976	0.0042	0.0033	0.2046	+?	221804	0.9976	5.87E-07	FEMALE	0.9976	1.98024	0.16	0.00266186	0.0016822	2.50388	0.11	3.28732	7.00E-02	0.9976	1.05681	0.3	0.00587297	0.00302351	3.77305	0.052	3.73715	5.30E-02	0.9976	0.917545	0.34	0.00194462	0.00329834	0.3476	0.56	0.441329	5.10E-01
rs114760566	6	34192036	A	C	0.0932	0.0049	9.03E-82	+?	484563	0.99322	0.1213	0.0065	4.36E-77	+?	262759	0.99322	0.0547	0.0073	5.66E-14	+?	221804	0.99322	9.51E-12	FEMALE	0.99322	0.0907412	0.76	0.00609189	0.00357937	2.89661	0.089	3.43904	6.40E-02	0.99322	0.148029	0.7	0.00381709	0.00642037	0.353463	0.55	0.434472	5.10E-01	0.99322	1.47215	0.23	0.0125749	0.00703427	3.19576	0.074	3.36663	6.70E-02
rs11603150	11	36373869	T	C	0.0135	0.0021	2.33E-10	+?	484563	0.996166	0.0228	0.0029	1.94E-15	+?	262759	0.996166	0	0.0032	0.99	+?	221804	0.996166	1.30E-07	FEMALE	0.996166	4.64249	0.031	-0.00393661	0.00159191	6.11515	0.013	5.6693	1.70E-02	0.996166	2.85653	0.091	-0.00494243	0.00286349	2.97914	0.084	2.80201	9.40E-02	0.996166	2.21945	0.14	-0.00557427	0.00311617	3.19988	0.074	2.77519	9.60E-02
rs11694173	2	43590899	A	G	0.0144	0.0022	2.89E-11	++	694586	0.995631	0.0217	0.0029	6.75E-14	++	379471	0.995631	0.0037	0.0032	0.2458	++	315249	0.995631	3.07E-05	FEMALE	0.995631	8.75436	0.0031	-0.00636096	0.00186991	11.5719	0.00067	11.1302	8.50E-04	0.995631	5.04934	0.025	-0.0083357	0.00336167	6.14856	0.013	6.1793	1.30E-02	0.995631	3.65463	0.056	-0.00667015	0.00366615	3.31018	0.069	3.42916	6.40E-02
rs11716727	3	12489012	T	C	0.023	0.0023	2.77E-24	+?	484563	0.981197	0.0348	0.003	3.24E-30	+?	262759	0.981197	0.0073	0.0034	0.03034	+?	221804	0.981197	1.32E-09	FEMALE	0.981197	0.0888192	0.77	0.00174661	0.00168596	1.07324	0.3	1.11952	2.90E-01	0.981197	0.0787298	0.78	0.00295929	0.00303782	0.948963	0.33	1.16485	2.80E-01	0.981197	0.0184746	0.89	0.00321202	0.00329605	0.949662	0.33	0.559229	4.50E-01
rs12138803	1	172348823	T	C	0.0254	0.0019	9.89E-39	++	693735	0.998836	0.0345	0.0026	6.97E-40	++	379001	0.998836	0.0128	0.0029	9.88E-06	++	314868	0.998836	2.53E-08	FEMALE	0.998836	0.0148201	0.9	0.00237591	0.00166561	2.03475	0.15	1.81346	1.80E-01	0.998836	0.492684	0.48	0.00424565	0.00299421	2.01059	0.16	1.9128	1.70E-01	0.998836	0.153768	0.69	0.0012386	0.00326487	0.143923	0.7	0.143338	7.00E-01
rs12328675	2	165540800	T	C	0.0366	0.0026	3.01E-44	++	694258	0.99872	0.0759	0.0035	8.92E-104	++	379304	0.99872	-0.0168	0.0039	1.42E-05	--	315088	0.99872	5.00E-70	FEMALE	0.99872	87.9716	6.60E-21	-0.0223829	0.00227421	96.8664	7.40E-23	95.1167	1.80E-22	0.99872	56.2544	6.40E-14	-0.0321226	0.00410252	61.3083	4.90E-15	61.4222	4.60E-15	0.99872	37.2826	0.000000001	-0.0250524	0.00444079	31.8256	0.000000017	32.363	1.30E-08
rs12340775	9	13226945	G	A	0.0186	0.0041	5.32E-06	--	605444	0.937247	0.0319	0.0054	4.37E-09	--	337354	0.937247	-0.0045	0.0067	0.5061	+?	221804	0.937247	2.34E-05	FEMALE	0.937247	6.73946	0.0094	0.0104147	0.00333921	9.72769	0.0018	9.00801	2.70E-03	0.937247	6.68035	0.0097	0.0185633	0.0060048	9.55684	0.002	8.65644	3.30E-03	0.937247	0.749773	0.39	0.00777531	0.00653975	1.41356	0.23	1.51865	2.20E-01
rs12369214	12	107198611	A	G	0.0132	0.0019	9.98E-13	++	626416	0.999264	0.02	0.0025	3.99E-16	++	348554	0.999264	0.004	0.0028	0.1533	+-	277997	0.999264	2.02E-05	FEMALE	0.999264	2.90765	0.088	0.00282738	0.00153736	3.38232	0.066	3.73767	5.30E-02	0.999264	2.61902	0.11	0.00308241	0.00276541	1.24241	0.27	1.67182	2.00E-01	0.999264	0.801325	0.37	0.00375184	0.00301144	1.55218	0.21	2.08258	1.50E-01
rs12454712	18	60845884	T	C	0.017	0.0018	1.33E-20	++	654356	1	0.0312	0.0025	1.96E-36	++	358941	1	-0.0009	0.0027	0.7322	+-	295380	1	2.69E-18	FEMALE	1	29.0262	0.000000071	-0.00802307	0.00153523	27.311	0.00000017	27.2542	1.80E-07	1	8.43278	0.0037	-0.00740869	0.00275931	7.20909	0.0073	7.51925	6.10E-03	1	23.4906	0.0000013	-0.013528	0.0030075	20.2329	0.0000069	20.4476	6.10E-06
rs13256367	8	128334900	A	C	0.0182	0.0019	6.15E-22	++	627055	0.997213	0.0262	0.0025	9.72E-26	++	348960	0.997213	0.0082	0.0028	0.003944	++	278230	0.997213	1.62E-06	FEMALE	0.997213	8.20738	0.0042	-0.00496339	0.00156556	10.0512	0.0015	9.87231	1.70E-03	0.997213	2.34345	0.13	-0.00491774	0.00281314	3.05596	0.08	3.01334	8.30E-02	0.997213	7.82655	0.0051	-0.00925734	0.0030695	9.09573	0.0026	9.35518	2.20E-03
rs1364422	7	130445981	T	C	0.0157	0.0019	1.07E-16	++	694615	0.993429	0.0312	0.0025	1.90E-34	++	379485	0.993429	-0.0037	0.0028	0.1857	--	315265	0.993429	1.44E-20	FEMALE	0.993429	52.6671	4.00E-13	0.0113849	0.00165597	47.2661	6.20E-12	46.3796	9.70E-12	0.993429	26.6982	0.00000024	0.0150801	0.00297173	25.7508	0.00000039	26.3779	2.80E-07	0.993429	25.5207	0.00000044	0.0164737	0.00325222	25.6581	0.00000041	25.6669	4.10E-07
rs1396514	17	68431026	C	T	0.0226	0.0017	1.01E-39	--	694543	0.994604	0.0363	0.0023	1.54E-56	--	379450	0.994604	0.0037	0.0025	0.1469	--	315227	0.994604	8.27E-22	FEMALE	0.994604	2.17577	0.14	0.00152219	0.00148875	1.04543	0.31	1.29181	2.60E-01	0.994604	6.95396	0.0084	0.00698486	0.00267342	6.82625	0.009	7.27059	7.00E-03	0.994604	0.722515	0.4	-0.00300518	0.00291979	1.05935	0.3	1.10465	2.90E-01
rs140664623	14	52321987	G	T	0.0366	0.0067	4.21E-08	-?	484563	0.974753	0.0646	0.009	7.54E-13	-?	262759	0.974753	-0.0056	0.0099	0.573	+?	221804	0.974753	1.55E-07	FEMALE	0.974753	8.74792	0.0031	0.0124227	0.00488919	6.45597	0.011	6.68052	9.70E-03	0.974753	11.5454	0.00068	0.0274364	0.00880843	9.70191	0.0018	10.1479	1.40E-03	0.974753	0.356514	0.55	0.00103365	0.00955308	0.0117075	0.91	0.00476565	9.40E-01
rs144033177	20	571467	C	A	0.0526	0.0083	2.21E-10	-?	484563	0.950289	0.0898	0.0111	7.32E-16	-?	262759	0.950289	0.0045	0.0124	0.7183	-?	221804	0.950289	2.97E-07	FEMALE	0.950289	3.60689	0.058	-0.0145836	0.00606957	5.77318	0.016	5.1309	2.40E-02	0.950289	2.84264	0.092	-0.024682	0.0108906	5.13635	0.023	5.35167	2.10E-02	0.950289	1.09695	0.29	-0.0125883	0.0119102	1.11712	0.29	1.08007	3.00E-01
rs144100226	6	34180297	T	C	0.0907	0.0048	1.73E-80	+?	484563	0.99507	0.116	0.0064	3.38E-73	+?	262759	0.99507	0.0559	0.0071	5.16E-15	+?	221804	0.99507	3.23E-10	FEMALE	0.99507	0.0898095	0.76	0.00605642	0.00352049	2.95955	0.085	3.40704	6.50E-02	0.99507	0.195268	0.66	0.00281222	0.00631013	0.19862	0.66	0.259386	6.10E-01	0.99507	1.72197	0.19	0.0136019	0.00692466	3.85835	0.049	4.01131	4.50E-02
rs148358468	2	219590348	A	G	0.0222	0.0046	1.70E-06	+?	484563	0.986629	0.0431	0.0062	4.85E-12	+?	262759	0.986629	-0.008	0.0069	0.2465	-?	221804	0.986629	3.62E-08	FEMALE	0.986629	5.13678	0.023	0.00709584	0.00340592	4.34049	0.037	4.15477	4.20E-02	0.986629	1.84991	0.17	0.00335837	0.00613352	0.299804	0.58	0.260171	6.10E-01	0.986629	3.452	0.063	0.0137005	0.00666393	4.22678	0.04	4.31001	3.80E-02
rs1522811	2	226992454	C	A	0.0129	0.0021	1.64E-09	--	627151	0.98928	0.0229	0.0028	5.31E-16	--	349011	0.98928	-0.0007	0.0032	0.8201	-+	278274	0.98928	2.85E-08	FEMALE	0.98928	50.8042	1.00E-12	0.0123966	0.00177029	49.0364	2.50E-12	49.5126	2.00E-12	0.98928	10.5462	0.0012	0.00988092	0.00318529	9.62267	0.0019	10.3804	1.30E-03	0.98928	55.8315	7.90E-14	0.0255268	0.00346728	54.2018	1.80E-13	52.4065	4.50E-13
rs1534696	7	26397239	C	A	0.0244	0.0017	3.15E-44	--	682757	1	0.0395	0.0023	8.10E-64	--	374402	1	0.0031	0.0026	0.2288	-+	308489	1	1.00E-25	FEMALE	1	2.02633	0.15	-0.00193834	0.00148803	1.69682	0.19	1.56951	2.10E-01	1	0.0360716	0.85	0.00167743	0.00267445	0.393386	0.53	0.373038	5.40E-01	1	6.22607	0.013	-0.00700491	0.00291698	5.76685	0.016	5.58979	1.80E-02
rs1578916	7	150281975	T	C	0.0111	0.0021	1.49E-07	++	627249	0.999324	0.0183	0.0028	7.40E-11	++	349060	0.999324	0.0004	0.0032	0.9093	++	278324	0.999324	2.56E-05	FEMALE	0.999324	1.54595	0.21	-0.00261785	0.0017672	2.19441	0.14	2.08664	1.50E-01	0.999324	0.867517	0.35	-0.00355651	0.00317559	1.2543	0.26	1.24187	2.70E-01	0.999324	0.368339	0.54	-0.000894877	0.00346496	0.0667009	0.8	0.0569317	8.10E-01
rs17101456	10	122875040	G	A	0.0251	0.0028	1.34E-19	--	612070	0.998029	0.0368	0.0037	2.99E-23	--	340604	0.998029	0.0101	0.0045	0.02372	-?	221804	0.998029	4.58E-06	FEMALE	0.998029	1.06482	0.3	-0.00299468	0.00230033	1.69482	0.19	1.62454	2.00E-01	0.998029	0.279704	0.6	-0.00272122	0.00414598	0.430798	0.51	0.427037	5.10E-01	0.998029	1.49914	0.22	-0.00580762	0.0044956	1.66887	0.2	1.78185	1.80E-01
rs17326656	2	48962291	T	G	0.0153	0.0021	5.77E-13	++	627216	0.989881	0.0249	0.0028	9.44E-19	++	349046	0.989881	-0.0002	0.0032	0.9624	+-	278305	0.989881	3.57E-09	FEMALE	0.989881	0.931065	0.33	-0.0013106	0.00174014	0.567245	0.45	0.393357	5.30E-01	0.989881	0.0489372	0.82	0.00117312	0.00312804	0.140651	0.71	0.0807979	7.80E-01	0.989881	2.72099	0.099	-0.00677575	0.00341221	3.94315	0.047	3.64583	5.60E-02
rs1983189	5	54886681	A	G	0.017	0.0019	1.90E-18	++	626639	0.992196	0.0239	0.0026	9.65E-21	++	348728	0.992196	0.0064	0.0029	0.02725	++	278046	0.992196	7.02E-06	FEMALE	0.992196	5.63619	0.018	-0.00548022	0.00160817	11.6127	0.00066	11.1522	8.40E-04	0.992196	2.28975	0.13	-0.00583833	0.00289024	4.08047	0.043	3.77751	5.20E-02	0.992196	3.34849	0.067	-0.00812787	0.00315315	6.64455	0.0099	6.30757	1.20E-02
rs2124307	14	98344662	C	T	0.0127	0.0018	4.96E-12	--	625104	0.996892	0.02	0.0024	2.72E-16	--	346894	0.996892	0.0018	0.0028	0.5074	+-	278344	0.996892	8.01E-07	FEMALE	0.996892	2.73399	0.098	-0.00319697	0.00153736	4.32443	0.038	4.40656	3.60E-02	0.996892	2.72098	0.099	-0.00500154	0.00276348	3.27563	0.07	3.367	6.70E-02	0.996892	0.199624	0.66	-0.00320238	0.00301192	1.13047	0.29	1.1006	2.90E-01
rs2167750	4	89730074	T	C	0.0274	0.0018	5.53E-53	++	627208	0.997953	0.0415	0.0024	5.58E-68	++	349039	0.997953	0.0102	0.0027	0.0001394	++	278305	0.997953	4.54E-18	FEMALE	0.997953	60.5371	7.20E-15	0.0120967	0.00148771	66.1142	4.30E-16	67.1875	2.50E-16	0.997953	11.6221	0.00065	0.0106918	0.00267342	15.9944	0.000064	16.314	5.40E-05	0.997953	66.8124	3.00E-16	0.0247888	0.00291576	72.2784	1.90E-17	73.2999	1.10E-17
rs2207132	20	39142516	A	G	0.047	0.0056	5.28E-17	+?	484563	1	0.0694	0.0075	2.22E-20	+?	262759	1	0.0123	0.0084	0.1449	+?	221804	1	3.97E-07	FEMALE	1	37.6065	8.70E-10	0.020591	0.00415325	24.5798	0.00000071	24.0677	9.30E-07	1	21.0881	0.0000044	0.0264176	0.00741619	12.6889	0.00037	12.8006	3.50E-04	1	17.9923	0.000022	0.0322614	0.00819815	15.4858	0.000083	15.6959	7.40E-05
rs2369633	1	205181062	C	T	0.0253	0.0031	3.43E-16	--	625327	0.997997	0.0379	0.0041	3.76E-20	--	347133	0.997997	0.0096	0.0047	0.04006	-+	278328	0.997997	5.69E-06	FEMALE	0.997997	2.49177	0.11	0.00350044	0.00255613	1.87533	0.17	1.72414	1.90E-01	0.997997	1.05016	0.31	0.00419346	0.00459716	0.832078	0.36	0.734756	3.90E-01	0.997997	1.612	0.2	0.00709869	0.00500791	2.00929	0.16	1.9944	1.60E-01
rs2373078	2	218392555	T	C	0.0215	0.0029	1.11E-13	++	627188	0.986517	0.033	0.0038	8.82E-18	++	349037	0.986517	0.0052	0.0044	0.2301	+-	278285	0.986517	1.74E-06	FEMALE	0.986517	0.490977	0.48	0.00196313	0.00241289	0.661947	0.42	0.639606	4.20E-01	0.986517	0.520785	0.47	0.00495693	0.0043456	1.30114	0.25	1.29301	2.60E-01	0.986517	0.0316051	0.86	0.000997795	0.0047206	0.0446774	0.83	0.00309063	9.60E-01
rs2503100	6	100613915	G	A	0.0245	0.0024	4.86E-25	--	627198	0.998911	0.0364	0.0031	4.05E-31	--	349040	0.998911	0.0075	0.0036	0.03453	-+	278293	0.998911	1.18E-09	FEMALE	0.998911	0.00134877	0.97	-0.00082389	0.0019632	0.176121	0.67	0.10773	7.40E-01	0.998911	0.112063	0.74	0.0033903	0.00352589	0.924568	0.34	0.969158	3.20E-01	0.998911	0.251726	0.62	-0.00620991	0.00385236	2.59847	0.11	2.51813	1.10E-01
rs2682386	3	101068873	T	C	0.007	0.0018	7.22E-05	++	694611	0.999872	0.0148	0.0024	3.36E-10	++	379486	0.999872	-0.0042	0.0026	0.1085	--	315260	0.999872	7.89E-08	FEMALE	0.999872	33.7955	6.10E-09	0.00937168	0.00152578	37.727	8.10E-10	37.6294	8.60E-10	0.999872	18.1719	0.00002	0.0134767	0.00273989	24.1938	0.00000087	24.7289	6.60E-07	0.999872	18.3776	0.000018	0.0138492	0.00299501	21.3822	0.0000038	21.0523	4.50E-06
rs2791550	1	219655369	G	T	0.037	0.0018	3.35E-93	--	694588	0.999956	0.0576	0.0024	1.04E-124	--	379470	0.999956	0.0082	0.0027	0.002347	--	315252	0.999956	1.44E-42	FEMALE	0.999956	134.033	5.40E-31	-0.0194485	0.00157324	152.821	4.20E-35	149.722	2.00E-34	0.999956	67.5212	2.10E-16	-0.0240005	0.0028314	71.8523	2.30E-17	71.1088	3.40E-17	0.999956	74.5779	5.80E-18	-0.0270864	0.00307973	77.3535	1.40E-18	77.8667	1.10E-18
rs28378811	21	46779091	T	G	0.0114	0.002	8.91E-09	+?	484563	0.987306	0.0194	0.0027	4.08E-13	+?	262759	0.987306	0	0.003	0.9987	-?	221804	0.987306	1.53E-06	FEMALE	0.987306	12.1968	0.00048	-0.00591919	0.00150236	15.523	0.000082	13.9387	1.90E-04	0.987306	2.77955	0.095	-0.00550745	0.00269846	4.16552	0.041	4.21333	4.00E-02	0.987306	11.6748	0.00063	-0.0114097	0.0029446	15.0139	0.00011	14.2977	1.60E-04
rs28408682	10	104403310	G	A	0.0122	0.0019	1.82E-10	--	547577	0.998983	0.0199	0.0027	2.60E-13	-?	262759	0.998983	0.0026	0.003	0.39	-?	221804	0.998983	1.82E-05	FEMALE	0.998983	5.41035	0.02	-0.00326412	0.00151542	4.63942	0.031	4.98613	2.60E-02	0.998983	6.19057	0.013	-0.00629646	0.00272622	5.33424	0.021	6.05426	1.40E-02	0.998983	0.829414	0.36	-0.00332263	0.00296817	1.2531	0.26	1.17509	2.80E-01
rs2925128	14	98362355	C	T	0.0125	0.0018	1.27E-11	--	625093	0.997937	0.0201	0.0024	2.40E-16	--	346888	0.997937	0.0009	0.0028	0.7362	+-	278340	0.997937	1.93E-07	FEMALE	0.997937	2.61257	0.11	0.00317669	0.00153735	4.26977	0.039	4.33364	3.70E-02	0.997937	2.75904	0.097	0.00507608	0.00276352	3.3739	0.066	3.43372	6.40E-02	0.997937	0.137992	0.71	0.0030563	0.00301184	1.02974	0.31	1.01104	3.10E-01
rs2925979	16	81534790	T	C	0.0265	0.0019	7.33E-46	++	692391	1	0.045	0.0025	2.29E-72	++	378190	1	0.0003	0.0028	0.9165	+-	314335	1	1.07E-32	FEMALE	1	12.1112	0.0005	-0.00580525	0.00162089	12.8272	0.00034	13.2155	2.80E-04	1	8.4663	0.0036	-0.0081415	0.00291405	7.80575	0.0052	8.01721	4.60E-03	1	4.00374	0.045	-0.00587167	0.00317546	3.41909	0.064	3.65547	5.60E-02
rs34311866	4	951947	C	T	0.0205	0.0026	2.68E-15	-?	484563	0.987254	0.0301	0.0035	8.74E-18	-?	262759	0.987254	0.0083	0.0039	0.03125	-?	221804	0.987254	3.18E-05	FEMALE	0.987254	1.99E-05	1	0.000130451	0.00195461	0.00445426	0.95	0.0425513	8.40E-01	0.987254	0.11927	0.73	-0.00120072	0.003513	0.116823	0.73	0.0379398	8.50E-01	0.987254	0.273833	0.6	0.00269836	0.00383012	0.496338	0.48	0.51438	4.70E-01
rs3851294	1	205130413	G	A	0.0257	0.0031	9.03E-17	--	627266	1	0.0375	0.0041	4.42E-20	--	349074	1	0.0105	0.0047	0.0237	-+	278327	1	1.50E-05	FEMALE	1	2.28655	0.13	0.00350443	0.0025496	1.88926	0.17	1.75433	1.90E-01	1	0.975425	0.32	0.00422341	0.00458464	0.848626	0.36	0.723475	4.00E-01	1	1.49208	0.22	0.00707359	0.00499613	2.00453	0.16	1.98252	1.60E-01
rs3936510	5	55860866	T	G	0.0299	0.0022	4.62E-43	++	692459	1	0.0491	0.0029	4.28E-64	++	378404	1	0.0038	0.0032	0.2327	++	314190	1	9.64E-26	FEMALE	1	14.1101	0.00017	0.00966394	0.00184815	27.3423	0.00000017	28.5171	9.30E-08	1	5.38399	0.02	0.0112091	0.00332625	11.3561	0.00075	12.0859	5.10E-04	1	10.3306	0.0013	0.0135916	0.00361757	14.1159	0.00017	14.6374	1.30E-04
rs4285804	10	104386309	A	T	0.0109	0.0017	3.29E-10	++	694444	0.998651	0.0191	0.0023	1.07E-16	++	379387	0.998651	-0.0003	0.0026	0.92	+-	315191	0.998651	2.29E-08	FEMALE	0.998651	6.97658	0.0083	0.003894	0.00149517	6.78281	0.0092	6.98646	8.20E-03	0.998651	5.35119	0.021	0.00620813	0.00268948	5.32826	0.021	5.8544	1.60E-02	0.998651	2.52506	0.11	0.00551717	0.00292892	3.54828	0.06	3.35379	6.70E-02
rs4558863	4	26079129	C	T	0.021	0.0024	4.69E-19	--	627314	0.998678	0.0304	0.0031	2.40E-22	--	349100	0.998678	0.0095	0.0035	0.006875	--	278349	0.998678	7.82E-06	FEMALE	0.998678	0.169451	0.68	-0.00112571	0.00195042	0.333116	0.56	0.300833	5.80E-01	0.998678	2.2237	0.14	0.00671704	0.00350868	3.66496	0.056	3.6949	5.50E-02	0.998678	6.59265	0.01	-0.012013	0.0038179	9.90049	0.0017	9.4211	2.10E-03
rs4684857	3	12493863	C	G	0.0211	0.002	2.99E-25	++	623147	0.994012	0.0281	0.0027	3.43E-25	++	345840	0.994012	0.0112	0.003	0.0002136	++	277443	0.994012	2.82E-05	FEMALE	0.994012	7.24295	0.0071	0.0052097	0.00162601	10.2655	0.0014	11.531	6.80E-04	0.994012	8.88359	0.0029	0.00927773	0.00292298	10.0747	0.0015	10.2141	1.40E-03	0.994012	0.313387	0.58	0.00355299	0.00318769	1.24233	0.27	1.30821	2.50E-01
rs501470	6	160770918	T	G	0.0174	0.0017	1.67E-24	++	692283	0.997189	0.0247	0.0023	4.22E-27	++	377220	0.997189	0.0081	0.0025	0.001422	+-	315196	0.997189	1.03E-06	FEMALE	0.997189	8.95306	0.0028	-0.00550247	0.00148544	13.7216	0.00021	13.0625	3.00E-04	0.997189	4.99737	0.025	-0.00731046	0.00266961	7.49885	0.0062	7.47368	6.30E-03	0.997189	6.19813	0.013	-0.00896189	0.00291255	9.46791	0.0021	9.12961	2.50E-03
rs547943994	18	30572006	T	C	0.4444	0.1018	1.28E-05	+?	484563	0.744117	0.8765	0.1488	3.85E-09	+?	262759	0.744117	-0.051	0.14	0.7158	-?	221804	0.744117	5.63E-06	FEMALE																											
rs55747707	7	73037366	G	A	0.0244	0.0024	3.05E-25	--	551855	0.995534	0.0355	0.0033	2.19E-26	-?	262759	0.995534	0.0108	0.0037	0.003518	-?	221804	0.995534	6.29E-07	FEMALE	0.995534	1.23868	0.27	0.00116302	0.00184858	0.395822	0.53	0.472095	4.90E-01	0.995534	0.136486	0.71	-0.00323448	0.00332256	0.947682	0.33	0.8952	3.40E-01	0.995534	5.60832	0.018	0.0079122	0.00362358	4.76782	0.029	4.76003	2.90E-02
rs56271783	11	64004723	C	G	0.059	0.0049	1.21E-33	+?	484563	0.975925	0.0885	0.0065	1.11E-41	+?	262759	0.975925	0.0203	0.0073	0.005498	+?	221804	0.975925	3.01E-12	FEMALE	0.975925	2.85227	0.091	0.00674431	0.00360568	3.49865	0.061	3.7721	5.20E-02	0.975925	0.131408	0.72	-0.00257651	0.00645541	0.1593	0.69	0.1252	7.20E-01	0.975925	9.71889	0.0018	0.0244376	0.00709807	11.8533	0.00058	11.7544	6.10E-04
rs577721086	6	127440047	C	T	0.1661	0.0047	7.11E-274	-?	484563	0.971735	0.2153	0.0063	2.53E-254	-?	262759	0.971735	0.1014	0.007	2.27E-47	-?	221804	0.971735	1.13E-33	FEMALE	0.971735	44.7407	2.20E-11	-0.0223391	0.00344175	42.1282	8.50E-11	46.1063	1.10E-11	0.971735	22.3447	0.0000023	-0.0300561	0.00618963	23.5796	0.0000012	24.5533	7.20E-07	0.971735	23.5385	0.0000012	-0.0291394	0.00674277	18.6761	0.000015	19.0738	1.30E-05
rs605066	6	139829666	C	T	0.0242	0.0018	3.29E-40	--	615554	0.999822	0.0352	0.0024	3.52E-48	--	342698	0.999822	0.0076	0.0027	0.005148	--	272991	0.999822	2.17E-14	FEMALE	0.999822	24.8457	0.00000062	0.00787667	0.001506	27.3547	0.00000017	26.5945	2.50E-07	0.999822	8.88789	0.0029	0.00862595	0.0027095	10.1353	0.0015	10.3066	1.30E-03	0.999822	18.3175	0.000019	0.0124307	0.00294911	17.7667	0.000025	17.627	2.70E-05
rs6062344	20	62696024	C	T	0.0149	0.0018	6.23E-16	--	586416	0.995297	0.0252	0.0025	8.18E-25	--	328561	0.995297	0.0012	0.003	0.6851	-?	221804	0.995297	7.96E-10	FEMALE	0.995297	1.87161	0.17	0.00150742	0.00149217	1.02055	0.31	0.872596	3.50E-01	0.995297	3.21329	0.073	0.00439381	0.00268268	2.68252	0.1	2.5887	1.10E-01	0.995297	0.110465	0.74	0.00194242	0.00292112	0.442165	0.51	0.261414	6.10E-01
rs62070804	17	27889643	T	C	0.0469	0.0075	4.36E-10	+?	484563	1	0.0788	0.0102	9.66E-15	+?	262759	1	0.0066	0.0111	0.555	+?	221804	1	1.67E-06	FEMALE	1	22.4595	0.0000021	0.0275144	0.0056194	23.9741	0.00000098	24.3843	7.90E-07	1	10.1696	0.0014	0.040654	0.0101409	16.0715	0.000061	15.2585	9.40E-05	1	13.833	0.0002	0.041052	0.0109566	14.0384	0.00018	14.5129	1.40E-04
rs62271373	3	150066540	A	T	0.0408	0.0043	3.44E-21	+?	484563	0.957592	0.0688	0.0058	2.22E-32	+?	262759	0.957592	0.0015	0.0064	0.8177	+?	221804	0.957592	6.60E-15	FEMALE	0.957592	44.4342	2.60E-11	0.0241847	0.00317504	58.0204	2.60E-14	59.5084	1.20E-14	0.957592	21.0161	0.0000046	0.0303923	0.00571486	28.2824	0.0000001	29.5198	5.50E-08	0.957592	25.8686	0.00000037	0.0357157	0.0062149	33.0255	9.10E-09	32.6188	1.10E-08
rs62319568	4	120362961	G	A	0.0152	0.0028	6.62E-08	-?	484563	0.9992	0.027	0.0038	9.66E-13	-?	262759	0.9992	0.0005	0.0042	0.8992	-?	221804	0.9992	2.89E-06	FEMALE	0.9992	20.9529	0.0000047	0.00917445	0.00208209	19.4161	0.000011	20.4383	6.20E-06	0.9992	13.6791	0.00022	0.013711	0.00374481	13.4054	0.00025	14.5372	1.40E-04	0.9992	7.70057	0.0055	0.00973069	0.00407629	5.69844	0.017	5.37126	2.00E-02
rs634869	6	139831757	T	C	0.0229	0.0017	2.60E-40	++	694613	0.999457	0.0334	0.0023	2.08E-47	++	379480	0.999457	0.0077	0.0026	0.002671	++	315268	0.999457	1.33E-13	FEMALE	0.999457	24.9115	0.0000006	-0.00788793	0.00150613	27.4286	0.00000016	26.6407	2.50E-07	0.999457	8.93936	0.0028	-0.00863737	0.00270973	10.1604	0.0014	10.3263	1.30E-03	0.999457	18.3004	0.000019	-0.0124503	0.00294933	17.8202	0.000024	17.6544	2.60E-05
rs6691427	1	203510048	G	C	0.0115	0.002	5.86E-09	-?	484563	0.992711	0.0223	0.0027	4.80E-17	-?	262759	0.992711	-0.0012	0.003	0.6964	+?	221804	0.992711	5.80E-09	FEMALE	0.992711	26.9459	0.00000021	0.00838617	0.00148085	32.0706	0.000000015	31.8773	1.60E-08	0.992711	11.6952	0.00063	0.0104422	0.0026626	15.3807	0.000088	15.6636	7.60E-05	0.992711	17.6581	0.000026	0.0124377	0.00290207	18.3683	0.000018	18.2559	1.90E-05
rs6705646	2	165567695	A	G	0.0254	0.0017	3.97E-48	++	694039	0.986446	0.0454	0.0023	7.74E-85	++	379177	0.986446	-0.0009	0.0026	0.7311	+-	314996	0.986446	1.39E-40	FEMALE	0.986446	45.5572	1.50E-11	-0.0121621	0.00150664	65.1628	6.90E-16	67.045	2.70E-16	0.986446	29.8366	0.000000047	-0.0175246	0.00270482	41.9778	9.20E-11	42.7524	6.20E-11	0.986446	19.3789	0.000011	-0.0154557	0.00295893	27.284	0.00000018	27.4429	1.60E-07
rs6795831	3	129341403	A	C	0.0348	0.0023	4.91E-53	++	627216	0.984604	0.052	0.003	4.65E-67	++	349057	0.984604	0.0102	0.0034	0.002704	+-	278295	0.984604	3.01E-20	FEMALE	0.984604	14.2894	0.00016	-0.00654541	0.00187681	12.1628	0.00049	11.4873	7.00E-04	0.984604	22.5789	0.000002	-0.0155706	0.00337936	21.2295	0.0000041	21.0562	4.50E-06	0.984604	0.254547	0.61	-0.000366928	0.00367214	0.00998446	0.92	0.00853813	9.30E-01
rs6905288	6	43758873	A	G	0.0444	0.0018	9.04E-140	++	671554	1	0.0609	0.0024	3.87E-144	++	371948	1	0.024	0.0026	2.92E-20	++	304604	1	1.84E-25	FEMALE	1	19.5679	0.0000097	0.00736426	0.00149662	24.2122	0.00000086	23.314	1.40E-06	1	6.38255	0.012	0.00791636	0.00269213	8.64688	0.0033	7.8837	5.00E-03	1	17.1468	0.000035	0.0143947	0.00293134	24.114	0.00000091	24.2139	8.60E-07
rs7102	16	11642242	C	T	0.0115	0.0018	1.38E-10	--	686994	0.98977	0.0186	0.0024	1.27E-14	--	376198	0.98977	0.001	0.0027	0.7134	0	310930	0.98977	1.10E-06	FEMALE	0.98977	0.00677979	0.93	-0.000579751	0.00154801	0.14026	0.71	0.0952929	7.60E-01	0.98977	0.141364	0.71	-0.00102981	0.00278265	0.136963	0.71	0.105794	7.40E-01	0.98977	0.00281154	0.96	-0.00056581	0.00303312	0.0347986	0.85	0.0279791	8.70E-01
rs7221005	17	67590431	T	C	0.0084	0.0019	1.42E-05	++	627123	0.994475	0.0185	0.0026	5.37E-13	++	349001	0.994475	-0.0051	0.0029	0.07726	--	278258	0.994475	1.37E-09	FEMALE	0.994475	1.11079	0.29	-0.00184624	0.00160223	1.32778	0.25	1.42613	2.30E-01	0.994475	1.22764	0.27	-0.00310307	0.00287796	1.16255	0.28	1.34279	2.50E-01	0.994475	0.0937133	0.76	-0.00182908	0.00314138	0.33902	0.56	0.348006	5.60E-01
rs72837816	2	111916868	A	C	0.0248	0.0033	1.00E-13	+?	484563	0.991053	0.0396	0.0045	9.51E-19	+?	262759	0.991053	0.0059	0.005	0.2354	+?	221804	0.991053	5.45E-07	FEMALE	0.969452	3.67403	0.055	0.0122538	0.00459681	7.10604	0.0077	7.49374	6.20E-03	0.969452	0.0849232	0.77	0.00540249	0.00826048	0.427737	0.51	0.507346	4.80E-01	0.969452	6.81692	0.009	0.0289261	0.0090096	10.3079	0.0013	10.5509	1.20E-03
rs72877579	3	64697471	C	T	0.0347	0.0033	3.29E-26	--	551882	0.950404	0.0481	0.0047	5.85E-25	-?	262759	0.950404	0.0151	0.0052	0.003501	-?	221804	0.950404	2.50E-06	FEMALE	0.950404	10.8339	0.001	0.0113577	0.00267512	18.0257	0.000022	19.7662	8.80E-06	0.950404	6.65957	0.0099	0.0151688	0.0047957	10.0045	0.0016	10.6617	1.10E-03	0.950404	4.42901	0.035	0.0144707	0.00526188	7.56303	0.006	8.72317	3.10E-03
rs72959041	6	127454893	A	G	0.1624	0.0044	2.08E-293	++	549629	0.969127	0.2165	0.0063	6.05E-255	+?	262759	0.969127	0.1009	0.0071	2.16E-46	+?	221804	0.969127	4.04E-34	FEMALE	0.969127	47.0501	6.90E-12	0.0231703	0.00345887	44.874	2.10E-11	48.8975	2.70E-12	0.969127	22.9915	0.0000016	0.031109	0.00621901	25.0224	0.00000057	25.848	3.70E-07	0.969127	25.4766	0.00000045	0.0306478	0.00677814	20.4446	0.0000061	20.8353	5.00E-06
rs7372321	3	64713815	C	T	0.0314	0.003	8.81E-26	--	623408	0.980853	0.0496	0.004	1.31E-35	--	346767	0.980853	0.0092	0.0044	0.03922	--	276776	0.980853	1.09E-11	FEMALE	0.980853	13.6081	0.00023	-0.0110448	0.00249155	19.6508	0.0000093	19.124	1.20E-05	0.980853	6.12286	0.013	-0.0135178	0.00448878	9.06886	0.0026	8.56776	3.40E-03	0.980853	10.095	0.0015	-0.0182367	0.00487212	14.0105	0.00018	13.4258	2.50E-04
rs74963256	20	51588847	C	T	0.0171	0.0034	4.77E-07	-?	484563	0.975483	0.0314	0.0046	6.73E-12	-?	262759	0.975483	-0.0033	0.0051	0.5143	+?	221804	0.975483	4.36E-07	FEMALE	0.975483	6.71133	0.0096	-0.00396884	0.00258332	2.36032	0.12	2.45412	1.20E-01	0.975483	6.01083	0.014	-0.00908102	0.00463597	3.83697	0.05	3.74899	5.30E-02	0.975483	1.37462	0.24	-0.0041618	0.00506832	0.674271	0.41	0.770116	3.80E-01
rs7721054	5	54890802	T	C	0.0169	0.0019	1.56E-19	++	693843	0.989511	0.0235	0.0025	1.01E-20	++	379066	0.989511	0.0074	0.0028	0.007415	++	314911	0.989511	1.79E-05	FEMALE	0.989511	5.99856	0.014	-0.00567326	0.00162778	12.1472	0.00049	11.241	8.00E-04	0.989511	2.02112	0.16	-0.00563665	0.00292603	3.71093	0.054	3.27992	7.00E-02	0.989511	4.02038	0.045	-0.00896431	0.00319089	7.89241	0.005	7.32081	6.80E-03
rs7783857	7	130439058	G	C	0.0157	0.0019	1.18E-16	--	693071	0.996652	0.0315	0.0025	4.10E-35	--	378519	0.996652	-0.004	0.0028	0.1578	++	314685	0.996652	3.16E-21	FEMALE	0.996652	52.6467	4.00E-13	-0.0113692	0.00165419	47.2383	6.30E-12	46.3332	1.00E-11	0.996652	26.5675	0.00000025	-0.0149876	0.00296833	25.4941	0.00000044	26.1308	3.20E-07	0.996652	25.6581	0.00000041	-0.0165308	0.00324896	25.8882	0.00000036	25.9273	3.50E-07
rs7798002	7	25860580	T	G	0.0319	0.0021	4.23E-50	++	694434	0.99546	0.0441	0.0029	3.79E-53	++	379378	0.99546	0.0159	0.0032	4.71E-07	++	315190	0.99546	6.58E-11	FEMALE	0.99546	0.287673	0.59	0.000969224	0.00187984	0.265831	0.61	0.254838	6.10E-01	0.99546	0.897772	0.34	-0.00414836	0.00337526	1.51057	0.22	1.62819	2.00E-01	0.99546	3.20699	0.073	0.00629629	0.00368938	2.91248	0.088	2.91966	8.80E-02
rs7945962	11	36360598	A	G	0.0114	0.0018	2.20E-10	++	626631	0.994694	0.0177	0.0024	1.08E-13	++	348745	0.994694	0.0009	0.0027	0.7345	+-	278021	0.994694	3.31E-06	FEMALE	0.994694	13.0287	0.00031	0.00522369	0.00148841	12.3172	0.00045	11.3744	7.40E-04	0.994694	15.6026	0.000078	0.0100835	0.00267491	14.2104	0.00016	13.8818	1.90E-04	0.994694	0.86707	0.35	0.00249248	0.00291666	0.730285	0.39	0.566568	4.50E-01
rs7954697	12	125335253	A	C	0.0098	0.0017	1.93E-08	++	692435	1	0.0161	0.0023	4.59E-12	++	378235	1	0.0009	0.0026	0.7117	++	314333	1	1.19E-05	FEMALE	1	8.48075	0.0036	0.0049131	0.00150931	10.5963	0.0011	11.0474	8.90E-04	1	7.58288	0.0059	0.00855892	0.0027169	9.92405	0.0016	9.91717	1.60E-03	1	1.10829	0.29	0.00366023	0.00295404	1.53526	0.22	1.76466	1.80E-01
rs8066985	17	68453345	A	G	0.0228	0.0017	2.03E-40	++	694540	0.996236	0.036	0.0023	1.49E-55	++	379442	0.996236	0.0042	0.0025	0.09495	++	315232	0.996236	7.90E-21	FEMALE	0.996236	1.90505	0.17	-0.00145363	0.00148761	0.954836	0.33	1.1841	2.80E-01	0.996236	6.85039	0.0089	-0.00703102	0.00267132	6.92765	0.0085	7.36231	6.70E-03	0.996236	0.981628	0.32	0.00333024	0.00291762	1.30284	0.25	1.35371	2.40E-01
rs8126001	20	62711459	C	T	0.0164	0.002	1.60E-16	-?	484563	0.992915	0.0269	0.0027	7.49E-24	-?	262759	0.992915	0.0025	0.003	0.3966	-?	221804	0.992915	1.49E-09	FEMALE	0.992915	0.294247	0.59	0.000229822	0.00149432	0.0236536	0.88	0.00143208	9.70E-01	0.992915	1.43878	0.23	0.00228696	0.00268676	0.724535	0.39	0.712907	4.00E-01	0.992915	0.0981217	0.75	0.000430161	0.00292506	0.0216268	0.88	0.000452367	9.80E-01
rs863750	12	124505444	T	C	0.0373	0.0017	4.17E-101	++	693934	0.993593	0.0512	0.0023	2.31E-107	++	379126	0.993593	0.0185	0.0026	7.55E-13	++	314942	0.993593	4.51E-21	FEMALE	0.993593	75.9206	3.00E-18	0.0148363	0.00152124	95.1168	1.80E-22	98.2857	3.60E-23	0.993593	42.7231	6.30E-11	0.0197162	0.00273441	51.9897	5.60E-13	54.4733	1.60E-13	0.993593	36.3194	1.70E-09	0.0188285	0.00298255	39.8526	2.70E-10	40.5248	1.90E-10
rs905938	1	154991389	T	C	0.0243	0.002	1.35E-35	++	692430	1	0.0322	0.0026	1.41E-34	++	378295	1	0.0151	0.0029	2.47E-07	++	314265	1	1.13E-05	FEMALE	1	0.0240722	0.88	0.0013392	0.00167365	0.640263	0.42	0.642652	4.20E-01	1	4.82428	0.028	-0.00654838	0.00300719	4.74183	0.029	4.86541	2.70E-02	1	6.55156	0.01	0.00985465	0.00328251	9.01301	0.0027	8.30549	4.00E-03
rs910382	20	51699189	G	A	0.0187	0.0018	2.76E-25	--	625776	0.991927	0.0255	0.0024	8.90E-27	--	348291	0.991927	0.0093	0.0027	0.0005634	--	277620	0.991927	7.31E-06	FEMALE	0.991927	0.75993	0.38	-0.000230658	0.00149625	0.0237645	0.88	0.0150079	9.00E-01	0.991927	0.00357259	0.95	0.00292956	0.00268973	1.18628	0.28	0.859899	3.50E-01	0.991927	2.28583	0.13	-0.00471991	0.00292953	2.5958	0.11	2.22487	1.40E-01
rs917191	7	80570871	C	G	0.0138	0.0018	5.11E-14	++	626903	0.980862	0.022	0.0024	1.04E-19	++	348874	0.980862	0.0018	0.0027	0.5152	++	278164	0.980862	2.25E-08	FEMALE	0.980862	1.95637	0.16	0.0035142	0.00151657	5.36941	0.02	4.73135	3.00E-02	0.980862	0.390856	0.53	0.00374254	0.00272706	1.8834	0.17	1.56167	2.10E-01	0.980862	2.499	0.11	0.00628211	0.00297119	4.47045	0.034	4.8889	2.70E-02
rs952632	12	124469738	A	G	0.0397	0.0019	5.13E-97	++	627110	0.997857	0.0563	0.0025	2.80E-111	++	348976	0.997857	0.0145	0.0028	3.53E-07	++	278269	0.997857	8.40E-29	FEMALE	0.997857	127.913	1.20E-29	-0.0181589	0.001573	133.268	7.90E-31	137.964	7.40E-32	0.997857	68.5789	1.20E-16	-0.0243088	0.00283192	73.6827	9.20E-18	77.5502	1.30E-18	0.997857	63.177	1.90E-15	-0.0250853	0.00307821	66.4115	3.70E-16	67.6668	1.90E-16
rs954244	2	121309231	G	C	0.0093	0.0021	9.13E-06	--	614029	1	0.0205	0.0028	1.97E-13	--	341605	1	-0.0076	0.0032	0.01667	++	272559	1	3.88E-11	FEMALE	1	11.1584	0.00084	-0.00634351	0.00169666	13.9787	0.00018	12.769	3.50E-04	1	4.4396	0.035	-0.00758489	0.00305169	6.17755	0.013	5.72094	1.70E-02	1	6.63515	0.01	-0.00907958	0.00332453	7.45884	0.0063	7.30043	6.90E-03
rs9644033	8	23610639	A	T	0.0222	0.0021	3.40E-26	++	626939	0.997191	0.0379	0.0028	3.00E-42	++	348884	0.997191	-0.0006	0.0031	0.8404	+-	278190	0.997191	3.07E-20	FEMALE	0.997191	0.099745	0.75	-0.00138338	0.0017424	0.630356	0.43	0.618888	4.30E-01	0.997191	0.167676	0.68	0.000882285	0.00313086	0.0794128	0.78	0.0263066	8.70E-01	0.997191	1.21372	0.27	-0.00537641	0.00341635	2.47662	0.12	2.3684	1.20E-01
rs9674436	16	1342841	A	G	0.0082	0.002	4.09E-05	+?	484563	0.982151	0.0171	0.0027	1.71E-10	+?	262759	0.982151	-0.0029	0.003	0.3269	-?	221804	0.982151	7.22E-07	FEMALE	0.982151	1.17569	0.28	-0.00343498	0.00149927	5.24916	0.022	5.54602	1.90E-02	0.982151	0.0601479	0.81	-0.00182203	0.00269478	0.457155	0.5	0.367263	5.40E-01	0.982151	5.4789	0.019	-0.00970399	0.00293795	10.9096	0.00096	11.53	6.80E-04
rs9848655	3	138108352	A	G	0.0187	0.0023	1.61E-15	++	694461	0.997751	0.0288	0.0031	4.30E-20	++	379427	0.997751	0.0071	0.0035	0.03977	++	315168	0.997751	3.46E-06	FEMALE	0.997751	35.2179	2.90E-09	0.0128913	0.00201981	40.7354	1.70E-10	41.3532	1.30E-10	0.997751	13.0829	0.0003	0.0142479	0.00363596	15.3556	0.000089	15.4605	8.40E-05	0.997751	25.0819	0.00000055	0.0196352	0.00395318	24.6705	0.00000068	25.1797	5.20E-07
rs988799	4	106126413	G	C	0.0137	0.0022	3.55E-10	--	626953	0.997878	0.0229	0.0029	3.14E-15	--	348893	0.997878	0	0.0033	0.988	+-	278196	0.997878	1.86E-07	FEMALE	0.997878	2.62633	0.11	0.00231519	0.00183014	1.60031	0.21	1.90905	1.70E-01	0.997878	2.05107	0.15	0.00280704	0.00328584	0.7298	0.39	0.611432	4.30E-01	0.997878	0.568027	0.45	0.00194124	0.00359073	0.292275	0.59	0.366818	5.40E-01
rs9991328	4	89713121	T	C	0.0259	0.0017	1.04E-51	++	694488	0.996777	0.0405	0.0023	5.34E-70	++	379411	0.996777	0.0087	0.0025	0.000617	++	315211	0.996777	7.90E-21	FEMALE	0.996777	60.9614	5.80E-15	0.0121443	0.00148928	66.4954	3.50E-16	67.6067	2.00E-16	0.996777	12.2234	0.00047	0.0109335	0.00267599	16.6936	0.000044	16.8792	4.00E-05	0.996777	65.9679	4.60E-16	0.0246166	0.00291915	71.1117	3.40E-17	72.0039	2.10E-17