SNP frqA1.whradjbmi beta.whradjbmi se.whradjbmi pval.whradjbmi frqA1.bmi beta.bmi se.bmi pval.bmi frqA1.whr beta.whr se.whr pval.whr 
rs10019888:A:G 0.8133 -0.0303 0.0031 2.038e-22 0.8096 -0.0107 0.003 0.0003159 0.8128 -0.0317 0.0031 1.096e-24 
rs10054063:A:T 0.6957 -0.0318 0.0029 7.126e-28 0.6957 0.0091 0.0029 0.001537 0.6957 -0.0245 0.0029 3.55e-17 
rs10101067:G:C 0.0698 0.0535 0.0045 5.669e-33 0.069 -0.0045 0.0043 0.2955 0.0698 0.0465 0.0045 2.277e-25 
rs1029472:G:A 0.9406 -0.0351 0.0056 3.955e-10 0.9406 0.0194 0.0055 0.0004528 0.9406 -0.021 0.0056 0.0001723 
rs1035942:A:G 0.2738 0.0225 0.0027 2.246e-17 0.2732 -6e-04 0.0026 0.8098 0.2739 0.019 0.0027 7.704e-13 
rs10401969:T:C 0.922 -0.0257 0.0044 4.465e-09 0.9222 0.0066 0.0042 0.1144 0.9221 -0.02 0.0044 4.217e-06 
rs1040848:T:A 0.7572 0.0189 0.0028 7.143e-12 0.7572 -0.0034 0.0027 0.1987 0.7572 0.0147 0.0027 9.168e-08 
rs1045241:C:T 0.2822 -0.0332 0.0026 4.11e-38 0.2839 0.0059 0.0025 0.01626 0.2825 -0.0255 0.0026 1.925e-23 
rs10462028:G:A 0.3232 0.0277 0.0025 5.007e-28 0.3233 -0.0115 0.0024 2.083e-06 0.3233 0.0194 0.0025 1.191e-14 
rs10463353:C:T 0.3748 -0.0148 0.0025 2.815e-09 0.3776 -7e-04 0.0024 0.7561 0.3747 -0.0129 0.0025 2.297e-07 
rs10463416:G:A 0.3566 0.0148 0.0024 1.729e-09 0.3527 -0.0077 0.0024 0.0012 0.356 0.0089 0.0024 0.0002702 
rs10494421:C:T 0.1202 0.0238 0.0035 1.923e-11 0.1205 -0.0065 0.0034 0.05303 0.1202 0.0185 0.0035 1.484e-07 
rs1057119:C:G 0.7734 0.0183 0.0029 2.971e-10 0.7748 -0.0023 0.0028 0.4122 0.7734 0.0155 0.0029 9.486e-08 
rs1073632:G:A 0.0422 -0.0371 0.0058 1.474e-10 0.0418 0.0158 0.0056 0.004607 0.0422 -0.0278 0.0058 1.464e-06 
rs10761604:T:C 0.4444 0.0198 0.0023 3.134e-17 0.4447 -1e-04 0.0022 0.9621 0.4445 0.017 0.0023 3.315e-13 
rs1077795:A:G 0.7417 0.0199 0.003 6.108e-11 0.7417 0.002 0.003 0.5062 0.7416 0.0187 0.003 8.395e-10 
rs10808546:C:T 0.4221 -0.0249 0.0023 3.367e-27 0.4187 0.0088 0.0022 5.546e-05 0.4216 -0.0184 0.0023 9.459e-16 
rs10820747:G:A 0.2408 0.0381 0.0031 2.723e-34 0.2408 -0.0049 0.0031 0.1128 0.2408 0.0312 0.0031 1.434e-23 
rs10842707:C:T 0.2039 0.048 0.0028 4.483e-68 0.2011 -0.0089 0.0026 0.0006383 0.2035 0.0392 0.0027 1.605e-46 
rs10843817:A:C 0.7614 0.0175 0.0027 1.358e-10 0.763 -0.0011 0.0026 0.6813 0.7614 0.0148 0.0027 6.291e-08 
rs10880823:T:C 0.7647 -0.0229 0.0028 5.993e-16 0.7638 0.0066 0.0027 0.01558 0.7647 -0.0172 0.0028 1.067e-09 
rs10887759:G:A 0.1593 0.0221 0.0033 1.051e-11 0.1604 0.0027 0.0031 0.3913 0.1595 0.0211 0.0032 7.071e-11 
rs10891290:T:C 0.6448 0.0276 0.0024 2.236e-29 0.6482 -3e-04 0.0024 0.9062 0.6454 0.0242 0.0024 3.008e-23 
rs10919388:A:C 0.2731 -0.0437 0.0026 2.125e-63 0.2736 0.0021 0.0025 0.409 0.2731 -0.0372 0.0026 9.047e-47 
rs10946205:A:G 0.5314 -0.0141 0.0024 2.847e-09 0.5307 0.0038 0.0023 0.09777 0.5312 -0.011 0.0024 3.295e-06 
rs10980797:A:G 0.5197 -0.0239 0.0027 2.741e-19 0.5197 -0.0014 0.0026 0.6069 0.5197 -0.0215 0.0027 6.951e-16 
rs10992447:C:T 0.1612 0.0243 0.0032 3.347e-14 0.1604 -0.0056 0.0031 0.06825 0.161 0.019 0.0032 2.361e-09 
rs11006228:G:A 0.1981 0.0197 0.0033 3.403e-09 0.1981 0 0.0033 0.9953 0.1982 0.0177 0.0033 1.151e-07 
rs11045172:A:C 0.8071 0.0188 0.0031 9.217e-10 0.8072 -0.0111 0.003 0.0001992 0.8071 0.0113 0.0031 0.0002386 
rs11082430:C:G 0.7363 0.0168 0.0028 1.159e-09 0.7332 -0.0054 0.0027 0.04286 0.7364 0.0119 0.0027 1.431e-05 
rs11118610:A:C 0.5693 0.0142 0.0024 3.146e-09 0.571 -0.0015 0.0023 0.5105 0.5695 0.0117 0.0024 9.146e-07 
rs11129657:T:C 0.7928 -0.0185 0.0029 2.158e-10 0.7931 -0.0139 0.0028 7.329e-07 0.7928 -0.022 0.0029 3.762e-14 
rs11187537:G:C 0.2621 0.0255 0.0027 9.549e-21 0.2611 -0.0024 0.0026 0.3547 0.262 0.0214 0.0027 3.523e-15 
rs11204762:A:G 0.7718 0.0175 0.0028 4e-10 0.7753 -0.0051 0.0027 0.05946 0.7722 0.0136 0.0028 1.039e-06 
rs11235:T:C 0.5402 -0.0244 0.0023 1.964e-25 0.5389 0.0064 0.0022 0.004061 0.5401 -0.0181 0.0023 7.88e-15 
rs112907088:A:G 0.9755 -0.0534 0.0087 7.648e-10 0.9755 0.0133 0.0086 0.1215 0.9755 -0.0404 0.0087 3.223e-06 
rs1139653:A:T 0.2851 0.0202 0.0026 1.878e-14 0.285 -0.0025 0.0025 0.3283 0.2851 0.0168 0.0026 1.701e-10 
rs114760566:C:A 0.0433 0.1213 0.0065 4.363e-77 0.0434 -0.0276 0.0064 1.868e-05 0.0433 0.0967 0.0065 8.916e-50 
rs11592754:A:C 0.8592 -0.0199 0.0033 1.567e-09 0.8597 0.0054 0.0032 0.08829 0.8594 -0.0149 0.0033 5.563e-06 
rs11603150:T:C 0.6866 0.0228 0.0029 1.941e-15 0.6866 -0.001 0.0028 0.7247 0.6866 0.02 0.0029 2.77e-12 
rs11605956:T:C 0.6946 0.0186 0.0029 1.277e-10 0.6946 0 0.0029 0.9947 0.6947 0.0164 0.0029 1.416e-08 
rs11668242:A:G 0.2933 -0.0155 0.0026 3.075e-09 0.2926 0.0023 0.0025 0.3577 0.2933 -0.0135 0.0026 2.157e-07 
rs116911572:T:C 0.9832 0.0616 0.0103 2.621e-09 0.9832 -0.0168 0.0102 0.1005 0.9832 0.0466 0.0103 6.511e-06 
rs11694173:G:A 0.1767 0.0217 0.0029 6.753e-14 0.1744 7e-04 0.0028 0.806 0.1764 0.0201 0.0029 2.979e-12 
rs11716727:C:T 0.262 0.0348 0.003 3.236e-30 0.2621 6e-04 0.003 0.8537 0.262 0.0306 0.003 7.37e-24 
rs11722554:G:A 0.0377 -0.0397 0.0066 1.424e-09 0.0379 0.0109 0.0063 0.0843 0.0377 -0.0326 0.0065 5.345e-07 
rs11727676:T:C 0.9108 -0.0339 0.0041 2.744e-16 0.9116 0.0153 0.004 0.0001191 0.911 -0.024 0.0041 4.944e-09 
rs11756568:A:T 0.7378 -0.0158 0.0027 3.673e-09 0.7395 -0.0038 0.0026 0.1396 0.7377 -0.016 0.0027 1.908e-09 
rs11770285:C:G 0.9001 0.0361 0.0041 8.463e-19 0.8991 -0.0086 0.0039 0.02912 0.9001 0.0289 0.0041 1.273e-12 
rs11992444:G:T 0.5085 0.0215 0.0027 7.288e-16 0.5085 0.0021 0.0026 0.4339 0.5085 0.0189 0.0027 1.29e-12 
rs12061508:G:A 0.21 0.0181 0.0029 2.337e-10 0.2077 0.0047 0.0028 0.08618 0.2097 0.0179 0.0028 2.966e-10 
rs12138803:C:T 0.2 0.0345 0.0026 6.966e-40 0.1869 -0.0027 0.0025 0.2858 0.1984 0.0294 0.0026 1.029e-29 
rs12185233:G:C 0.2132 0.0211 0.0028 5.038e-14 0.2124 0.0038 0.0027 0.1553 0.213 0.0215 0.0028 7.884e-15 
rs12192658:G:A 0.0992 -0.0238 0.004 2.468e-09 0.0978 0.0042 0.0039 0.2763 0.0991 -0.0187 0.004 2.47e-06 
rs12328675:T:C 0.8703 0.0759 0.0035 8.92e-104 0.8686 -0.0197 0.0033 3.979e-09 0.8701 0.0598 0.0035 8.866e-66 
rs12340775:G:A 0.0578 -0.0319 0.0054 4.371e-09 0.0587 0.005 0.0052 0.3409 0.0578 -0.0245 0.0054 6.062e-06 
rs12369214:G:A 0.394 0.02 0.0025 3.985e-16 0.3979 -0.0038 0.0024 0.1114 0.3946 0.0151 0.0024 6.749e-10 
rs12441543:G:A 0.2896 -0.0204 0.0026 6.379e-15 0.2891 0.0079 0.0025 0.001784 0.2896 -0.0151 0.0026 7.402e-09 
rs12454712:T:C 0.6247 0.0312 0.0025 1.957e-36 0.6251 -0.0108 0.0024 5.619e-06 0.6248 0.0224 0.0024 7.149e-20 
rs12496583:A:G 0.7502 -0.0159 0.0026 1.197e-09 0.7507 -6e-04 0.0025 0.8164 0.7502 -0.0142 0.0026 4.866e-08 
rs1250259:T:A 0.7421 -0.0218 0.0027 1.042e-15 0.7429 0.0015 0.0026 0.5645 0.7421 -0.0182 0.0027 1.743e-11 
rs12543555:A:G 0.8097 -0.0173 0.0029 2.264e-09 0.8124 0.0065 0.0028 0.0179 0.8104 -0.0117 0.0029 4.306e-05 
rs12591294:T:C 0.7847 -0.0267 0.0029 1.857e-20 0.7857 0.0089 0.0028 0.00129 0.7848 -0.0195 0.0029 8.821e-12 
rs12675159:G:A 0.3235 0.0169 0.0028 3.057e-09 0.3235 -0.0057 0.0028 0.04167 0.3235 0.0127 0.0028 7.021e-06 
rs12817549:T:C 0.5521 -0.0164 0.0023 1.05e-12 0.5532 -0.0054 0.0022 0.01342 0.5523 -0.0162 0.0023 1.414e-12 
rs1294420:C:T 0.5363 0.0293 0.0023 1.639e-37 0.5371 -0.0041 0.0022 0.05931 0.5364 0.0239 0.0023 9.434e-26 
rs12983546:G:T 0.4704 -0.0176 0.0027 4.533e-11 0.4704 -4e-04 0.0026 0.8799 0.4704 -0.0156 0.0027 4.271e-09 
rs13107325:C:T 0.0807 -0.0345 0.0046 5.74e-14 0.0826 0.0452 0.0044 9.328e-25 0.0811 -0.0109 0.0046 0.01631 
rs1316979:C:T 0.0651 0.0293 0.0047 5.456e-10 0.0647 -0.0153 0.0045 0.0007671 0.0651 0.0187 0.0047 7.164e-05 
rs13223303:T:C 0.7067 0.0188 0.0029 1.261e-10 0.7067 2e-04 0.0029 0.9352 0.7067 0.0171 0.0029 4.25e-09 
rs13229464:C:T 0.316 -0.0172 0.0029 2.37e-09 0.3161 0.009 0.0028 0.001501 0.3161 -0.0103 0.0029 0.0003388 
rs13232403:G:A 0.2688 -0.0186 0.003 6.869e-10 0.2688 0.0016 0.003 0.5885 0.2688 -0.0152 0.003 4.63e-07 
rs13234914:A:G 0.6579 -0.0164 0.0025 6.377e-11 0.6565 0.0011 0.0024 0.6549 0.6577 -0.0141 0.0025 1.734e-08 
rs13256367:A:C 0.6529 0.0262 0.0025 9.716e-26 0.6519 -0.0035 0.0024 0.1484 0.6528 0.0216 0.0025 3.421e-18 
rs13306567:C:G 0.947 0.0296 0.0051 4.692e-09 0.9472 -0.0123 0.0049 0.01173 0.947 0.0196 0.0051 0.0001074 
rs1334576:G:A 0.4252 -0.0152 0.0024 2.3e-10 0.4251 -0.0034 0.0023 0.1433 0.4252 -0.0154 0.0024 1.004e-10 
rs13404250:C:T 0.3285 -0.0238 0.0025 3.438e-22 0.331 -0.0042 0.0023 0.07278 0.3289 -0.0228 0.0024 8.266e-21 
rs1340819:A:C 0.6624 0.0149 0.0024 7.036e-10 0.663 -0.002 0.0023 0.3872 0.6625 0.0129 0.0024 8.71e-08 
rs139271800:A:G 0.9991 0.31 0.0483 1.426e-10 0.9991 -0.0816 0.0477 0.08699 0.9991 0.2276 0.0483 2.43e-06 
rs1396514:C:T 0.5109 -0.0363 0.0023 1.542e-56 0.5089 0.0093 0.0022 1.901e-05 0.5103 -0.0281 0.0023 1.954e-35 
rs140201358:C:G 0.9867 -0.0977 0.0116 3.493e-17 0.9867 0.0281 0.0114 0.01411 0.9867 -0.0707 0.0116 1.005e-09 
rs140664623:G:T 0.0229 -0.0646 0.009 7.543e-13 0.0229 0.0221 0.0089 0.01296 0.0229 -0.0473 0.009 1.411e-07 
rs144033177:A:C 0.9847 -0.0898 0.0111 7.319e-16 0.9847 0.0099 0.011 0.3683 0.9847 -0.0738 0.0111 3.109e-11 
rs145878042:A:G 0.9897 0.1048 0.0132 1.74e-15 0.9897 -0.0386 0.013 0.002951 0.9897 0.0758 0.0131 8.241e-09 
rs146385050:C:A 0.1764 0.0208 0.0035 3.323e-09 0.1764 -0.0047 0.0035 0.1742 0.1764 0.0162 0.0035 4.18e-06 
rs1468602:T:C 0.9758 0.0482 0.0075 1.152e-10 0.9763 -0.0172 0.0071 0.01583 0.976 0.0363 0.0074 8.328e-07 
rs148358468:G:A 0.048 0.0431 0.0062 4.853e-12 0.048 -0.011 0.0061 0.07207 0.048 0.0336 0.0062 6.796e-08 
rs150090666:C:T 0.001 -0.3627 0.0463 4.556e-15 0.001 0.1329 0.0456 0.003543 0.001 -0.2569 0.0462 2.666e-08 
rs1520325:C:T 0.2277 0.0165 0.0028 2.286e-09 0.2292 -0.0055 0.0026 0.03534 0.2279 0.0118 0.0027 1.808e-05 
rs1522811:C:A 0.226 -0.0229 0.0028 5.307e-16 0.2259 0.0066 0.0027 0.01601 0.226 -0.017 0.0028 1.641e-09 
rs1534696:C:A 0.5691 -0.0395 0.0023 8.103e-64 0.5746 2e-04 0.0022 0.9161 0.5705 -0.0341 0.0023 3.998e-49 
rs1535179:A:G 0.9346 -0.0296 0.0048 4.616e-10 0.9351 -0.0058 0.0046 0.2094 0.9346 -0.0302 0.0047 1.835e-10 
rs1578916:C:T 0.2401 0.0183 0.0028 7.399e-11 0.2423 -0.0028 0.0027 0.2966 0.2401 0.0145 0.0028 2.46e-07 
rs1635853:T:G 0.4142 0.0159 0.0023 7.518e-12 0.4138 -0.01 0.0022 6.256e-06 0.4141 0.009 0.0023 9.867e-05 
rs16907277:A:G 0.89 -0.0273 0.0039 2.823e-12 0.8892 0.0102 0.0038 0.007296 0.89 -0.0185 0.0039 2.138e-06 
rs16935416:G:A 0.0955 -0.0258 0.0042 6.535e-10 0.0962 -0.0024 0.004 0.5461 0.0955 -0.023 0.0042 3.383e-08 
rs16975388:C:G 0.7814 0.0185 0.003 6.032e-10 0.7786 0.0041 0.0029 0.1534 0.7812 0.0192 0.003 1.252e-10 
rs16978854:G:A 0.0373 -0.0415 0.0064 7.513e-11 0.0375 0.0092 0.0062 0.1346 0.0373 -0.0326 0.0064 3.148e-07 
rs17101456:A:G 0.8799 -0.0368 0.0037 2.993e-23 0.88 5e-04 0.0036 0.8905 0.8799 -0.0315 0.0037 1.432e-17 
rs17184382:A:C 0.5708 0.0142 0.0023 1.303e-09 0.569 -0.0022 0.0022 0.3167 0.5705 0.0121 0.0023 2.068e-07 
rs17292540:G:C 0.224 -0.0179 0.0028 2.142e-10 0.2237 -0.0015 0.0027 0.5885 0.224 -0.0161 0.0028 9.973e-09 
rs17326656:G:T 0.2348 0.0249 0.0028 9.436e-19 0.2348 0.0026 0.0027 0.3434 0.2348 0.0235 0.0028 5.228e-17 
rs17437657:G:A 0.0875 -0.0421 0.0044 4.572e-22 0.0883 0.0214 0.0042 4.007e-07 0.0875 -0.0284 0.0043 6.624e-11 
rs17451107:T:C 0.6167 0.0309 0.0024 3.501e-39 0.6172 -0.002 0.0023 0.388 0.6168 0.0279 0.0023 1.321e-32 
rs17457629:A:T 0.7241 0.0185 0.0027 8.63e-12 0.7226 -9e-04 0.0026 0.7234 0.7241 0.016 0.0027 2.908e-09 
rs174829:A:G 0.3515 -0.0153 0.0026 3.004e-09 0.3513 -4e-04 0.0025 0.8591 0.3516 -0.0143 0.0026 2.801e-08 
rs1800978:C:G 0.8793 0.0324 0.0035 5.107e-20 0.8801 -0.0105 0.0034 0.001831 0.8794 0.0247 0.0035 1.921e-12 
rs1877569:G:A 0.1926 0.0188 0.0029 1.522e-10 0.1931 -0.0022 0.0028 0.4299 0.1927 0.0147 0.0029 4.504e-07 
rs1902066:T:C 0.4457 -0.0214 0.0024 3.11e-19 0.4459 0.001 0.0023 0.6651 0.4458 -0.0186 0.0024 4.948e-15 
rs1983189:A:G 0.3167 0.0239 0.0026 9.654e-21 0.317 -0.0066 0.0025 0.007924 0.3167 0.0171 0.0026 2.119e-11 
rs1997833:T:C 0.7071 -0.0164 0.0025 7.945e-11 0.7089 4e-04 0.0024 0.8822 0.7076 -0.0141 0.0025 1.409e-08 
rs2028386:C:G 0.4806 -0.0146 0.0024 8.889e-10 0.4769 0.0072 0.0023 0.00169 0.48 -0.0096 0.0024 5.254e-05 
rs20478:G:A 0.0982 0.0259 0.004 1.065e-10 0.0983 0.0079 0.0039 0.04095 0.0982 0.0275 0.004 6.633e-12 
rs2072209:A:G 0.927 0.028 0.0046 1.604e-09 0.9269 -0.0052 0.0045 0.2442 0.927 0.0233 0.0046 4.874e-07 
rs2075665:A:T 0.6239 0.0164 0.0025 2.13e-11 0.6247 -0.0064 0.0024 0.006783 0.624 0.0125 0.0024 3.406e-07 
rs2153155:C:T 0.6491 -0.0182 0.0025 3.659e-13 0.6474 0.0026 0.0024 0.2776 0.6496 -0.015 0.0025 2.15e-09 
rs2166365:A:G 0.7771 0.0175 0.0029 1.943e-09 0.776 4e-04 0.0028 0.8974 0.777 0.0154 0.0029 1.102e-07 
rs2207132:G:A 0.0324 0.0694 0.0075 2.219e-20 0.0324 -0.0266 0.0074 0.0003308 0.0324 0.0505 0.0075 1.513e-11 
rs2236519:G:A 0.3679 0.0347 0.0025 6.995e-45 0.3673 -0.0105 0.0024 1.026e-05 0.3678 0.026 0.0025 3.333e-26 
rs2270445:A:G 0.5126 -0.0166 0.0024 3.292e-12 0.5142 0.0058 0.0023 0.01137 0.5128 -0.0114 0.0024 1.531e-06 
rs2272790:G:A 0.6938 -0.0153 0.0026 2.82e-09 0.6941 0.0048 0.0025 0.05519 0.6938 -0.0119 0.0026 3.425e-06 
rs2277339:T:G 0.8932 -0.0232 0.0039 2.985e-09 0.8931 0.0057 0.0038 0.1302 0.8932 -0.0184 0.0039 2.587e-06 
rs2294239:A:G 0.568 0.0256 0.0023 4.212e-28 0.5671 -0.001 0.0022 0.6688 0.5679 0.0225 0.0023 2.58e-22 
rs2300481:C:T 0.3916 0.0211 0.0025 9.279e-18 0.3935 0.0011 0.0024 0.6437 0.3915 0.0195 0.0025 1.922e-15 
rs2320125:T:C 0.3497 0.0151 0.0025 1.361e-09 0.349 0.0026 0.0024 0.2824 0.3497 0.015 0.0025 1.92e-09 
rs2369633:T:C 0.0958 -0.0379 0.0041 3.762e-20 0.0968 0.0047 0.004 0.2327 0.0959 -0.0315 0.0041 1.758e-14 
rs2373078:C:T 0.0988 0.033 0.0038 8.824e-18 0.097 -5e-04 0.0037 0.8996 0.0986 0.0281 0.0038 2.379e-13 
rs244723:G:A 0.5294 0.017 0.0027 2.858e-10 0.5294 -0.0063 0.0026 0.01695 0.5294 0.0128 0.0027 1.995e-06 
rs2459732:C:T 0.4502 -0.018 0.0024 4.585e-14 0.4494 0.001 0.0023 0.6767 0.4501 -0.0158 0.0024 2.878e-11 
rs2474714:A:G 0.5657 0.0153 0.0024 1.547e-10 0.5646 0.0036 0.0023 0.1218 0.5655 0.0146 0.0024 9.377e-10 
rs2503100:A:G 0.835 -0.0364 0.0031 4.051e-31 0.8365 -0.0039 0.003 0.1945 0.8352 -0.0333 0.0031 1.485e-26 
rs2645294:C:T 0.5574 0.0348 0.0023 2.862e-51 0.5558 -0.0108 0.0022 8.355e-07 0.5571 0.0269 0.0023 1.14e-31 
rs2682386:C:T 0.3687 0.0148 0.0024 3.356e-10 0.3676 -0.0098 0.0023 1.473e-05 0.3684 0.0087 0.0023 0.0002095 
rs2701013:T:G 0.6683 -0.0157 0.0025 5.848e-10 0.6698 0.0044 0.0024 0.06777 0.6683 -0.0123 0.0025 1.004e-06 
rs2791550:T:G 0.247 -0.0576 0.0024 1.04e-124 0.2311 0.0092 0.0023 6.606e-05 0.2473 -0.0458 0.0024 9.919e-80 
rs2836162:A:G 0.6016 0.02 0.0024 1.954e-17 0.597 -0.004 0.0023 0.07723 0.6016 0.0154 0.0023 4.935e-11 
rs28378811:T:G 0.4709 0.0194 0.0027 4.084e-13 0.4709 -0.0044 0.0026 0.09563 0.4709 0.0146 0.0027 5.012e-08 
rs28562046:C:G 0.2433 -0.0191 0.0031 6.835e-10 0.2433 0.0015 0.0031 0.6165 0.2432 -0.016 0.0031 2.256e-07 
rs2925128:C:T 0.3683 -0.0201 0.0024 2.396e-16 0.3664 0.0055 0.0024 0.01918 0.3679 -0.0153 0.0024 2.87e-10 
rs2925979:T:C 0.296 0.045 0.0025 2.286e-72 0.2951 -0.0026 0.0024 0.2672 0.2958 0.0375 0.0025 1.218e-51 
rs2993481:A:T 0.6533 -0.0218 0.003 6.206e-13 0.624 -2e-04 0.0029 0.9531 0.6501 -0.0175 0.003 6.29e-09 
rs299615:G:A 0.1502 -0.0191 0.0033 4.804e-09 0.1481 -0.002 0.0031 0.5348 0.1502 -0.0178 0.0033 4.4e-08 
rs332105:G:A 0.5542 -0.0191 0.0024 2.413e-15 0.5514 -0.0015 0.0023 0.5025 0.5539 -0.0176 0.0024 1.931e-13 
rs34000:T:C 0.6016 0.019 0.0025 1.145e-14 0.6037 -0.0034 0.0024 0.157 0.6016 0.0162 0.0025 4.024e-11 
rs34311866:T:C 0.8232 -0.0301 0.0035 8.735e-18 0.8232 0.0029 0.0034 0.3931 0.8232 -0.0247 0.0035 1.589e-12 
rs34699:G:T 0.5828 -0.0147 0.0024 8.338e-10 0.5859 -0.0048 0.0023 0.03821 0.5833 -0.0143 0.0024 1.966e-09 
rs34781:C:T 0.3016 -0.018 0.0026 4.247e-12 0.303 0.003 0.0025 0.2251 0.3016 -0.0146 0.0026 1.961e-08 
rs351407:C:T 0.3708 -0.0159 0.0024 8.352e-11 0.3704 0.0011 0.0024 0.6386 0.3707 -0.0136 0.0024 2.477e-08 
rs35632432:G:A 0.31 -0.0177 0.0029 9.918e-10 0.31 0.0061 0.0029 0.03397 0.31 -0.013 0.0029 6.748e-06 
rs3741378:C:T 0.1445 -0.0293 0.0033 8.758e-19 0.1453 0.0026 0.0032 0.4083 0.1446 -0.0247 0.0033 6.486e-14 
rs3749748:C:T 0.2347 -0.0176 0.0028 2.385e-10 0.233 -7e-04 0.0027 0.8071 0.2345 -0.0159 0.0028 9.883e-09 
rs3773240:C:T 0.2332 0.0173 0.0028 6.391e-10 0.2328 -0.0082 0.0027 0.002252 0.2332 0.0119 0.0028 1.97e-05 
rs3792751:C:T 0.3639 0.0178 0.0024 5.207e-14 0.3626 -0.0055 0.0023 0.01507 0.3637 0.0138 0.0024 3.903e-09 
rs3803042:G:A 0.4304 0.0303 0.0024 5.363e-36 0.4312 -0.0019 0.0023 0.4112 0.4306 0.0261 0.0024 2.086e-27 
rs3843375:G:A 0.4062 0.0163 0.0027 1.567e-09 0.4063 0.002 0.0027 0.4586 0.4063 0.0151 0.0027 1.886e-08 
rs39312:A:C 0.6204 -0.0172 0.0024 5.896e-13 0.6168 -0.0022 0.0023 0.3385 0.6199 -0.017 0.0024 9.651e-13 
rs3936510:G:T 0.1964 0.0491 0.0029 4.283e-64 0.1956 -0.0032 0.0028 0.2444 0.1963 0.0422 0.0029 2.59e-48 
rs4081724:G:A 0.1389 -0.0397 0.0034 4.397e-32 0.1397 0.014 0.0032 1.208e-05 0.1391 -0.0297 0.0033 5.762e-19 
rs41277978:C:A 0.0072 0.1028 0.0158 6.768e-11 0.0072 -0.0228 0.0155 0.1424 0.0072 0.0812 0.0157 2.424e-07 
rs4130827:T:G 0.7053 -0.024 0.0027 6.686e-19 0.7031 0.0035 0.0026 0.1837 0.7053 -0.0198 0.0027 1.932e-13 
rs4243085:G:C 0.758 -0.0195 0.0031 3.597e-10 0.758 0.0078 0.0031 0.0105 0.758 -0.0129 0.0031 3.381e-05 
rs4246243:A:C 0.4863 -0.0159 0.0024 2.285e-11 0.4882 0.0027 0.0023 0.2288 0.4863 -0.0129 0.0024 4.633e-08 
rs4285804:T:A 0.5528 0.0191 0.0023 1.068e-16 0.5522 -0.0099 0.0022 6.864e-06 0.5527 0.0123 0.0023 7.8e-08 
rs4371408:A:G 0.6348 0.0164 0.0025 1.941e-11 0.6356 0.0134 0.0024 1.644e-08 0.6349 0.0203 0.0024 9.244e-17 
rs4372913:A:G 0.7875 -0.019 0.0029 3.88e-11 0.7873 0.001 0.0028 0.7189 0.7875 -0.0162 0.0029 1.737e-08 
rs4474021:G:T 0.3075 0.016 0.0025 1.53e-10 0.3054 -0.0064 0.0024 0.00709 0.3073 0.0112 0.0025 6.497e-06 
rs4531856:C:T 0.6414 -0.027 0.0025 1.657e-27 0.6427 -0.0068 0.0024 0.004896 0.6414 -0.0264 0.0025 2.469e-26 
rs4671193:C:T 0.3555 -0.0208 0.0025 3.439e-17 0.3545 -0.0078 0.0024 0.001036 0.3558 -0.022 0.0025 5.768e-19 
rs4686696:G:A 0.3138 0.0188 0.0024 1.171e-14 0.3124 -0.0062 0.0023 0.007951 0.3136 0.014 0.0024 6.773e-09 
rs4871958:G:A 0.5076 0.0158 0.0023 5.904e-12 0.507 0.0059 0.0022 0.00629 0.5075 0.0164 0.0023 6.869e-13 
rs4894803:A:G 0.6013 0.0185 0.0024 3.137e-14 0.6016 0.0027 0.0024 0.2515 0.6014 0.0178 0.0024 2.332e-13 
rs4934618:G:A 0.4196 0.0177 0.0024 3.662e-13 0.4202 -0.0045 0.0023 0.05389 0.4195 0.0139 0.0024 1.079e-08 
rs4964656:G:C 0.3015 -0.0182 0.0026 2.976e-12 0.3004 -0.0098 0.0025 9.926e-05 0.3017 -0.0202 0.0026 1.219e-14 
rs501470:T:G 0.5029 0.0247 0.0023 4.218e-27 0.4985 -0.0105 0.0022 1.45e-06 0.5022 0.018 0.0023 1.965e-15 
rs5117:T:C 0.7667 0.027 0.0032 1.348e-17 0.7667 0.0098 0.0031 0.001736 0.7668 0.0278 0.0032 1.317e-18 
rs547943994:T:C 0.9999 0.8765 0.1488 3.845e-09 0.9999 -0.3129 0.1466 0.03281 0.9999 0.608 0.1485 4.254e-05 
rs552125:T:C 0.1183 -0.0221 0.0035 2.045e-10 0.1162 0.0064 0.0033 0.05193 0.1177 -0.0162 0.0034 2.129e-06 
rs55747707:G:A 0.1982 -0.0355 0.0033 2.19e-26 0.1982 0.0079 0.0033 0.01632 0.1982 -0.0277 0.0033 9.67e-17 
rs55818584:T:A 0.2311 -0.0192 0.0032 1.999e-09 0.2311 0.0041 0.0032 0.1904 0.2311 -0.0156 0.0032 1.029e-06 
rs55920843:T:G 0.9888 0.117 0.0126 1.894e-20 0.9888 -0.0162 0.0124 0.191 0.9888 0.0967 0.0126 1.688e-14 
rs56271783:G:C 0.0443 0.0885 0.0065 1.108e-41 0.0443 -0.0023 0.0065 0.7176 0.0443 0.0759 0.0065 2.987e-31 
rs59043281:G:A 0.2071 -0.0333 0.0033 5.33e-24 0.2071 0.0083 0.0032 0.01074 0.2071 -0.0254 0.0033 1.167e-14 
rs5997898:A:C 0.42 -0.0141 0.0024 4.392e-09 0.4198 0.0078 0.0023 0.0007527 0.42 -0.0084 0.0024 0.0004199 
rs605066:C:T 0.582 -0.0352 0.0024 3.518e-48 0.581 9e-04 0.0023 0.6883 0.5819 -0.0297 0.0024 5.727e-35 
rs6062344:C:T 0.5003 -0.0252 0.0025 8.181e-25 0.5012 0.0091 0.0024 0.0001395 0.5 -0.0185 0.0025 4.794e-14 
rs62070804:C:T 0.0175 0.0788 0.0102 9.661e-15 0.0175 -0.0274 0.01 0.006354 0.0175 0.0562 0.0102 3.159e-08 
rs62271373:T:A 0.0578 0.0688 0.0058 2.22e-32 0.0578 -0.01 0.0057 0.07965 0.0578 0.0568 0.0058 1.032e-22 
rs62319568:A:G 0.8559 -0.027 0.0038 9.657e-13 0.8559 -1e-04 0.0037 0.986 0.856 -0.0244 0.0038 1.019e-10 
rs6426912:T:C 0.1082 0.0252 0.0039 9.311e-11 0.1075 -0.0038 0.0037 0.3147 0.1082 0.0207 0.0039 8.96e-08 
rs6498114:G:T 0.7687 -0.0172 0.0028 1.466e-09 0.7704 0.0065 0.0027 0.01839 0.7689 -0.0126 0.0028 8.44e-06 
rs6688233:C:T 0.2382 0.028 0.0028 1.074e-23 0.2367 0.0023 0.0027 0.3849 0.238 0.0252 0.0028 1.123e-19 
rs6691427:G:C 0.4899 -0.0223 0.0027 4.803e-17 0.4899 0.0053 0.0026 0.04219 0.4899 -0.017 0.0027 1.563e-10 
rs6719428:T:C 0.7045 -0.0254 0.0026 2.583e-22 0.7027 9e-04 0.0025 0.7252 0.7045 -0.0224 0.0026 1.107e-17 
rs6795831:A:C 0.8163 0.052 0.003 4.652e-67 0.8187 -0.0047 0.0029 0.1028 0.8166 0.0443 0.003 1.329e-49 
rs6859752:C:T 0.3313 0.0159 0.0025 3.632e-10 0.333 0.0038 0.0025 0.1184 0.3309 0.0151 0.0025 2.768e-09 
rs6878122:G:A 0.6984 -0.0148 0.0025 4.821e-09 0.7012 0.0045 0.0024 0.05971 0.699 -0.01 0.0025 7.018e-05 
rs6905288:G:A 0.5736 0.0609 0.0024 3.87e-144 0.5736 -0.0105 0.0023 4.542e-06 0.5735 0.0497 0.0024 1.55e-98 
rs6932767:G:T 0.792 0.0179 0.003 1.584e-09 0.7909 0.0041 0.0029 0.1543 0.7918 0.0182 0.0029 6.325e-10 
rs6940715:A:C 0.8938 0.0277 0.0039 1.437e-12 0.8929 -0.0031 0.0038 0.4036 0.8937 0.0221 0.0039 1.454e-08 
rs695115:C:T 0.2963 0.0181 0.0029 6.775e-10 0.2963 -0.0064 0.0029 0.0275 0.2963 0.013 0.0029 8.673e-06 
rs7014168:G:A 0.2241 0.0169 0.0028 1.42e-09 0.2248 -0.0064 0.0026 0.01543 0.2243 0.0123 0.0028 8.829e-06 
rs7020604:A:G 0.6646 0.0189 0.0028 2.317e-11 0.6646 0.0019 0.0028 0.4879 0.6646 0.0173 0.0028 8.916e-10 
rs7086377:T:G 0.3944 0.0176 0.0024 3.601e-13 0.3931 0 0.0023 0.9855 0.3942 0.0157 0.0024 5.871e-11 
rs7102:T:C 0.646 -0.0186 0.0024 1.267e-14 0.6487 0.0019 0.0023 0.4178 0.6465 -0.0151 0.0024 2.587e-10 
rs711869:G:A 0.557 -0.0174 0.0024 4.828e-13 0.5573 -0.0016 0.0023 0.5006 0.557 -0.0162 0.0024 1.112e-11 
rs7119797:C:T 0.4888 -0.0154 0.0024 1.134e-10 0.4885 0.0018 0.0023 0.4423 0.4888 -0.0128 0.0024 7.462e-08 
rs71363019:C:T 0.0331 0.0455 0.0075 1.249e-09 0.0331 0.0227 0.0074 0.002075 0.0331 0.0508 0.0075 1.003e-11 
rs71439172:G:A 0.1429 -0.0294 0.0038 1.987e-14 0.1429 -0.0066 0.0038 0.0809 0.1429 -0.0294 0.0038 1.593e-14 
rs7154498:C:G 0.2841 0.0233 0.003 2.564e-15 0.2841 0.0028 0.0029 0.3296 0.2841 0.0214 0.0029 3.486e-13 
rs7221005:T:C 0.3271 0.0185 0.0026 5.374e-13 0.3298 -0.0023 0.0025 0.3623 0.3271 0.0155 0.0026 1.643e-09 
rs727428:T:C 0.455 0.0186 0.0024 8.728e-15 0.4559 -0.0056 0.0023 0.01619 0.4548 0.0141 0.0024 4.343e-09 
rs7279347:G:A 0.5062 -0.0152 0.0024 2.494e-10 0.5056 0.0065 0.0023 0.00509 0.5061 -0.0106 0.0024 8.96e-06 
rs72801474:G:A 0.0881 -0.0314 0.0047 2.119e-11 0.0881 -0.0022 0.0046 0.6295 0.0881 -0.0293 0.0047 3.551e-10 
rs72837816:A:C 0.9022 0.0396 0.0045 9.512e-19 0.9022 -0.0141 0.0044 0.001389 0.9022 0.0275 0.0045 7.781e-10 
rs72959041:G:A 0.0473 0.2165 0.0063 6.05e-255 0.0473 -0.0258 0.0063 3.79e-05 0.0473 0.1791 0.0063 1.7e-175 
rs7372321:T:C 0.0989 -0.0496 0.004 1.31e-35 0.0982 0.0087 0.0038 0.02285 0.0989 -0.0405 0.004 1.919e-24 
rs7395513:G:A 0.439 -0.027 0.0027 1.103e-23 0.4391 -5e-04 0.0026 0.8397 0.439 -0.0237 0.0027 8.584e-19 
rs7451021:T:C 0.3191 -0.0177 0.0025 3.374e-12 0.3196 0.0101 0.0025 4.107e-05 0.3191 -0.0118 0.0025 3.623e-06 
rs747249:A:G 0.3597 0.0161 0.0025 1.019e-10 0.3602 0.002 0.0024 0.412 0.3597 0.0151 0.0025 9.222e-10 
rs74809942:T:C 0.9169 0.0288 0.0048 2.307e-09 0.9169 -0.007 0.0047 0.1371 0.9169 0.0228 0.0048 1.995e-06 
rs7492628:C:G 0.6796 -0.0287 0.0026 1.448e-28 0.6794 0.0136 0.0025 4.598e-08 0.6796 -0.0192 0.0026 9.032e-14 
rs74963256:T:C 0.9036 -0.0314 0.0046 6.725e-12 0.9036 -0.001 0.0045 0.8167 0.9036 -0.0266 0.0046 5.039e-09 
rs757608:A:G 0.3205 0.0187 0.0024 1.979e-14 0.3191 -0.0068 0.0023 0.003594 0.3202 0.0131 0.0024 7.02e-08 
rs7585974:C:G 0.1824 0.0277 0.0034 7.283e-16 0.1824 -0.0072 0.0034 0.03304 0.1824 0.022 0.0034 1.512e-10 
rs76306613:G:T 0.14 0.0231 0.0039 1.954e-09 0.14 9e-04 0.0038 0.8154 0.14 0.021 0.0038 4.658e-08 
rs7679205:G:A 0.117 0.0244 0.0042 4.246e-09 0.117 0.0011 0.0041 0.7915 0.117 0.0214 0.0041 2.414e-07 
rs7680787:T:C 0.6478 0.0159 0.0024 2.389e-11 0.6484 -0.0052 0.0023 0.02353 0.6479 0.0111 0.0024 2.719e-06 
rs7783857:C:G 0.731 -0.0315 0.0025 4.095e-35 0.7337 0.0087 0.0024 0.0003345 0.7317 -0.0239 0.0025 1.924e-21 
rs7795371:A:G 0.5623 0.0218 0.0024 1.102e-19 0.5586 -0.0112 0.0023 1.315e-06 0.5618 0.0141 0.0024 3.812e-09 
rs7813520:C:T 0.6957 0.0154 0.0025 1.321e-09 0.6934 -3e-04 0.0024 0.9163 0.6954 0.0129 0.0025 3.303e-07 
rs7834111:T:C 0.5761 0.0171 0.0024 1.004e-12 0.5772 -0.0042 0.0023 0.07043 0.5763 0.0134 0.0024 2.086e-08 
rs7858732:A:G 0.7516 -0.016 0.0027 4.223e-09 0.7527 0.0071 0.0026 0.007228 0.7516 -0.011 0.0027 5.66e-05 
rs7903146:C:T 0.2786 0.0216 0.0025 1.543e-17 0.2768 -0.0148 0.0024 8.234e-10 0.2786 0.0122 0.0025 1.449e-06 
rs7932891:A:G 0.2959 0.0172 0.0026 6.605e-11 0.2963 9e-04 0.0026 0.7148 0.2959 0.0157 0.0026 2.599e-09 
rs7954697:C:A 0.6107 0.0161 0.0023 4.594e-12 0.6138 2e-04 0.0022 0.9306 0.6113 0.0133 0.0023 9.138e-09 
rs797486:C:A 0.8936 0.0376 0.0035 4.316e-27 0.8966 0.004 0.0033 0.2309 0.894 0.0357 0.0035 7.659e-25 
rs7993238:A:C 0.6519 -0.0147 0.0025 3.888e-09 0.6547 0.0041 0.0024 0.09101 0.6523 -0.011 0.0025 8.676e-06 
rs8054299:C:G 0.6859 0.0205 0.0026 1.873e-15 0.6855 -0.0047 0.0025 0.05856 0.686 0.0167 0.0026 8.789e-11 
rs805768:C:T 0.24 0.0184 0.0031 4.653e-09 0.24 -0.0022 0.0031 0.4696 0.24 0.015 0.0031 1.649e-06 
rs8073599:T:C 0.3659 0.0143 0.0024 4.277e-09 0.3708 0.0015 0.0023 0.5286 0.3658 0.0135 0.0024 2.765e-08 
rs8074638:G:A 0.1919 0.021 0.0031 1.563e-11 0.1935 -0.0083 0.003 0.005604 0.1921 0.0138 0.0031 8.534e-06 
rs8078513:C:A 0.0526 0.0422 0.0055 1.28e-14 0.051 0.0053 0.0053 0.317 0.052 0.039 0.0054 6.346e-13 
rs8079062:A:G 0.922 -0.0394 0.0044 2.994e-19 0.9224 -1e-04 0.0043 0.9742 0.922 -0.0342 0.0044 6.511e-15 
rs8086644:G:A 0.1726 0.0189 0.0032 4.97e-09 0.1733 -0.0082 0.0031 0.008482 0.1726 0.0135 0.0032 2.979e-05 
rs8094261:G:C 0.7938 0.0187 0.0029 1.385e-10 0.7913 -0.0016 0.0028 0.5694 0.7932 0.0158 0.0029 3.895e-08 
rs8103017:C:G 0.7047 -0.0226 0.0029 1.475e-14 0.7047 0.0019 0.0029 0.5166 0.7047 -0.0191 0.0029 6.49e-11 
rs821107:A:C 0.2919 0.0208 0.0029 1.186e-12 0.2919 -0.0099 0.0029 0.0006514 0.2918 0.0138 0.0029 2.355e-06 
rs881299:T:C 0.5885 -0.0162 0.0027 1.894e-09 0.5886 -0.0132 0.0027 7.045e-07 0.5885 -0.0196 0.0027 3.402e-13 
rs890498:C:G 0.6539 -0.0205 0.0025 5.272e-16 0.6514 0.0044 0.0024 0.06954 0.6544 -0.015 0.0025 3.068e-09 
rs905938:T:C 0.7232 0.0322 0.0026 1.408e-34 0.7196 -0.0139 0.0025 2.623e-08 0.7223 0.0212 0.0026 3.899e-16 
rs910382:G:A 0.4926 -0.0255 0.0024 8.896e-27 0.4914 -7e-04 0.0023 0.7695 0.4924 -0.0232 0.0024 1.167e-22 
rs917191:G:C 0.5697 0.022 0.0024 1.042e-19 0.5684 -0.0048 0.0023 0.04301 0.5694 0.0171 0.0024 1.397e-12 
rs931619:A:G 0.358 0.0145 0.0024 1.957e-09 0.3626 -8e-04 0.0023 0.7369 0.3589 0.0127 0.0024 1.235e-07 
rs9415106:G:A 0.7127 0.0172 0.0026 6.705e-11 0.7118 -0.0065 0.0025 0.01008 0.7128 0.0129 0.0026 9.766e-07 
rs9436299:C:A 0.6571 0.0172 0.0026 2.931e-11 0.6537 0.0013 0.0025 0.6057 0.6571 0.016 0.0026 6.836e-10 
rs952632:A:G 0.6568 0.0563 0.0025 2.8e-111 0.6551 -0.0141 0.0024 6.429e-09 0.6565 0.0432 0.0025 7.011e-67 
rs954244:C:G 0.7557 -0.0205 0.0028 1.969e-13 0.7579 0.005 0.0027 0.0609 0.7559 -0.0154 0.0028 3.239e-08 
rs9644033:A:T 0.7544 0.0379 0.0028 3.001e-42 0.7535 6e-04 0.0027 0.8094 0.7544 0.0334 0.0028 2.89e-33 
rs9674436:A:G 0.465 0.0171 0.0027 1.705e-10 0.465 0.0013 0.0026 0.6272 0.465 0.016 0.0027 2.139e-09 
rs9678859:A:G 0.1818 0.0228 0.0031 1.618e-13 0.1822 2e-04 0.003 0.9484 0.1819 0.0205 0.0031 2.897e-11 
rs979012:T:C 0.3636 0.0204 0.0024 1.904e-17 0.3633 -0.0167 0.0023 2.716e-13 0.3635 0.0099 0.0024 3.431e-05 
rs9848655:G:A 0.1564 0.0288 0.0031 4.297e-20 0.1565 -0.0129 0.003 1.822e-05 0.1564 0.0214 0.0031 7.686e-12 
rs9871235:G:A 0.6148 0.0144 0.0024 9.592e-10 0.6144 -0.0088 0.0023 9.135e-05 0.6147 0.0086 0.0023 0.0002083 
rs988799:G:C 0.789 -0.0229 0.0029 3.136e-15 0.7887 0.0012 0.0028 0.6729 0.789 -0.0193 0.0029 2.2e-11 
rs9892728:C:T 0.4501 0.0198 0.0027 1.243e-13 0.4501 -0.0069 0.0026 0.008839 0.4501 0.0153 0.0027 9.197e-09 
rs9991328:C:T 0.4739 0.0405 0.0023 5.335e-70 0.4745 -0.0049 0.0022 0.0247 0.4741 0.0331 0.0023 1.176e-48 
