SNP Chr.ref.males Pos.ref.males A1.combined A2.combined frqA1.combined beta.combined se.combined pval.combined dir.combined nmeta.combined info.combined frqA1.females beta.females se.females pval.females dir.females nmeta.females info.females frqA1.males beta.males se.males pval.males dir.males nmeta.males info.males psexdiff
rs10038055:G:T 5 88783421 T G 0.3637 0.0155 0.002 5.96e-15 +? 484680 0.98734 0.3638 0.0173 0.0027 2.681e-10 +? 262817 0.98734 0.3637 0.0142 0.003 2.306e-06 +? 221863 0.98734 0.432818770152775
rs1035010:C:T 7 69598328 T C 0.2517 0.0139 0.002 2.014e-12 ++ 664340 0.999241 0.247 0.0154 0.0027 6.023e-09 ++ 369162 0.999241 0.251 0.0121 0.0029 3.565e-05 ++ 297889 0.999241 0.395001948143658
rs10819190:G:A 9 129408513 A G 0.3831 0.0108 0.0018 1.038e-09 ++ 717660 0.985614 0.3809 0.0136 0.0024 1.098e-08 ++ 394406 0.985614 0.3807 0.0092 0.0026 0.0003996 ++ 325965 0.985614 0.204092469843284
rs12681744:A:G 8 77174390 A G 0.5145 -0.0175 0.0017 6.958e-25 -- 718486 0.996291 0.5135 -0.0191 0.0023 6.086e-17 -- 394827 0.996291 0.5134 -0.0147 0.0025 3.953e-09 -- 326370 0.996291 0.185903187938592
rs12705979:C:T 7 114334571 T C 0.4772 0.0117 0.0017 4.155e-12 ++ 718626 0.99676 0.4773 0.0157 0.0023 6.123e-12 ++ 394891 0.99676 0.4777 0.0083 0.0025 0.0008557 ++ 326446 0.99676 0.0261012119587215
rs13196785:G:C 6 34808821 C G 0.1135 0.0136 0.0027 7.281e-07 ++ 717309 0.999982 0.1143 0.0154 0.0037 2.877e-05 ++ 394074 0.999982 0.1144 0.0128 0.004 0.001473 ++ 325945 0.999982 0.626030599374226
rs13337696:C:T 16 53829192 T C 0.0226 -0.0189 0.0057 0.000925 -- 760436 0.996012 0.0228 -0.0244 0.0077 0.001609 -- 409360 0.996012 0.0226 -0.0158 0.0083 0.05649 -- 352610 0.996012 0.437879905724886
rs139531:A:G 22 41676176 A G 0.7424 0.0116 0.0019 1.756e-09 ++ 718604 0.997185 0.7435 0.0154 0.0026 2.415e-09 ++ 394868 0.997185 0.7444 0.0059 0.0028 0.03824 ++ 326447 0.997185 0.0111105886680855
rs1401635:C:G 11 27693991 C G 0.3311 0.0295 0.0017 9.569e-65 ++ 800979 0.998052 0.3329 0.0291 0.0023 1.414e-35 ++ 431394 0.998052 0.3339 0.0313 0.0025 1.008e-35 ++ 372296 0.998052 0.508357069771707
rs17713879:G:A 2 254215 A G 0.3495 -0.0102 0.0018 6.7e-09 -- 718650 0.996972 0.3481 -0.0116 0.0024 9.906e-07 -- 394903 0.996972 0.348 -0.008 0.0026 0.001858 -- 326458 0.996972 0.298770832415335
rs17744531:G:A 2 25302846 A G 0.2962 0.0213 0.0019 9.701e-30 ++ 718351 0.993484 0.2974 0.0274 0.0025 3.792e-27 ++ 394750 0.993484 0.2973 0.0119 0.0028 1.799e-05 ++ 326312 0.993484 2.47697963580209e-05
rs2074613:C:T 5 139714564 T C 0.5662 0.0115 0.0017 1.837e-11 ++ 715988 1 0.5669 0.0151 0.0023 5.484e-11 ++ 393481 1 0.5671 0.0067 0.0025 0.007483 ++ 325218 1 0.0115587043798911
rs208015:T:C 17 46252346 T C 0.07 0.0352 0.0033 7.174e-26 ++ 718529 0.995504 0.0701 0.0348 0.0045 1.215e-14 ++ 394847 0.995504 0.0703 0.0365 0.0049 8.718e-14 ++ 326393 0.995504 0.794118248047828
rs2229616:C:T 18 58039276 T C 0.0191 -0.1051 0.0059 3.624e-70 -- 771956 1 0.019 -0.1018 0.008 2.794e-37 -- 416943 1 0.019 -0.1087 0.0086 2.252e-36 -- 356538 1 0.548531632127365
rs2239304:A:G 16 4037394 A G 0.2642 -0.0115 0.002 4.192e-09 -- 717779 0.990305 0.2644 -0.0128 0.0027 1.409e-06 -- 394473 0.990305 0.2652 -0.0096 0.0029 0.0008786 -- 326016 0.990305 0.409481645363728
rs2635727:T:C 6 50820940 T C 0.246 -0.0275 0.0019 4.197e-49 -- 806758 0.995443 0.245 -0.0259 0.0025 8.469e-25 -- 434751 0.995443 0.2465 -0.0304 0.0027 1.185e-29 -- 374714 0.995443 0.211676979845217
rs2838769:G:A 21 46492270 A G 0.1757 -0.0092 0.0021 8.917e-06 -- 806683 1 0.1749 -0.0135 0.0028 1.43e-06 -- 434712 1 0.1735 -0.0061 0.003 0.04353 -- 374681 1 0.0655220535871505
rs323742:A:T 5 86769015 A T 0.9692 -0.0394 0.0054 2.906e-13 -- 709016 0.976189 0.9685 -0.0439 0.0073 1.827e-09 -- 387767 0.976189 0.9682 -0.0356 0.0079 6.997e-06 -- 323345 0.976189 0.430663104483918
rs62106258:T:C 2 417167 T C 0.9534 0.0912 0.0045 1.26e-91 +? 484680 1 0.9532 0.0989 0.0062 8.722e-58 +? 262817 1 0.9536 0.0811 0.0068 8.706e-33 +? 221863 1 0.0482174545641245
rs716764:T:C 3 82646519 T C 0.8306 0.0164 0.0022 2.824e-13 ++ 718678 0.996164 0.8306 0.02 0.003 4.894e-11 ++ 394918 0.996164 0.8308 0.0123 0.0033 0.0002087 ++ 326471 0.996164 0.0778633576368984
rs7377083:C:A 4 102708997 A C 0.4332 0.0198 0.0018 2.509e-28 ++ 662384 0.981024 0.433 0.0199 0.0024 3.834e-16 ++ 359906 0.981024 0.4363 0.0201 0.0026 2.876e-14 ++ 301422 0.981024 0.953966666282977
rs76488452:A:G 16 53756885 A G 0.9471 -0.0197 0.0043 3.747e-06 -? 484680 1 0.9476 -0.0166 0.0059 0.004737 -? 262817 1 0.9466 -0.0226 0.0064 0.0004043 -? 221863 1 0.481458363651262
rs8092503:A:G 18 52479487 A G 0.7693 -0.0162 0.0019 3.763e-17 -- 798682 0.982595 0.7694 -0.015 0.0026 7.698e-09 -- 430131 0.982595 0.7698 -0.0179 0.0028 1.283e-10 -- 371260 0.982595 0.438266038931052
rs9675886:A:G 18 57969322 A G 0.7089 -0.0348 0.0018 5.427e-83 -- 806632 1 0.7079 -0.0335 0.0024 7.719e-43 -- 434678 1 0.7061 -0.0366 0.0026 1.623e-44 -- 374664 1 0.370916882819988
rs992623:G:A 5 87840688 A G 0.1738 -0.0142 0.0021 1.615e-11 -- 798638 0.982277 0.1726 -0.0187 0.0029 7.362e-11 -- 430113 0.982277 0.1737 -0.0101 0.0031 0.001027 -- 371228 0.982277 0.0385392077743092
