SNP Chr.ref.males Pos.ref.males A1.combined A2.combined frqA1.combined beta.combined se.combined pval.combined dir.combined nmeta.combined info.combined frqA1.females beta.females se.females pval.females dir.females nmeta.females info.females frqA1.males beta.males se.males pval.males dir.males nmeta.males info.males psexdiff
rs10433609:T:A 3 51311574 A T 0.8146 0.0163 0.0022 3.507e-13 ++ 717977 0.99347 0.8138 0.0106 0.003 0.0004578 ++ 394551 0.99347 0.8144 0.0223 0.0033 1.321e-11 ++ 326136 0.99347 0.00738029837643486
rs11037464:C:T 11 43551096 T C 0.5152 0.0132 0.0019 7.92e-12 +? 484680 0.977492 0.5152 0.0103 0.0026 0.0001001 +? 262817 0.977492 0.5153 0.0173 0.0029 2.557e-09 +? 221863 0.977492 0.0664498539700255
rs11075764:C:G 16 70513384 C G 0.7211 0.0115 0.0021 7.204e-08 +? 484680 0.990181 0.7211 0.0078 0.0029 0.008201 +? 262817 0.990181 0.721 0.0164 0.0032 3.031e-07 +? 221863 0.990181 0.0419806497528522
rs11655587:C:T 17 47140794 T C 0.3572 -0.021 0.002 6.874e-26 -? 484680 0.991833 0.3577 -0.0213 0.0027 1.001e-14 -? 262817 0.991833 0.3567 -0.0204 0.003 1.175e-11 -? 221863 0.991833 0.81986203082442
rs16952479:A:T 16 53770578 A T 0.9484 -0.0182 0.004 6.623e-06 -- 684283 0.995143 0.9488 -0.0135 0.0055 0.01404 -- 382921 0.995143 0.948 -0.0236 0.0059 7.344e-05 -- 308959 0.995143 0.200952669760273
rs2178899:A:T 6 31606756 A T 0.8833 0.0243 0.0025 5.441e-23 ++ 797281 0.999857 0.8853 0.0248 0.0033 7.162e-14 ++ 429283 0.999857 0.886 0.0246 0.0036 5.412e-12 ++ 370709 0.999857 0.966638964288628
rs2229616:C:T 18 58039276 T C 0.0191 -0.1051 0.0059 3.624e-70 -- 771956 1 0.019 -0.1018 0.008 2.794e-37 -- 416943 1 0.019 -0.1087 0.0086 2.252e-36 -- 356538 1 0.548531632127365
rs2269553:G:A 6 28876509 A G 0.2128 -0.0117 0.0019 1.448e-09 -- 806779 0.999663 0.2129 -0.0071 0.0026 0.007105 -- 434762 0.999663 0.2114 -0.019 0.0028 2.233e-11 -- 374726 0.999663 0.00146927959192045
rs2370895:C:T 14 79502215 T C 0.3846 -0.0126 0.0018 1.31e-12 -- 718525 0.997639 0.3871 -0.0086 0.0024 0.0002996 -- 394836 0.997639 0.3861 -0.0176 0.0026 1.08e-11 -- 326399 0.997639 0.00938552979321898
rs2635727:T:C 6 50820940 T C 0.246 -0.0275 0.0019 4.197e-49 -- 806758 0.995443 0.245 -0.0259 0.0025 8.469e-25 -- 434751 0.995443 0.2465 -0.0304 0.0027 1.185e-29 -- 374714 0.995443 0.211676979845217
rs2710323:T:C 3 52815905 T C 0.5386 -0.0141 0.0016 3.653e-18 -- 806656 0.995711 0.5395 -0.0104 0.0022 1.653e-06 -- 434683 0.995711 0.5413 -0.0179 0.0023 2.452e-14 -- 374681 0.995711 0.0160971539517049
rs3101336:T:C 1 72751185 T C 0.3825 -0.0254 0.0016 4.804e-54 -- 801552 1 0.3814 -0.0226 0.0022 1.995e-24 -- 431737 1 0.3804 -0.0315 0.0024 2.534e-39 -- 372520 1 0.00524230001916594
rs3803522:A:G 15 68126675 A G 0.7856 -0.0155 0.002 7.691e-15 -- 806745 0.995745 0.7857 -0.0126 0.0027 2.334e-06 -- 434748 0.995745 0.7841 -0.0185 0.0029 1.259e-10 -- 374706 0.995745 0.12832600812473
rs41310284:C:A 10 102447647 A C 0.097 -0.029 0.0032 3.984e-19 -? 484680 0.982738 0.0971 -0.0247 0.0045 2.847e-08 -? 262817 0.982738 0.0969 -0.0359 0.0049 2.18e-13 -? 221863 0.982738 0.0855580303986599
rs4639527:A:G 2 416815 A G 0.7017 -0.0161 0.0018 3.072e-18 -- 717798 1 0.7028 -0.0136 0.0025 5.311e-08 -- 394478 1 0.7039 -0.02 0.0027 2.001e-13 -- 326031 1 0.0756819577002951
rs4949940:A:G 1 97157908 A G 0.6626 -0.0149 0.0018 7.202e-17 -- 718593 0.999257 0.6631 -0.012 0.0024 7.305e-07 -- 394878 0.999257 0.6624 -0.0198 0.0026 4.425e-14 -- 326425 0.999257 0.0243649844737239
rs62107261:T:C 2 422144 T C 0.9536 0.0909 0.0045 6.24e-90 +? 484680 0.99281 0.9534 0.0981 0.0062 3.155e-56 +? 262817 0.99281 0.9538 0.081 0.0068 2.163e-32 +? 221863 0.99281 0.0577276006943825
rs6884773:A:G 5 87715465 A G 0.7648 0.0183 0.002 1.56e-20 ++ 718656 0.996416 0.7666 0.0184 0.0027 4.88e-12 ++ 394910 0.996416 0.765 0.0189 0.0029 8.17e-11 ++ 326457 0.996416 0.897455796411086
rs7377083:C:A 4 102708997 A C 0.4332 0.0198 0.0018 2.509e-28 ++ 662384 0.981024 0.433 0.0199 0.0024 3.834e-16 ++ 359906 0.981024 0.4363 0.0201 0.0026 2.876e-14 ++ 301422 0.981024 0.953966666282977
rs938243:G:A 3 131559574 A G 0.9189 0.0197 0.0027 5.16e-13 ++ 794910 0.99644 0.9203 0.0164 0.0037 8.562e-06 ++ 428304 0.99644 0.9229 0.0246 0.004 5.528e-10 ++ 369316 0.99644 0.12430882161333
rs962369:T:C 11 27734420 T C 0.687 -0.0299 0.0018 3.361e-65 -- 806752 0.996637 0.6861 -0.0297 0.0024 6.665e-36 -- 434752 0.996637 0.685 -0.0313 0.0025 9.251e-35 -- 374710 0.996637 0.637256898301941
rs9953008:A:G 18 57962981 A G 0.6762 -0.0326 0.0017 2.779e-77 -- 806489 0.999617 0.6756 -0.0314 0.0024 4.626e-40 -- 434612 0.999617 0.6733 -0.0348 0.0025 7.096e-43 -- 374587 0.999617 0.316335221924522
