SNP Chr.ref.males Pos.ref.males A1.combined A2.combined frqA1.combined beta.combined se.combined pval.combined dir.combined nmeta.combined info.combined frqA1.females beta.females se.females pval.females dir.females nmeta.females info.females frqA1.males beta.males se.males pval.males dir.males nmeta.males info.males psexdiff
rs1006896:A:C 3 88104411 A C 0.8804 0.0227 0.0027 5.22e-17 ++ 718124 1 0.8781 0.0183 0.0036 4.794e-07 ++ 394641 1 0.8786 0.0279 0.004 2.3e-12 ++ 326194 1 0.0684884537646758
rs1008455:T:C 1 47673802 T C 0.1393 0.0106 0.0025 2.912e-05 ++ 718691 0.98962 0.1409 0.0096 0.0034 0.004998 ++ 394927 0.98962 0.1412 0.0121 0.0037 0.001283 ++ 326474 0.98962 0.611381292952643
rs10122636:C:T 9 103144579 T C 0.4329 0.0093 0.0019 1.591e-06 +? 484680 0.984634 0.4337 0.0095 0.0027 0.0003323 +? 262817 0.984634 0.4319 0.0079 0.0029 0.007077 +? 221863 0.984634 0.680044003747839
rs10146527:T:C 14 79499850 T C 0.6353 0.0126 0.0017 2.377e-13 ++ 793469 0.998494 0.6358 0.0091 0.0023 8.369e-05 ++ 428166 0.998494 0.6377 0.0168 0.0025 2.15e-11 ++ 368014 0.998494 0.0206187770675178
rs10514710:G:A 3 44883971 A G 0.198 -0.0116 0.002 1.272e-08 -- 806785 0.987141 0.1977 -0.0136 0.0028 7.568e-07 -- 434762 0.987141 0.1985 -0.0098 0.003 0.0009598 -- 374731 0.987141 0.344287705071568
rs1064939:A:T 11 118396331 A T 0.9783 0.0466 0.0066 1.884e-12 +? 484680 0.976745 0.9783 0.0479 0.0091 1.425e-07 +? 262817 0.976745 0.9783 0.0444 0.01 8.851e-06 +? 221863 0.976745 0.791499516044388
rs10786387:C:G 10 99861312 C G 0.6878 0.0164 0.0018 1.953e-19 ++ 718661 0.99248 0.6891 0.0174 0.0025 1.472e-12 ++ 394911 0.99248 0.6894 0.0152 0.0027 1.287e-08 ++ 326460 0.99248 0.54146024542608
rs10819190:G:A 9 129408513 A G 0.3831 0.0108 0.0018 1.038e-09 ++ 717660 0.985614 0.3809 0.0136 0.0024 1.098e-08 ++ 394406 0.985614 0.3807 0.0092 0.0026 0.0003996 ++ 325965 0.985614 0.204092469843284
rs10835482:C:T 11 29122702 T C 0.1294 -0.0143 0.0025 8.709e-09 -- 718404 0.988461 0.1287 -0.0135 0.0034 6.321e-05 -- 394778 0.988461 0.1286 -0.0155 0.0037 2.308e-05 -- 326337 0.988461 0.684388338282508
rs10838464:C:T 11 45425995 T C 0.3025 -0.0137 0.0018 1.507e-13 -- 718336 0.999485 0.3023 -0.0149 0.0025 1.983e-09 -- 394751 0.999485 0.3025 -0.0113 0.0027 2.755e-05 -- 326296 0.999485 0.317710428421134
rs11037464:C:T 11 43551096 T C 0.5152 0.0132 0.0019 7.92e-12 +? 484680 0.977492 0.5152 0.0103 0.0026 0.0001001 +? 262817 0.977492 0.5153 0.0173 0.0029 2.557e-09 +? 221863 0.977492 0.0664498539700255
rs11105423:A:G 12 90215064 A G 0.7579 0.0158 0.0022 1.277e-12 +? 484680 0.997088 0.7573 0.0176 0.0031 8.59e-09 +? 262817 0.997088 0.7587 0.0148 0.0034 1.129e-05 +? 221863 0.997088 0.534277986831975
rs11162405:A:G 1 78469660 A G 0.5936 0.0141 0.0016 1.111e-17 ++ 806381 0.995241 0.5937 0.0138 0.0022 4.617e-10 ++ 434512 0.995241 0.5922 0.0155 0.0024 6.362e-11 ++ 374537 0.995241 0.593855958138047
rs113230003:G:A 19 18460956 A G 0.264 -0.0185 0.0022 2.206e-17 -? 484680 0.979658 0.264 -0.0191 0.003 2.062e-10 -? 262817 0.979658 0.2639 -0.0182 0.0033 3.177e-08 -? 221863 0.979658 0.836720084198536
rs11659000:T:C 17 79982477 T C 0.8962 -0.0142 0.0031 5.895e-06 -? 484680 0.996644 0.8958 -0.0172 0.0043 6.407e-05 -? 262817 0.996644 0.8967 -0.0106 0.0047 0.02499 -? 221863 0.996644 0.290009994660266
rs11698188:C:G 20 30494568 C G 0.5016 0.0099 0.0019 2.081e-07 +? 484680 0.989552 0.5016 0.0124 0.0026 2.482e-06 +? 262817 0.989552 0.5015 0.0076 0.0029 0.008011 +? 221863 0.989552 0.208195010383778
rs11699828:G:A 20 62157198 A G 0.0344 -0.0371 0.0057 9.553e-11 -? 484680 0.834314 0.0342 -0.0375 0.0079 1.927e-06 -? 262817 0.834314 0.0345 -0.0321 0.0086 0.0001998 -? 221863 0.834314 0.636744999283054
rs11709077:G:A 3 12336507 A G 0.1041 0.017 0.0025 9.598e-12 ++ 806775 0.995899 0.1026 0.0182 0.0034 7.577e-08 ++ 434759 0.995899 0.1024 0.0166 0.0036 3.913e-06 ++ 374727 0.995899 0.741396433858676
rs117516426:C:T 19 47660977 T C 0.0764 0.0235 0.0036 8.287e-11 +? 484680 0.987632 0.0763 0.025 0.005 5.276e-07 +? 262817 0.987632 0.0766 0.0203 0.0054 0.0001861 +? 221863 0.987632 0.514247290487046
rs117632017:G:A 15 52260107 A G 0.0366 0.0372 0.0052 1.182e-12 +? 484680 0.937212 0.0366 0.0423 0.0072 4.509e-09 +? 262817 0.937212 0.0367 0.0267 0.0079 0.0007124 +? 221863 0.937212 0.136092865864306
rs118081010:C:T 11 46174948 T C 0.0165 0.0518 0.0075 5.277e-12 +? 484680 0.983418 0.0165 0.054 0.0104 1.927e-07 +? 262817 0.983418 0.0166 0.048 0.0113 2.164e-05 +? 221863 0.983418 0.689890596070869
rs11811805:G:C 1 78438903 C G 0.125 -0.0064 0.0024 0.008717 -- 706900 0.997232 0.1222 -0.0079 0.0033 0.01611 -- 388507 0.997232 0.1215 -0.0044 0.0036 0.2266 -- 321104 0.997232 0.464216885913552
rs11892647:C:T 2 25379019 T C 0.3313 0.0215 0.002 1.484e-26 +? 484680 0.996374 0.3313 0.0276 0.0028 2.315e-23 +? 262817 0.996374 0.3312 0.0119 0.003 8.513e-05 +? 221863 0.996374 9.33151260949882e-05
rs11921432:T:C 3 35117776 T C 0.8906 -0.0189 0.0027 5.382e-12 -- 706646 0.983901 0.8906 -0.0179 0.0037 1.244e-06 -- 388378 0.983901 0.8908 -0.0206 0.004 3.376e-07 -- 320979 0.983901 0.61281136439764
rs11925138:G:A 3 131626048 A G 0.0849 -0.0216 0.0029 1.305e-13 -- 705293 0.985559 0.0837 -0.0195 0.0039 7.288e-07 -- 388240 0.985559 0.0818 -0.0248 0.0043 7.739e-09 -- 319764 0.985559 0.351141173819252
rs12035149:C:G 1 107885018 C G 0.782 -0.0134 0.0021 7.419e-11 -- 718693 0.996338 0.7814 -0.0109 0.0028 8.774e-05 -- 394927 0.996338 0.7818 -0.0171 0.003 1.928e-08 -- 326476 0.996338 0.122823808083607
rs12042959:A:G 1 243533273 A G 0.8637 0.0153 0.0024 2.68e-10 ++ 718663 0.984695 0.8646 0.0194 0.0032 2.325e-09 ++ 394909 0.984695 0.8649 0.0112 0.0035 0.001631 ++ 326465 0.984695 0.077418672680387
rs12060538:A:G 1 97286381 A G 0.8977 0.0216 0.0028 3.471e-14 ++ 703059 0.998133 0.8979 0.0225 0.0039 6.089e-09 ++ 386252 0.998133 0.8976 0.0209 0.0042 6.066e-07 +- 319517 0.998133 0.775565002098146
rs1210223:G:C 11 69501498 C G 0.6493 0.0137 0.0018 5.169e-14 ++ 700390 0.991091 0.6519 0.0152 0.0025 7.113e-10 ++ 384882 0.991091 0.652 0.0114 0.0027 1.906e-05 ++ 318219 0.991091 0.29157004406605
rs12137749:G:A 1 72820709 A G 0.1608 -0.0072 0.0021 0.0006182 -- 718692 0.997036 0.1539 -0.0089 0.0028 0.001714 -- 394927 0.997036 0.1536 -0.0068 0.0031 0.02619 -- 326476 0.997036 0.607677327991953
rs12493621:G:C 3 85682214 C G 0.3473 -0.0174 0.0018 9.597e-23 -- 718561 0.986269 0.3477 -0.0148 0.0024 6.734e-10 -- 394859 0.986269 0.3464 -0.0217 0.0026 8.802e-17 -- 326413 0.986269 0.0464197516576057
rs1252225:T:G 8 85515109 T G 0.7611 0.0136 0.002 1.162e-11 ++ 718505 0.994798 0.7602 0.013 0.0027 1.373e-06 ++ 394812 0.994798 0.761 0.015 0.0029 3.491e-07 ++ 326404 0.994798 0.606200977242712
rs12525532:C:T 6 35004819 T C 0.3774 0.0095 0.0017 2.179e-08 ++ 804062 0.982992 0.3779 0.0087 0.0023 0.0001409 ++ 433383 0.982992 0.3803 0.0096 0.0024 8.161e-05 ++ 373390 0.982992 0.782147739835169
rs12652212:A:G 5 88808594 A G 0.5611 -0.0131 0.0016 1.633e-15 -- 806515 0.999512 0.5587 -0.0139 0.0022 2.959e-10 -- 434591 0.999512 0.5575 -0.0118 0.0024 7.304e-07 -- 374613 0.999512 0.510069964294831
rs12705979:C:T 7 114334571 T C 0.4772 0.0117 0.0017 4.155e-12 ++ 718626 0.99676 0.4773 0.0157 0.0023 6.123e-12 ++ 394891 0.99676 0.4777 0.0083 0.0025 0.0008557 ++ 326446 0.99676 0.0261012119587215
rs13011109:G:C 2 58857419 C G 0.3658 -0.0186 0.0016 1.45e-29 -- 806451 0.996486 0.3645 -0.0188 0.0022 2.749e-17 -- 434562 0.996486 0.3603 -0.0179 0.0024 6.911e-14 -- 374600 0.996486 0.777704036817422
rs13078509:C:T 3 70881429 T C 0.0267 0.0345 0.0057 1.337e-09 ++ 687795 1 0.0271 0.0233 0.0077 0.00256 ++ 378250 1 0.0275 0.0481 0.0084 8.365e-09 ++ 312256 1 0.0262394499953486
rs13196785:G:C 6 34808821 C G 0.1135 0.0136 0.0027 7.281e-07 ++ 717309 0.999982 0.1143 0.0154 0.0037 2.877e-05 ++ 394074 0.999982 0.1144 0.0128 0.004 0.001473 ++ 325945 0.999982 0.626030599374226
rs1327259:A:G 6 51177811 A G 0.6096 0.0157 0.0017 1.465e-19 ++ 718295 0.991607 0.6095 0.0155 0.0024 5.223e-11 ++ 394726 0.991607 0.6096 0.0159 0.0026 5.957e-10 ++ 326279 0.991607 0.908086432727311
rs1331547:G:A 13 85982960 A G 0.3637 -0.0111 0.0018 4.999e-10 -- 718230 0.995398 0.3634 -0.0136 0.0024 1.364e-08 -- 394675 0.995398 0.367 -0.0083 0.0026 0.001523 -- 326267 0.995398 0.126079558889591
rs13411762:C:T 2 554109 T C 0.0739 -0.0326 0.0031 2.297e-26 -- 796383 0.997485 0.0738 -0.0314 0.0041 1.889e-14 -- 431563 0.997485 0.0743 -0.0352 0.0044 1.073e-15 -- 367532 0.997485 0.518732810199283
rs1359521:A:G 6 40298894 A G 0.8825 -0.0129 0.0026 7.24e-07 -- 718635 0.992902 0.8835 -0.0161 0.0035 4.477e-06 -- 394895 0.992902 0.8839 -0.0084 0.0038 0.02679 -- 326451 0.992902 0.127968858344612
rs139531:A:G 22 41676176 A G 0.7424 0.0116 0.0019 1.756e-09 ++ 718604 0.997185 0.7435 0.0154 0.0026 2.415e-09 ++ 394868 0.997185 0.7444 0.0059 0.0028 0.03824 ++ 326447 0.997185 0.0111105886680855
rs1401635:C:G 11 27693991 C G 0.3311 0.0295 0.0017 9.569e-65 ++ 800979 0.998052 0.3329 0.0291 0.0023 1.414e-35 ++ 431394 0.998052 0.3339 0.0313 0.0025 1.008e-35 ++ 372296 0.998052 0.508357069771707
rs143756708:T:C 15 73934211 T C 0.9924 -0.061 0.0112 4.826e-08 -? 484680 0.968817 0.9924 -0.0389 0.0154 0.01159 -? 262817 0.968817 0.9924 -0.0796 0.0168 2.022e-06 -? 221863 0.968817 0.0681781952478543
rs148213707:C:A 15 53076868 A C 0.0087 0.0615 0.0105 4.969e-09 +? 484680 0.959888 0.0087 0.0654 0.0144 5.935e-06 +? 262817 0.959888 0.0087 0.0588 0.0158 0.0002038 +? 221863 0.959888 0.752535375182636
rs1594447:A:G 8 77227907 A G 0.4316 -0.0187 0.0016 1.511e-30 -- 806796 0.99968 0.4302 -0.019 0.0022 3.332e-18 -- 434773 0.99968 0.4283 -0.0172 0.0023 2.217e-13 -- 374734 0.99968 0.563527946937317
rs162064:T:G 3 107824061 T G 0.3502 -0.0119 0.0018 2.463e-11 -- 711273 0.994173 0.3502 -0.0136 0.0024 1.479e-08 -- 391712 0.994173 0.3502 -0.012 0.0026 4.833e-06 -- 322272 0.994173 0.644217450866628
rs16952479:A:T 16 53770578 A T 0.9484 -0.0182 0.004 6.623e-06 -- 684283 0.995143 0.9488 -0.0135 0.0055 0.01404 -- 382921 0.995143 0.948 -0.0236 0.0059 7.344e-05 -- 308959 0.995143 0.200952669760273
rs16965225:G:T 15 53143170 T G 0.067 0.022 0.0033 5.322e-11 ++ 794658 0.974661 0.0672 0.0227 0.0045 4.534e-07 ++ 428111 0.974661 0.0666 0.026 0.0049 9.111e-08 ++ 369258 0.974661 0.612447955131924
rs17489682:T:G 5 152312444 T G 0.7219 0.0086 0.0018 1.324e-06 ++ 802093 0.997623 0.7239 0.0088 0.0024 0.0002256 ++ 433596 0.997623 0.7242 0.0095 0.0026 0.0002481 ++ 371208 0.997623 0.839883926523388
rs17536077:G:C 2 50735998 C G 0.3713 -0.0135 0.0017 9.768e-15 -- 718453 0.99309 0.3705 -0.0151 0.0024 1.713e-10 -- 394804 0.99309 0.3713 -0.0111 0.0026 1.549e-05 -- 326360 0.99309 0.248284812064039
rs1837269:C:T 5 95859144 T C 0.5931 -0.015 0.0017 2.655e-18 -- 718679 0.997496 0.5915 -0.0121 0.0023 1.793e-07 -- 394918 0.997496 0.5921 -0.0194 0.0025 2.362e-14 -- 326471 0.997496 0.0281895024063313
rs1861151:C:T 2 60284614 T C 0.224 0.0149 0.0021 4.355e-13 ++ 706936 0.992485 0.225 0.0135 0.0028 1.141e-06 ++ 388530 0.992485 0.2242 0.0143 0.003 2.655e-06 ++ 321117 0.992485 0.842184145908501
rs1893514:A:G 18 57687573 A G 0.2317 -0.0183 0.0019 1.136e-22 -- 806581 0.989208 0.2298 -0.0191 0.0025 4.108e-14 -- 434625 0.989208 0.2278 -0.0164 0.0027 1.383e-09 -- 374651 0.989208 0.453627919202599
rs192042440:C:T 16 69285510 T C 0.0243 -0.0454 0.0064 9.17e-13 -? 484680 0.951665 0.0241 -0.0468 0.0088 9.258e-08 -? 262817 0.951665 0.0245 -0.0375 0.0095 8.448e-05 -? 221863 0.951665 0.463276709555391
rs2074613:C:T 5 139714564 T C 0.5662 0.0115 0.0017 1.837e-11 ++ 715988 1 0.5669 0.0151 0.0023 5.484e-11 ++ 393481 1 0.5671 0.0067 0.0025 0.007483 ++ 325218 1 0.0115587043798911
rs208015:T:C 17 46252346 T C 0.07 0.0352 0.0033 7.174e-26 ++ 718529 0.995504 0.0701 0.0348 0.0045 1.215e-14 ++ 394847 0.995504 0.0703 0.0365 0.0049 8.718e-14 ++ 326393 0.995504 0.794118248047828
rs2151131:C:G 9 103108941 C G 0.2119 -0.0132 0.002 9.497e-11 -- 803570 1 0.214 -0.013 0.0027 2.224e-06 -- 433542 1 0.2154 -0.0127 0.0029 1.44e-05 -- 372739 1 0.938364543455362
rs2183947:G:A 6 26159356 A G 0.2455 -0.0134 0.0019 4.901e-12 -- 806791 1 0.249 -0.0121 0.0026 2.667e-06 -- 434774 1 0.2511 -0.0154 0.0028 3.63e-08 -- 374728 1 0.377756077818128
rs2229616:C:T 18 58039276 T C 0.0191 -0.1051 0.0059 3.624e-70 -- 771956 1 0.019 -0.1018 0.008 2.794e-37 -- 416943 1 0.019 -0.1087 0.0086 2.252e-36 -- 356538 1 0.548531632127365
rs2281819:T:A 6 33771673 A T 0.2293 -0.0154 0.002 2.088e-14 -- 717097 0.995706 0.2297 -0.0156 0.0027 9.793e-09 -- 393968 0.995706 0.2293 -0.0149 0.003 5.761e-07 -- 325840 0.995706 0.859416136565886
rs2304130:A:G 19 19789528 A G 0.9021 0.017 0.0029 4.321e-09 ++ 795031 1 0.9011 0.0179 0.0039 4.816e-06 ++ 428343 1 0.9002 0.0148 0.0042 0.0004354 ++ 369399 1 0.580682794794537
rs2446169:A:G 13 54520877 A G 0.1373 0.0153 0.0024 3.675e-10 ++ 718248 0.996645 0.1358 0.0169 0.0033 2.594e-07 ++ 394710 0.996645 0.1362 0.0145 0.0036 5.619e-05 ++ 326249 0.996645 0.61574590204428
rs262976:A:G 3 183443403 A G 0.4139 0.0115 0.0017 3.006e-11 ++ 717881 0.986446 0.4144 0.0086 0.0023 0.0002187 ++ 394458 0.986446 0.4162 0.013 0.0025 3.02e-07 ++ 326134 0.986446 0.185903187938592
rs2731251:T:C 12 90621658 T C 0.2679 0.013 0.0019 2.123e-11 ++ 718573 0.997641 0.2701 0.0145 0.0026 2.912e-08 ++ 394849 0.997641 0.2701 0.0123 0.0029 1.775e-05 ++ 326434 0.997641 0.564052435969103
rs2754084:A:G 14 25888677 A G 0.5247 -0.0158 0.0017 1.764e-20 -- 718638 0.998382 0.524 -0.0168 0.0023 2.291e-13 -- 394893 0.998382 0.5241 -0.0139 0.0025 2.846e-08 -- 326456 0.998382 0.383294088931645
rs2806943:A:G 13 53755598 A G 0.4573 0.0094 0.0017 4.182e-08 ++ 718672 0.997961 0.4607 0.0093 0.0023 4.784e-05 ++ 394914 0.997961 0.4593 0.0091 0.0025 0.000258 ++ 326468 0.997961 0.952054409227265
rs2817419:G:A 6 50812906 A G 0.7345 0.0267 0.0018 1.205e-47 ++ 806131 0.992466 0.7352 0.0251 0.0025 5.193e-24 ++ 434433 0.992466 0.7334 0.0302 0.0027 1.429e-29 ++ 374409 0.992466 0.156922990874506
rs2836772:G:A 21 40316100 A G 0.4172 0.0072 0.0017 3.45e-05 ++ 718595 0.982936 0.4188 0.0071 0.0024 0.002502 ++ 394891 0.982936 0.419 0.0073 0.0026 0.004564 ++ 326414 0.982936 0.953966666282977
rs2962808:A:G 5 152527390 A G 0.2785 0.0132 0.0021 5.957e-10 +? 484680 0.993963 0.2781 0.0138 0.0029 2.442e-06 +? 262817 0.993963 0.279 0.0132 0.0032 4.07e-05 +? 221863 0.993963 0.8871693592527
rs3130048:T:C 6 31613739 T C 0.7315 -0.0169 0.0018 2.019e-20 -- 804682 1 0.7326 -0.0204 0.0024 7.831e-17 -- 433566 1 0.7339 -0.0114 0.0026 1.717e-05 -- 373827 1 0.00938552979321898
rs323742:A:T 5 86769015 A T 0.9692 -0.0394 0.0054 2.906e-13 -- 709016 0.976189 0.9685 -0.0439 0.0073 1.827e-09 -- 387767 0.976189 0.9682 -0.0356 0.0079 6.997e-06 -- 323345 0.976189 0.430663104483918
rs33429:G:A 19 30939360 A G 0.6928 0.0129 0.0019 3.096e-12 ++ 718496 0.982038 0.6944 0.0145 0.0025 6.208e-09 ++ 394801 0.982038 0.6917 0.0112 0.0027 3.549e-05 ++ 326401 0.982038 0.359714383358925
rs35364449:C:T 15 74278126 T C 0.1053 0.0219 0.0031 2.133e-12 +? 484680 0.989156 0.1052 0.0261 0.0043 1.229e-09 +? 262817 0.989156 0.1053 0.019 0.0047 5.12e-05 +? 221863 0.989156 0.255012448945886
rs371357:G:A 18 39937973 A G 0.1778 0.0156 0.0022 2.453e-12 ++ 710558 0.995149 0.1778 0.018 0.003 2.223e-09 ++ 390278 0.995149 0.1783 0.0125 0.0033 0.0001261 ++ 322991 0.995149 0.207870365461352
rs3768486:A:G 1 110123971 A G 0.824 -0.0105 0.0021 4.871e-07 -- 805120 0.998672 0.8242 -0.013 0.0028 4.347e-06 -- 433895 0.998672 0.8267 -0.0072 0.003 0.01737 -- 373936 0.998672 0.148885730765222
rs3791221:A:G 2 226933 A G 0.6686 0.0099 0.0017 3.223e-09 ++ 804646 0.999704 0.6695 0.0108 0.0023 2.364e-06 ++ 433934 0.999704 0.6704 0.0083 0.0024 0.0007143 ++ 373421 0.999704 0.44241911212177
rs3803522:A:G 15 68126675 A G 0.7856 -0.0155 0.002 7.691e-15 -- 806745 0.995745 0.7857 -0.0126 0.0027 2.334e-06 -- 434748 0.995745 0.7841 -0.0185 0.0029 1.259e-10 -- 374706 0.995745 0.12832600812473
rs3808434:A:G 8 116559435 A G 0.412 0.0115 0.0016 1.905e-12 ++ 806715 0.998302 0.4086 0.011 0.0022 6.385e-07 ++ 434738 0.998302 0.4077 0.0123 0.0024 2.149e-07 ++ 374688 0.998302 0.683431917947005
rs3849570:C:A 3 81792112 A C 0.3541 0.0134 0.0017 7.347e-15 ++ 769019 0.999727 0.3549 0.0111 0.0023 1.645e-06 ++ 416331 0.999727 0.3544 0.0149 0.0025 2.559e-09 ++ 355399 0.999727 0.253281629489707
rs4017425:C:T 3 44028764 T C 0.4676 -0.0118 0.0017 2.911e-12 -- 718438 0.992597 0.4666 -0.0111 0.0023 1.187e-06 -- 394793 0.992597 0.4667 -0.0144 0.0025 8.691e-09 -- 326355 0.992597 0.32115016599217
rs4285804:T:A 10 104386309 A T 0.5523 -0.0087 0.0016 9.126e-08 -- 806599 0.998651 0.5522 -0.0099 0.0022 6.864e-06 -- 434674 0.998651 0.5512 -0.0081 0.0024 0.0006281 -- 374636 0.998651 0.572329097056923
rs4448948:A:T 16 72569236 A T 0.9273 0.0214 0.0032 3.782e-11 ++ 715143 0.98664 0.9281 0.018 0.0044 3.582e-05 ++ 392765 0.98664 0.9279 0.0272 0.0047 1.015e-08 ++ 325089 0.98664 0.144449044207952
rs4550109:T:C 1 96278594 T C 0.3176 -0.0153 0.0018 3.128e-17 -- 718197 0.993831 0.3157 -0.0117 0.0025 2.106e-06 -- 394671 0.993831 0.3153 -0.0204 0.0027 2.187e-14 -- 326237 0.993831 0.0157494541876285
rs4556997:C:A 2 100814858 A C 0.1604 0.0212 0.0023 1.059e-19 ++ 806764 0.993947 0.1627 0.0213 0.0031 1.075e-11 ++ 434757 0.993947 0.1653 0.0203 0.0034 1.515e-09 ++ 374717 0.993947 0.824344768074181
rs4653017:C:T 1 33776728 T C 0.6679 0.0118 0.0018 1.11e-10 ++ 716691 0.993429 0.6648 0.0125 0.0025 3.296e-07 ++ 393763 0.993429 0.6632 0.0112 0.0027 2.927e-05 ++ 325640 0.993429 0.718239379603266
rs4671358:T:A 2 60164634 A T 0.6015 0.0115 0.0017 2.976e-11 ++ 718561 0.993868 0.6026 0.0106 0.0023 6.126e-06 ++ 394861 0.993868 0.6026 0.0127 0.0025 6.462e-07 ++ 326411 0.993868 0.527821825818735
rs4718966:C:T 7 70040558 T C 0.4115 0.0116 0.0017 1.694e-11 ++ 718685 0.992182 0.411 0.0138 0.0023 2.586e-09 ++ 394923 0.992182 0.4109 0.0092 0.0025 0.0002975 ++ 326472 0.992182 0.166688410825442
rs475688:C:T 11 64364291 T C 0.243 -0.014 0.0019 6.786e-13 -- 718656 0.992855 0.2423 -0.0164 0.0026 4.064e-10 -- 394895 0.992855 0.2405 -0.009 0.0029 0.001644 -- 326467 0.992855 0.052348628170438
rs490634:C:T 3 50640830 T C 0.8473 0.0144 0.0025 5.717e-09 ++ 718590 0.99779 0.8443 0.0114 0.0033 0.0006552 ++ 394876 0.99779 0.8435 0.0184 0.0036 4.146e-07 ++ 326425 0.99779 0.143237211666508
rs55777621:G:A 6 30584133 A G 0.0337 0.0328 0.0053 5.311e-10 +? 484680 1 0.0338 0.0343 0.0073 2.436e-06 +? 262817 1 0.0336 0.0329 0.008 3.639e-05 +? 221863 1 0.89496984604804
rs570463:C:A 11 28739318 A C 0.3266 -0.0121 0.0018 4.33e-11 -- 718580 0.995396 0.329 -0.0124 0.0025 5.752e-07 -- 394867 0.995396 0.3309 -0.0123 0.0027 4.377e-06 -- 326425 0.995396 0.977857690756413
rs6050446:A:G 20 25195509 A G 0.0318 -0.0346 0.0047 3.168e-13 -- 783943 0.981924 0.0317 -0.0372 0.0064 6.201e-09 -- 421818 0.981924 0.032 -0.0309 0.0069 6.381e-06 -- 364591 0.981924 0.494183695466813
rs62106258:T:C 2 417167 T C 0.9534 0.0912 0.0045 1.26e-91 +? 484680 1 0.9532 0.0989 0.0062 8.722e-58 +? 262817 1 0.9536 0.0811 0.0068 8.706e-33 +? 221863 1 0.0482174545641245
rs6445541:G:T 3 52880128 T G 0.3776 0.0151 0.0017 3.703e-18 ++ 714929 0.999603 0.378 0.0119 0.0024 5.266e-07 ++ 391661 0.999603 0.3776 0.0185 0.0026 5.833e-13 ++ 325979 0.999603 0.0567843625329656
rs6561937:T:A 13 58257667 A T 0.7652 -0.0141 0.002 3.081e-12 -- 705551 0.993205 0.7668 -0.0197 0.0027 5.951e-13 -- 387825 0.993205 0.7649 -0.0075 0.003 0.01127 -- 320437 0.993205 0.00202252831724209
rs6700816:A:T 1 174883994 A T 0.9691 0.0346 0.005 4.832e-12 ++ 713101 0.997836 0.9693 0.0283 0.0068 3.268e-05 ++ 392058 0.997836 0.9686 0.0447 0.0073 1.175e-09 ++ 323754 0.997836 0.0931759798428603
rs6786582:T:C 3 135898984 T C 0.7541 -0.0163 0.0018 7.437e-19 -- 806687 0.994148 0.7568 -0.0197 0.0025 1.781e-15 -- 434716 0.994148 0.7576 -0.012 0.0026 5.438e-06 -- 374681 0.994148 0.0292336534308511
rs6843738:G:A 4 103936001 A G 0.3267 -0.0103 0.0017 2.775e-09 -- 806736 0.995192 0.3264 -0.0091 0.0023 8.91e-05 -- 434750 0.995192 0.3258 -0.0129 0.0025 2.181e-07 -- 374697 0.995192 0.253281629489707
rs6876731:A:G 5 63930252 A G 0.6688 0.013 0.002 1.351e-10 +? 484680 0.999478 0.6696 0.0123 0.0028 9.968e-06 +? 262817 0.999478 0.6679 0.014 0.003 4.313e-06 +? 221863 0.999478 0.672230678176337
rs6884773:A:G 5 87715465 A G 0.7648 0.0183 0.002 1.56e-20 ++ 718656 0.996416 0.7666 0.0184 0.0027 4.88e-12 ++ 394910 0.996416 0.765 0.0189 0.0029 8.17e-11 ++ 326457 0.996416 0.897455796411086
rs6888866:A:C 5 136558411 A C 0.5396 0.0104 0.0017 8.75e-10 ++ 718643 0.996047 0.5391 0.0091 0.0023 6.906e-05 ++ 394901 0.996047 0.5394 0.0124 0.0025 6.15e-07 ++ 326453 0.996047 0.32115016599217
rs6964833:T:C 7 74101909 T C 0.772 -0.0162 0.0019 7.448e-18 -- 778483 0.999492 0.7741 -0.0155 0.0025 1.094e-09 -- 422717 0.999492 0.7778 -0.0175 0.0027 1.642e-10 -- 358476 0.999492 0.578828558205228
rs6996603:C:T 8 28117924 T C 0.3992 0.0109 0.0017 3.219e-10 ++ 718694 0.988267 0.3969 0.0091 0.0023 9.274e-05 ++ 394927 0.988267 0.3967 0.0137 0.0025 6.527e-08 ++ 326478 0.988267 0.166688410825442
rs7083450:C:T 10 103984060 T C 0.8309 0.0165 0.0022 1.56e-13 ++ 806791 1 0.8296 0.0185 0.003 9.258e-10 ++ 434771 1 0.8273 0.0152 0.0032 2.505e-06 ++ 374728 1 0.442270397336309
rs7141420:C:T 14 79899454 T C 0.5463 0.0209 0.0016 1.644e-37 ++ 806650 0.984748 0.5493 0.021 0.0022 7.842e-22 ++ 434698 0.984748 0.5535 0.0213 0.0024 1.17e-19 ++ 374663 0.984748 0.925026457236594
rs7142677:C:A 14 102744489 A C 0.0765 0.0171 0.0028 1.982e-09 ++ 806612 0.999827 0.0756 0.0159 0.0039 3.544e-05 ++ 434643 0.999827 0.0746 0.0185 0.0041 7.716e-06 ++ 374670 0.999827 0.638873714148342
rs7171864:G:A 15 73227249 A G 0.6935 0.0132 0.0017 2.6e-14 ++ 806698 0.986737 0.6958 0.0113 0.0023 1.508e-06 ++ 434731 0.986737 0.7014 0.0151 0.0025 1.328e-09 ++ 374677 0.986737 0.253281629489707
rs7185966:G:A 16 4022703 A G 0.2394 -0.0184 0.0022 2.361e-16 -? 484680 0.986178 0.2393 -0.0208 0.0031 1.627e-11 -? 262817 0.986178 0.2395 -0.0173 0.0034 2.864e-07 -? 221863 0.986178 0.437240699272577
rs7190997:T:C 16 31368178 T C 0.4769 0.0142 0.0016 2.755e-18 ++ 802289 0.987661 0.476 0.0139 0.0022 3.496e-10 ++ 431139 0.987661 0.4751 0.014 0.0024 3.008e-09 ++ 373861 0.987661 0.974976032205634
rs72906474:G:T 3 47817007 T G 0.5809 -0.0169 0.0019 3.502e-18 -? 484680 0.974734 0.5817 -0.0182 0.0027 1.249e-11 -? 262817 0.974734 0.58 -0.0161 0.0029 3.933e-08 -? 221863 0.974734 0.588315260661096
rs7328849:G:A 13 59426899 A G 0.7669 -0.0166 0.002 3.62e-16 -- 707740 0.99389 0.767 -0.0161 0.0027 4.457e-09 -- 389867 0.99389 0.7675 -0.0177 0.003 3.159e-09 -- 320584 0.99389 0.685595210559689
rs7377083:C:A 4 102708997 A C 0.4332 0.0198 0.0018 2.509e-28 ++ 662384 0.981024 0.433 0.0199 0.0024 3.834e-16 ++ 359906 0.981024 0.4363 0.0201 0.0026 2.876e-14 ++ 301422 0.981024 0.953966666282977
rs76062229:G:T 3 84211693 T G 0.056 -0.033 0.0041 1.798e-15 -? 484680 0.996591 0.0561 -0.0349 0.0057 9.383e-10 -? 262817 0.996591 0.0559 -0.0297 0.0062 2.043e-06 -? 221863 0.996591 0.528323949461179
rs7647242:C:T 3 82642734 T C 0.3947 0.0129 0.0017 1.013e-13 ++ 718607 0.998258 0.3941 0.0145 0.0023 3.917e-10 ++ 394872 0.998258 0.3942 0.0104 0.0025 4.842e-05 ++ 326442 0.998258 0.217722993147547
rs784257:T:C 18 53397199 T C 0.1875 -0.0147 0.0022 3.075e-11 -- 718421 0.987731 0.1879 -0.0181 0.003 1.349e-09 -- 394787 0.987731 0.1881 -0.0111 0.0033 0.0006319 -- 326345 0.987731 0.108950670891411
rs7895028:T:C 10 102416008 T C 0.6259 0.0097 0.0018 4.026e-08 ++ 718685 0.983894 0.6269 0.0069 0.0024 0.003743 ++ 394923 0.983894 0.6271 0.0142 0.0026 4.213e-08 ++ 326473 0.983894 0.0351168046038672
rs7919:A:C 16 70514828 A C 0.4511 -0.0155 0.0017 1.217e-19 -- 718181 0.99177 0.4497 -0.0149 0.0023 1.621e-10 -- 394679 0.99177 0.4501 -0.0164 0.0025 7.09e-11 -- 326213 0.99177 0.652023263117344
rs79585412:T:C 21 46487730 T C 0.9428 0.0333 0.0041 1.048e-15 +? 484680 0.987042 0.9427 0.0375 0.0057 4.382e-11 +? 262817 0.987042 0.9429 0.0298 0.0063 1.939e-06 +? 221863 0.987042 0.354667383326766
rs7975791:C:T 12 49413486 T C 0.0469 -0.0249 0.0043 9.02e-09 -- 787479 1 0.0479 -0.0261 0.0059 8.088e-06 -- 425976 1 0.0486 -0.0244 0.0063 0.0001175 -- 364213 1 0.840579025020259
rs8011994:A:C 14 30082467 A C 0.4119 0.0102 0.0017 3.588e-09 ++ 718469 0.997282 0.4108 0.0096 0.0023 4.181e-05 ++ 394813 0.997282 0.4124 0.0105 0.0025 3.382e-05 ++ 326367 0.997282 0.786720284591238
rs801732:T:A 11 65935502 A T 0.3503 -0.014 0.002 2.184e-12 -? 484680 0.998318 0.3505 -0.0127 0.0027 3.74e-06 -? 262817 0.998318 0.3501 -0.017 0.003 1.476e-08 -? 221863 0.998318 0.276591935844429
rs8049894:G:C 16 76814384 C G 0.1862 0.0136 0.0022 5.367e-10 ++ 718351 0.997538 0.1856 0.0149 0.003 4.591e-07 ++ 394759 0.997538 0.1859 0.0114 0.0032 0.0003862 ++ 326303 0.997538 0.415110935423439
rs8094523:G:A 18 57878155 A G 0.0644 -0.0324 0.0031 4.047e-25 -- 792342 0.992606 0.0637 -0.0363 0.0042 9.327e-18 -- 427237 0.992606 0.0634 -0.0277 0.0045 6.881e-10 -- 367809 0.992606 0.153612534305703
rs811054:C:T 16 72251132 T C 0.5333 0.0135 0.0016 2.357e-16 ++ 804912 0.984128 0.5331 0.0162 0.0022 3.178e-13 ++ 433837 0.984128 0.5315 0.0102 0.0024 1.862e-05 ++ 373785 0.984128 0.0598248614791886
rs847747:G:T 6 40080069 T G 0.3088 -0.0109 0.0018 4.115e-09 -- 714602 0.999033 0.3088 -0.0115 0.0025 3.876e-06 -- 391491 0.999033 0.3088 -0.0117 0.0027 1.563e-05 -- 325822 0.999033 0.955732430751508
rs868554:C:G 16 20050466 C G 0.7725 -0.0185 0.002 2.94e-20 -- 718529 0.983272 0.7736 -0.0197 0.0027 2.64e-13 -- 394837 0.983272 0.7738 -0.0169 0.003 1.104e-08 -- 326403 0.983272 0.478653563320296
rs884202:G:A 15 68054388 A G 0.6787 0.0168 0.0017 3.675e-22 ++ 806746 0.992416 0.6788 0.0193 0.0023 1.297e-16 ++ 434746 0.992416 0.6802 0.0137 0.0025 3.982e-08 ++ 374711 0.992416 0.0922669864122686
rs905938:T:C 1 154991389 T C 0.7223 -0.0143 0.0019 1.711e-14 -- 806412 1 0.7196 -0.0139 0.0025 2.623e-08 -- 434576 1 0.7187 -0.0162 0.0027 1.79e-09 -- 374519 1 0.523238620623478
rs9277990:A:G 6 33308607 A G 0.8146 -0.0203 0.0024 1.225e-16 -? 484680 0.996073 0.8152 -0.0178 0.0034 1.27e-07 -? 262817 0.996073 0.8138 -0.0272 0.0037 1.42e-13 -? 221863 0.996073 0.0560732005420038
rs940338:A:C 3 61226761 A C 0.8506 0.023 0.0023 9.66e-23 ++ 742464 0.994755 0.8505 0.0221 0.0031 2.274e-12 ++ 406108 0.994755 0.8496 0.0249 0.0034 2.559e-13 ++ 339713 0.994755 0.534277986831975
rs9788550:G:C 14 29681138 C G 0.2456 -0.0213 0.0022 9.737e-22 -? 484680 0.989726 0.2461 -0.0207 0.0031 1.267e-11 -? 262817 0.989726 0.2451 -0.0216 0.0034 1.231e-10 -? 221863 0.989726 0.84166492801861
rs991191:T:C 1 62521305 T C 0.5975 0.0129 0.0017 1.146e-13 ++ 718001 0.981095 0.597 0.012 0.0023 2.509e-07 ++ 394574 0.981095 0.5967 0.0139 0.0025 4.756e-08 ++ 326138 0.981095 0.567859052196999
rs9931164:A:G 16 53825238 A G 0.9781 0.0221 0.0059 0.0001756 ++ 760253 0.999412 0.9779 0.0252 0.008 0.001629 ++ 407577 0.999412 0.978 0.0225 0.0086 0.008912 ++ 354212 0.999412 0.814389040906407
rs9953008:A:G 18 57962981 A G 0.6762 -0.0326 0.0017 2.779e-77 -- 806489 0.999617 0.6756 -0.0314 0.0024 4.626e-40 -- 434612 0.999617 0.6733 -0.0348 0.0025 7.096e-43 -- 374587 0.999617 0.316335221924522
