SNP Chr.ref.males Pos.ref.males A1.combined A2.combined frqA1.combined beta.combined se.combined pval.combined dir.combined nmeta.combined info.combined frqA1.females beta.females se.females pval.females dir.females nmeta.females info.females frqA1.males beta.males se.males pval.males dir.males nmeta.males info.males psexdiff
rs1000096:C:T 4 38692835 T C 0.3819 -0.0145 0.0018 2.34e-16 -- 702882 0.977675 0.3788 -0.0119 0.0024 6.788e-07 -- 385117 0.977675 0.3772 -0.0171 0.0026 3.783e-11 -- 320476 0.977675 0.133385804972169
rs1000940:A:G 17 5283252 A G 0.7168 -0.0152 0.0018 7.799e-18 -- 806516 0.997741 0.7193 -0.0159 0.0024 2.335e-11 -- 434593 0.997741 0.7214 -0.0165 0.0026 1.493e-10 -- 374631 0.997741 0.8625108736214
rs10104041:G:A 8 95571602 A G 0.2873 -0.0143 0.0021 1.258e-11 -? 484680 0.998486 0.2874 -0.0084 0.0029 0.003536 -? 262817 0.998486 0.2872 -0.0236 0.0032 1.167e-13 -? 221863 0.998486 0.000325055619627976
rs10132280:C:A 14 25928179 A C 0.311 -0.0214 0.0018 2.283e-33 -- 806477 0.988362 0.3121 -0.0153 0.0024 1.424e-10 -- 434613 0.988362 0.3128 -0.0299 0.0026 1.38e-31 -- 374575 0.988362 2.50867411640665e-05
rs1019612:C:T 2 181602526 T C 0.6639 0.0172 0.0018 1.125e-21 ++ 718654 0.995325 0.6638 0.0167 0.0024 5.531e-12 ++ 394905 0.995325 0.6635 0.0179 0.0026 1.395e-11 ++ 326457 0.995325 0.729073960048384
rs10196304:A:C 2 67865965 A C 0.5958 0.0141 0.0017 4.476e-16 ++ 718445 0.994264 0.5975 0.0122 0.0023 1.762e-07 +- 394796 0.994264 0.5982 0.017 0.0025 2.007e-11 ++ 326360 0.994264 0.149006298737172
rs10197031:T:C 2 105454590 T C 0.7262 -0.0161 0.0019 5.047e-18 -- 718456 0.997835 0.7281 -0.0156 0.0025 5.483e-10 -- 394809 0.997835 0.7292 -0.0168 0.0027 7.694e-10 -- 326358 0.997835 0.739090512563337
rs10209325:C:T 2 86806356 T C 0.6213 -0.0151 0.002 1.038e-14 -? 484680 0.999522 0.6214 -0.0148 0.0027 3.264e-08 -? 262817 0.999522 0.6212 -0.0178 0.0029 1.493e-09 -? 221863 0.999522 0.43937101988052
rs10221489:C:T 19 18826975 T C 0.3366 -0.0177 0.0018 9.989e-23 -- 718669 0.998735 0.3371 -0.018 0.0024 9.367e-14 -- 394912 0.998735 0.3357 -0.0157 0.0027 3.124e-09 -- 326467 0.998735 0.515575985997608
rs10269783:G:A 7 49616203 A G 0.4171 0.0126 0.0017 2.255e-14 ++ 804361 0.995969 0.42 0.0099 0.0022 9.003e-06 ++ 433619 0.995969 0.4227 0.0172 0.0024 7.589e-13 ++ 373453 0.995969 0.0220290494620776
rs1045861:G:T 11 89935586 T G 0.7031 0.0109 0.0018 3.422e-09 ++ 718691 0.999179 0.7048 0.0075 0.0025 0.002622 ++ 394927 0.999179 0.7048 0.016 0.0027 3.637e-09 ++ 326476 0.999179 0.0183163202704134
rs1046953:C:T 3 50197097 T C 0.4162 -0.0248 0.0019 8.738e-38 -? 484680 0.98864 0.4162 -0.0237 0.0027 5.381e-19 -? 262817 0.98864 0.4163 -0.0278 0.0029 1.428e-21 -? 221863 0.98864 0.29061068005242
rs10497882:T:C 2 207233115 T C 0.7234 -0.0127 0.0018 1.691e-12 -- 806683 0.99931 0.7228 -0.0109 0.0024 8.427e-06 -- 434711 0.99931 0.7224 -0.0154 0.0026 4.738e-09 -- 374682 0.99931 0.193998457048157
rs10518269:C:T 19 31028666 T C 0.165 -0.0173 0.0023 4.688e-14 -- 718671 0.995124 0.165 -0.0139 0.0031 7.726e-06 -- 394911 0.995124 0.1653 -0.0214 0.0034 1.971e-10 -- 326467 0.995124 0.095972134674997
rs10746862:T:G 9 73780912 T G 0.5811 -0.0114 0.0017 3.176e-11 -- 718537 0.999815 0.5804 -0.0077 0.0023 0.0009247 -- 394845 0.999815 0.5804 -0.0155 0.0025 8.629e-10 -- 326403 0.999815 0.0190292864364639
rs10757826:G:A 9 29270224 A G 0.3349 0.0102 0.0017 5.369e-09 ++ 794739 0.998255 0.3364 0.0074 0.0023 0.001664 ++ 428226 0.998255 0.3361 0.0151 0.0025 2.474e-09 ++ 369224 0.998255 0.0206187770675178
rs10772983:C:T 12 17141582 T C 0.5394 -0.01 0.0016 6.209e-10 -- 804927 0.995158 0.5421 -0.0073 0.0022 0.0008032 -- 433812 0.995158 0.544 -0.014 0.0023 2.039e-09 -- 373823 0.995158 0.0315560009931089
rs10850185:C:A 12 114065412 A C 0.2989 0.0116 0.0019 4.547e-10 ++ 718685 0.999317 0.2987 0.0068 0.0025 0.006638 ++ 394922 0.999317 0.2983 0.0173 0.0027 1.561e-10 ++ 326474 0.999317 0.00356535823682406
rs10883027:G:C 10 99798234 C G 0.5233 -0.0165 0.0017 7.468e-22 -- 717771 0.976852 0.5229 -0.016 0.0023 5.844e-12 -- 394448 0.976852 0.522 -0.0175 0.0025 4.739e-12 -- 326034 0.976852 0.652023263117344
rs10929925:C:A 2 6155557 A C 0.4105 -0.0142 0.0016 3.045e-18 -- 801209 0.995122 0.4077 -0.013 0.0022 3.86e-09 -- 431581 0.995122 0.4066 -0.0153 0.0024 9.719e-11 -- 372338 0.995122 0.470623573521737
rs11160119:G:A 14 93932258 A G 0.4111 -0.0186 0.0019 9.334e-22 -? 484680 0.999425 0.4117 -0.0153 0.0027 9.191e-09 -? 262817 0.999425 0.4105 -0.0222 0.0029 2.847e-14 -? 221863 0.999425 0.075323692532983
rs11181001:A:G 12 41948196 A G 0.4806 0.0136 0.0016 1.17e-16 ++ 805907 0.97536 0.4815 0.0133 0.0022 1.557e-09 ++ 434306 0.97536 0.4822 0.0144 0.0024 1.245e-09 ++ 374312 0.97536 0.73005798789983
rs112551143:A:G 19 47557971 A G 0.2531 -0.0233 0.0022 7.34e-26 -? 484680 0.978392 0.2524 -0.0208 0.003 9.632e-12 -? 262817 0.978392 0.254 -0.0278 0.0033 7.109e-17 -? 221863 0.978392 0.108950670891411
rs1125841:C:T 8 30858054 T C 0.6032 -0.0123 0.0017 1.077e-12 -- 718662 0.997266 0.6044 -0.0107 0.0024 5.863e-06 -- 394907 0.997266 0.601 -0.0168 0.0026 5.3e-11 -- 326466 0.997266 0.0782974390706482
rs11496125:C:T 7 103417557 T C 0.4053 0.017 0.0017 8.781e-23 ++ 718662 0.986972 0.4013 0.0184 0.0023 2.724e-15 ++ 394915 0.986972 0.4016 0.015 0.0025 2.755e-09 ++ 326457 0.986972 0.306704877219578
rs11581010:A:G 1 11212458 A G 0.7641 -0.0135 0.002 8.671e-12 -- 718590 0.999011 0.7636 -0.0105 0.0027 7.878e-05 -- 394867 0.999011 0.7632 -0.0178 0.0029 1.01e-09 -- 326434 0.999011 0.0598918318529586
rs11611246:G:T 12 939480 T G 0.199 0.0223 0.002 2.037e-28 ++ 793063 0.995896 0.1991 0.0212 0.0027 1.266e-14 ++ 428828 0.995896 0.1962 0.0246 0.003 7.99e-17 ++ 366946 0.995896 0.38963209681868
rs11619722:T:C 13 27998600 T C 0.7059 0.0167 0.0021 1.776e-15 +? 484680 0.996867 0.7059 0.0131 0.0029 5.622e-06 +? 262817 0.996867 0.7059 0.0206 0.0032 7.23e-11 +? 221863 0.996867 0.0761316591554505
rs11636536:C:T 15 36391772 T C 0.4984 0.0103 0.0017 1.154e-09 ++ 718634 0.998958 0.4988 0.0072 0.0023 0.001651 ++ 394904 0.998958 0.4972 0.0148 0.0025 2.795e-09 ++ 326441 0.998958 0.0223228176932605
rs1167821:A:T 7 75150312 A T 0.5535 -0.0201 0.0019 9.381e-26 -? 484680 0.995792 0.5551 -0.0197 0.0026 9.332e-14 -? 262817 0.995792 0.5516 -0.0212 0.0029 2.379e-13 -? 221863 0.995792 0.694101563110028
rs1179907:A:G 6 90324849 A G 0.8098 -0.0121 0.0021 1.45e-08 -- 718468 0.994177 0.8107 -0.0076 0.0029 0.008375 -- 394811 0.994177 0.8102 -0.0189 0.0031 1.729e-09 -- 326368 0.994177 0.00655457382525787
rs11915371:A:C 3 70539559 A C 0.8019 -0.0154 0.0021 2.288e-13 -- 718311 0.996183 0.8028 -0.0108 0.0028 0.000134 -- 394738 0.996183 0.8041 -0.0218 0.0031 1.063e-12 -- 326284 0.996183 0.00716246117293034
rs11951673:C:T 5 95861012 T C 0.396 -0.0123 0.0016 6.373e-14 -- 806756 0.997024 0.3958 -0.0084 0.0022 0.0001721 -- 434753 0.997024 0.3949 -0.0187 0.0024 7.832e-15 -- 374714 0.997024 0.00123397778775267
rs12049202:C:T 1 77967523 T C 0.1883 0.0239 0.0021 3.347e-29 ++ 718408 0.996576 0.188 0.0244 0.0029 1.876e-17 ++ 394784 0.996576 0.1858 0.0226 0.0031 5.515e-13 ++ 326335 0.996576 0.664969833057565
rs12061406:C:T 1 40073479 T C 0.0789 -0.0141 0.0031 4.196e-06 -- 718547 0.993489 0.0782 -0.0053 0.0041 0.2041 -+ 394782 0.993489 0.0779 -0.0273 0.0045 1.7e-09 -- 326475 0.993489 0.000223664722842368
rs12128108:C:T 1 50293421 T C 0.2333 0.0188 0.0019 3.268e-22 ++ 806819 0.996747 0.2336 0.0181 0.0026 4.65e-12 ++ 434786 0.996747 0.2352 0.0208 0.0028 9.319e-14 ++ 374744 0.996747 0.470498788274182
rs12140153:G:T 1 62579891 T G 0.0911 -0.0353 0.0034 1.443e-25 -? 484680 0.947242 0.0905 -0.0326 0.0047 2.873e-12 -? 262817 0.947242 0.0917 -0.0388 0.0051 2.024e-14 -? 221863 0.947242 0.361250475599843
rs12251016:A:T 10 21821918 A T 0.6574 -0.021 0.002 1.245e-25 -? 484680 0.997125 0.6573 -0.0229 0.0028 1.021e-16 -? 262817 0.997125 0.6575 -0.0194 0.003 1.432e-10 -? 221863 0.997125 0.383718882073069
rs12286929:A:G 11 115022404 A G 0.5007 -0.0177 0.0016 1.925e-27 -- 806583 0.995768 0.5036 -0.0178 0.0022 3.241e-16 -- 434684 0.995768 0.5071 -0.0178 0.0023 2.34e-14 -- 374610 0.995768 1
rs12334877:G:A 8 67194171 A G 0.1913 -0.0144 0.0021 2.173e-11 -- 717934 0.98205 0.1904 -0.0114 0.0029 8.74e-05 -- 394549 0.98205 0.1891 -0.0189 0.0032 2.061e-09 -- 326096 0.98205 0.0761316591554505
rs12369179:C:T 12 122963550 T C 0.085 -0.034 0.0031 2.324e-28 -- 703003 0.990568 0.085 -0.0329 0.0042 2.144e-15 -- 386182 0.990568 0.0842 -0.0351 0.0046 1.367e-14 -- 319532 0.990568 0.718325181024506
rs12429545:G:A 13 54102206 A G 0.1218 0.0313 0.0024 1.419e-37 ++ 797614 0.978792 0.1204 0.0291 0.0033 1.086e-18 ++ 429577 0.978792 0.1206 0.0336 0.0035 2.033e-21 ++ 370738 0.978792 0.339369867955481
rs12439200:G:A 15 73086731 A G 0.2194 -0.0163 0.002 5.178e-16 -- 718136 0.994449 0.2168 -0.0124 0.0027 4.752e-06 -- 394596 0.994449 0.2149 -0.0205 0.003 4.633e-12 -- 326250 0.994449 0.0404130616799042
rs12446632:G:A 16 19935389 A G 0.1371 -0.0353 0.0024 3.12e-50 -- 801438 0.999682 0.1372 -0.0375 0.0032 3.013e-32 -- 431700 0.999682 0.1366 -0.0338 0.0034 4.291e-23 -- 372449 0.999682 0.418318639536568
rs12448257:G:A 16 3599655 A G 0.2185 0.0161 0.002 9.035e-16 ++ 797946 0.985252 0.2187 0.015 0.0027 3.131e-08 ++ 429753 0.985252 0.2191 0.0186 0.0029 1.166e-10 ++ 370904 0.985252 0.353455845732275
rs12454204:G:T 18 52500011 T G 0.229 0.0169 0.002 5.44e-17 ++ 718406 0.997957 0.2288 0.0142 0.0027 1.737e-07 ++ 394768 0.997957 0.2288 0.0209 0.003 1.783e-12 ++ 326348 0.997957 0.0900247803534668
rs12454712:T:C 18 60845884 T C 0.6245 -0.0136 0.0018 1.047e-14 -- 728218 1 0.6251 -0.0108 0.0024 5.619e-06 -- 392334 1 0.6246 -0.0169 0.0026 4.51e-11 -- 335884 1 0.0782974390706483
rs12488237:T:C 3 56114861 T C 0.9391 -0.0225 0.0036 2.675e-10 -- 800924 1 0.9385 -0.016 0.0048 0.0008615 -- 431294 1 0.9383 -0.0322 0.0052 5.915e-10 -- 372341 1 0.0193917083147495
rs12495178:T:C 3 85886077 T C 0.6414 0.0185 0.0017 1.811e-28 ++ 806745 0.997656 0.6408 0.0165 0.0023 3.826e-13 ++ 434750 0.997656 0.6413 0.0226 0.0024 1.538e-20 ++ 374701 0.997656 0.0609029206933015
rs12663742:G:A 6 97792735 A G 0.3716 -0.0137 0.0017 4.252e-15 -- 718670 0.99983 0.3708 -0.0117 0.0023 6.278e-07 -- 394914 0.99983 0.3719 -0.0181 0.0026 1.687e-12 -- 326467 0.99983 0.0597345913790641
rs12714415:T:C 2 651430 T C 0.8476 0.0584 0.0022 1e-157 ++ 806702 0.964581 0.8485 0.0577 0.003 5.029e-85 ++ 434732 0.964581 0.8495 0.0604 0.0032 1.087e-80 ++ 374681 0.964581 0.529570208877714
rs1285245:G:C 17 77796889 C G 0.3864 -0.0106 0.0018 1.627e-09 -- 716945 0.995081 0.3876 -0.0062 0.0024 0.00877 -- 393897 0.995081 0.3875 -0.017 0.0026 4.708e-11 -- 325758 0.995081 0.00182566078594957
rs12868881:T:A 13 112218924 A T 0.4066 0.0138 0.0017 1.401e-15 ++ 718650 0.997368 0.4049 0.0105 0.0023 6.111e-06 ++ 394904 0.997368 0.4052 0.018 0.0025 1.061e-12 ++ 326457 0.997368 0.0241480133365475
rs12885454:C:A 14 29736838 A C 0.3559 -0.018 0.0017 5.44e-26 -- 805503 0.997717 0.3566 -0.018 0.0023 2.877e-15 -- 434126 0.997717 0.3568 -0.0199 0.0024 4.16e-16 -- 374087 0.997717 0.559377025812251
rs12936319:A:G 17 34959459 A G 0.6015 0.0171 0.0017 1.125e-22 ++ 718323 0.98393 0.6005 0.0164 0.0024 3.388e-12 ++ 394751 0.98393 0.6025 0.0192 0.0026 7.403e-14 ++ 326283 0.98393 0.418993984156244
rs12939549:A:G 17 78611724 A G 0.5572 0.018 0.0016 3.681e-28 ++ 806064 0.997733 0.5562 0.0174 0.0022 3.283e-15 ++ 434325 0.997733 0.5562 0.02 0.0023 1.287e-17 ++ 374450 0.997733 0.404098148792993
rs13107325:C:T 4 103188709 T C 0.082 0.0468 0.0032 3.805e-47 ++ 806141 1 0.0826 0.0452 0.0044 9.328e-25 ++ 434263 1 0.0852 0.0495 0.0047 3.218e-26 ++ 374588 1 0.495162400016664
rs13130484:C:T 4 45175691 T C 0.4296 0.0321 0.0016 8.344e-86 ++ 805793 0.99594 0.4284 0.0312 0.0022 1.323e-44 ++ 434278 0.99594 0.4312 0.0352 0.0024 6.438e-50 ++ 374226 0.99594 0.209579900344435
rs13191362:A:G 6 163033350 A G 0.8572 0.0235 0.0025 4.079e-21 ++ 806582 0.994597 0.8551 0.0208 0.0034 6.397e-10 ++ 434660 0.994597 0.8527 0.0265 0.0036 2.338e-13 ++ 374633 0.994597 0.239738110586089
rs1320903:G:A 3 131758077 A G 0.3107 0.0215 0.0018 4.153e-32 ++ 718655 0.997464 0.3098 0.0181 0.0024 1.531e-13 ++ 394897 0.997464 0.309 0.0255 0.0027 1.654e-21 ++ 326464 0.997464 0.0364489526983843
rs13405033:C:T 2 113994595 T C 0.1518 0.0139 0.0027 1.588e-07 +? 484680 0.990864 0.1516 0.0056 0.0037 0.128 +? 262817 0.990864 0.1521 0.0263 0.004 4.372e-11 +? 221863 0.990864 0.000104530397279862
rs1361739:A:G 1 96289734 A G 0.3168 -0.0153 0.0018 2.772e-17 -- 718624 0.995694 0.3143 -0.0116 0.0024 2.092e-06 -- 394886 0.995694 0.314 -0.0205 0.0027 1.288e-14 -- 326450 0.995694 0.0118724233831704
rs1411432:A:C 9 16728532 A C 0.8136 -0.0207 0.0025 3.389e-17 -? 484680 0.990638 0.8141 -0.0202 0.0034 2.652e-09 -? 262817 0.990638 0.8129 -0.0241 0.0037 7.065e-11 -? 221863 0.990638 0.427987435785283
rs1428121:T:A 5 153547495 A T 0.5649 -0.0162 0.0017 3.291e-21 -- 717595 0.996951 0.5646 -0.0158 0.0023 9.432e-12 -- 394366 0.996951 0.564 -0.017 0.0025 1.296e-11 -- 325940 0.996951 0.718276939778364
rs1431659:A:G 8 73439070 A G 0.2737 0.0191 0.0019 2.327e-23 ++ 718649 0.993753 0.2735 0.0196 0.0026 2.944e-14 ++ 394898 0.993753 0.2741 0.0174 0.0028 7.171e-10 ++ 326462 0.993753 0.556515139538712
rs1436351:G:T 3 104617973 T G 0.7376 0.0151 0.0019 5.28e-16 ++ 806799 0.996853 0.7363 0.0132 0.0025 1.191e-07 ++ 434775 0.996853 0.7372 0.0178 0.0027 3.39e-11 ++ 374735 0.996853 0.201700312328949
rs1451077:G:A 2 147901207 A G 0.5776 -0.0169 0.0019 1.426e-18 -? 484680 0.995078 0.5766 -0.0151 0.0026 1.087e-08 -? 262817 0.995078 0.5789 -0.0177 0.0029 9.536e-10 -? 221863 0.995078 0.495421428988415
rs1451109:A:G 4 137071335 A G 0.6849 -0.0158 0.0017 1.355e-19 -- 803945 0.997238 0.6842 -0.0133 0.0024 1.769e-08 -- 433736 0.997238 0.6838 -0.0186 0.0025 2.469e-13 -- 372918 0.997238 0.118295481763899
rs1492014:T:C 3 94071481 T C 0.5674 -0.0171 0.0017 1.442e-23 -- 718371 0.998555 0.5681 -0.0145 0.0023 2.841e-10 -- 394714 0.998555 0.5681 -0.0213 0.0025 1.644e-17 -- 326341 0.998555 0.0409218187115442
rs1514177:C:G 1 74991402 C G 0.4255 0.0184 0.0016 8.068e-30 ++ 806358 0.999276 0.425 0.0202 0.0022 4.287e-20 ++ 434748 0.999276 0.4241 0.0167 0.0024 1.387e-12 ++ 374322 0.999276 0.272256342561674
rs1529897:T:G 2 25086827 T G 0.5704 -0.0307 0.0017 1.059e-72 -- 718565 1 0.5716 -0.0322 0.0023 5.917e-45 -- 394856 1 0.572 -0.0289 0.0025 6.842e-31 -- 326420 1 0.321150165992169
rs1541777:A:G 2 219587291 A G 0.5441 -0.0119 0.0016 1.799e-13 -- 806787 0.998988 0.5472 -0.0089 0.0022 4.186e-05 -- 434767 0.998988 0.5514 -0.0156 0.0023 1.816e-11 -- 374732 0.998988 0.031556000993109
rs1546924:T:C 1 112273485 T C 0.4997 0.0139 0.0016 2.339e-17 ++ 794849 0.993581 0.5031 0.0138 0.0022 4.266e-10 ++ 428260 0.993581 0.5058 0.0141 0.0024 2.319e-09 ++ 369298 0.993581 0.925026457236594
rs1689437:A:G 12 89758046 A G 0.9461 -0.0246 0.0034 4.988e-13 -- 793115 1 0.9469 -0.0211 0.0046 4.351e-06 -- 427208 1 0.9475 -0.0297 0.0049 2.039e-09 -- 368618 1 0.191258943221238
rs16907751:C:T 8 81375457 T C 0.0877 -0.0194 0.0029 1.626e-11 -- 792432 0.991078 0.0869 -0.0161 0.0039 4.085e-05 -- 427438 0.991078 0.0849 -0.0259 0.0042 7.806e-10 -- 367705 0.991078 0.0807661806869703
rs1701829:G:A 7 113033426 A G 0.3352 0.0153 0.0018 2.24e-17 ++ 718599 0.98473 0.3347 0.0108 0.0024 1.011e-05 ++ 394877 0.98473 0.3356 0.0214 0.0026 6.755e-16 ++ 326432 0.98473 0.00221712387649784
rs17024393:T:C 1 110154688 T C 0.9689 -0.0644 0.0049 7.105e-39 -- 782554 0.987842 0.9684 -0.0612 0.0066 3.561e-20 -- 421153 0.987842 0.968 -0.0711 0.0071 1.701e-23 -- 363857 0.987842 0.296940546826109
rs17094222:T:C 10 102395440 T C 0.7912 -0.0173 0.002 4.043e-18 -- 806450 0.991452 0.7911 -0.0128 0.0027 1.919e-06 -- 434603 0.991452 0.7914 -0.0255 0.0029 1.138e-18 -- 374558 0.991452 0.00106243383949807
rs17109256:G:A 14 79939993 A G 0.2335 0.0261 0.002 9.673e-40 ++ 803021 0.996149 0.2352 0.0226 0.0027 1.702e-17 ++ 432953 0.996149 0.2374 0.0308 0.0028 2.808e-27 ++ 372779 0.996149 0.0313109694737517
rs17276464:C:T 4 153028860 T C 0.4143 0.0096 0.0016 4.813e-09 ++ 806096 0.989607 0.4142 0.0066 0.0022 0.003263 ++ 434425 0.989607 0.4131 0.0144 0.0024 1.358e-09 ++ 374382 0.989607 0.0144168062851303
rs17459015:T:C 6 104817775 T C 0.8026 0.0186 0.0022 5.543e-18 ++ 718688 0.988041 0.8016 0.0199 0.0029 5.912e-12 ++ 394925 0.988041 0.8014 0.0184 0.0031 4.819e-09 ++ 326474 0.988041 0.718185507141209
rs17513613:T:C 19 30286822 T C 0.6924 -0.018 0.0017 5.505e-25 -- 806645 0.993373 0.694 -0.0177 0.0023 3.766e-14 -- 434700 0.993373 0.6946 -0.0179 0.0025 1.503e-12 -- 374655 0.993373 0.952054409227265
rs1765139:T:C 11 30353725 T C 0.7689 0.0155 0.002 4.595e-14 ++ 718694 0.998154 0.7674 0.0114 0.0028 3.756e-05 ++ 394928 0.998154 0.7669 0.0221 0.003 1.801e-13 ++ 326478 0.998154 0.00774545683074582
rs17783165:T:C 18 63461638 T C 0.671 -0.0128 0.0017 2.737e-13 -- 801018 1 0.6705 -0.0095 0.0023 5.067e-05 -- 431561 1 0.6684 -0.0163 0.0025 7.659e-11 -- 372168 1 0.0409218187115442
rs1787267:G:C 18 76742544 C G 0.0631 -0.0216 0.0035 8.025e-10 -- 718184 1 0.0635 -0.0169 0.0047 0.0003062 -- 394537 1 0.0629 -0.0327 0.0052 2.49e-10 -- 326358 1 0.0213332819532227
rs1800437:G:C 19 46181392 C G 0.1873 -0.0339 0.0021 3.321e-59 -- 772637 1 0.187 -0.0319 0.0028 2.347e-30 -- 420005 1 0.1861 -0.0365 0.003 1.731e-33 -- 355343 1 0.252280513982284
rs1852006:G:A 7 77829768 A G 0.376 -0.0153 0.0018 6.709e-18 -- 718382 1 0.3782 -0.0136 0.0024 1.402e-08 -- 394777 1 0.3793 -0.0179 0.0026 6.014e-12 -- 326316 1 0.214563322488963
rs1916801:A:T 3 61187046 A T 0.616 0.0169 0.0017 1.932e-24 ++ 792378 0.996877 0.6199 0.017 0.0022 1.752e-14 ++ 430006 0.996877 0.6209 0.0177 0.0024 1.376e-13 ++ 365082 0.996877 0.8262011883959
rs1955540:C:T 14 40801751 T C 0.1937 -0.0145 0.0022 2.271e-11 -- 718658 0.994994 0.1946 -0.0116 0.0029 6.823e-05 -- 394905 0.994994 0.1942 -0.02 0.0032 2.885e-10 -- 326463 0.994994 0.0469871190170149
rs1990573:A:G 16 9713688 A G 0.3061 -0.0129 0.0018 2.11e-13 -- 804412 0.989456 0.3062 -0.0113 0.0024 2.094e-06 -- 432938 0.989456 0.3055 -0.0171 0.0025 1.856e-11 -- 374185 0.989456 0.0873910085030598
rs1993709:A:G 1 72838529 A G 0.1805 -0.0317 0.0021 1.216e-52 -- 802039 0.994885 0.1793 -0.0263 0.0028 5.726e-21 -- 432846 0.994885 0.1779 -0.0413 0.003 1.486e-42 -- 371904 0.994885 0.000189111921191129
rs1996120:G:A 15 68181534 A G 0.4228 -0.0167 0.0016 3.88e-24 -- 804971 0.992539 0.4238 -0.0153 0.0022 5.674e-12 -- 433935 0.992539 0.4235 -0.0186 0.0024 9.408e-15 -- 373747 0.992539 0.300601112531835
rs2075650:A:G 19 45395619 A G 0.8566 0.0245 0.0023 6.631e-26 ++ 793088 1 0.8566 0.0262 0.0031 8.454e-17 ++ 428755 1 0.8568 0.0218 0.0034 1.151e-10 ++ 367044 1 0.328754622121149
rs208015:T:C 17 46252346 T C 0.07 0.0352 0.0033 7.174e-26 ++ 718529 0.995504 0.0701 0.0348 0.0045 1.215e-14 ++ 394847 0.995504 0.0703 0.0365 0.0049 8.718e-14 ++ 326393 0.995504 0.794118248047828
rs2143975:C:G 14 33297398 C G 0.4578 0.0162 0.0017 7.99e-21 ++ 712519 0.984 0.4576 0.015 0.0023 1.272e-10 ++ 392542 0.984 0.4573 0.0188 0.0025 1.646e-13 ++ 322688 0.984 0.253281629489707
rs2145270:C:T 20 6621685 T C 0.6162 0.018 0.0017 1.076e-26 ++ 805976 1 0.6163 0.0159 0.0023 2.325e-12 ++ 434356 1 0.6163 0.0208 0.0024 6.966e-18 ++ 374331 1 0.132194398100995
rs215607:G:A 7 32338337 A G 0.7786 -0.0163 0.0021 6.256e-15 -- 664265 1 0.7797 -0.0127 0.0028 7.451e-06 -- 369124 1 0.7793 -0.0216 0.0031 4.187e-12 -- 297851 1 0.0295699902021086
rs2172935:C:T 1 201826340 T C 0.3232 0.0235 0.0018 5.631e-39 ++ 718678 0.998519 0.322 0.0212 0.0024 1.979e-18 ++ 394920 0.998519 0.3213 0.0267 0.0026 3.559e-24 ++ 326469 0.998519 0.112405672897939
rs217672:A:C 14 62361021 A C 0.7244 -0.017 0.0021 2.224e-15 -? 484680 0.994176 0.7244 -0.0152 0.0029 2.317e-07 -? 262817 0.994176 0.7243 -0.0201 0.0032 4.399e-10 -? 221863 0.994176 0.246561024045107
rs2183825:T:C 9 28412375 T C 0.6865 -0.0233 0.0017 3.914e-41 -- 806738 0.997843 0.6867 -0.0248 0.0023 2.314e-26 -- 434740 0.997843 0.6892 -0.0229 0.0025 4.4e-20 -- 374705 0.997843 0.567859052196999
rs2206277:C:T 6 50798526 T C 0.1557 0.0408 0.0021 1.822e-83 ++ 806768 1 0.1528 0.039 0.0028 6.046e-43 ++ 434761 1 0.1508 0.0454 0.0031 5.35e-50 ++ 374718 1 0.117671468476925
rs2228213:G:A 6 12124855 A G 0.3374 -0.0144 0.0017 5.498e-17 -- 806782 1 0.3374 -0.0148 0.0023 9.209e-11 -- 434761 1 0.3366 -0.0151 0.0025 6.772e-10 -- 374731 1 0.928135718607321
rs2254336:A:T 6 39032835 A T 0.4763 -0.0081 0.0017 2.776e-06 -- 716726 0.986084 0.4763 -0.0035 0.0023 0.132 -+ 393843 0.986084 0.4763 -0.015 0.0025 3.325e-09 -- 325594 0.986084 0.000545600794097821
rs2275426:G:A 1 46487552 A G 0.4186 0.0113 0.0016 5.127e-12 ++ 806783 0.999858 0.4168 0.0091 0.0022 4.206e-05 ++ 434768 0.999858 0.4147 0.0145 0.0024 1.193e-09 ++ 374725 0.999858 0.0902892395208972
rs2307022:A:G 16 68381978 A G 0.3278 0.0134 0.0017 7.573e-15 ++ 806658 0.999505 0.3272 0.0121 0.0023 1.916e-07 ++ 434720 0.999505 0.3281 0.0148 0.0025 2.665e-09 ++ 374649 0.999505 0.416954725592474
rs2588785:G:A 8 76636191 A G 0.2819 -0.0201 0.0018 1.816e-28 -- 806762 0.999324 0.2832 -0.0188 0.0025 1.572e-14 -- 434755 0.999324 0.2841 -0.0211 0.0026 1.742e-15 -- 374715 0.999324 0.514875564604924
rs2601777:A:G 16 4035068 A G 0.386 -0.0143 0.0017 2.838e-17 -- 804920 0.979249 0.3859 -0.0152 0.0023 4.24e-11 -- 433842 0.979249 0.3876 -0.0145 0.0025 4.076e-09 -- 373789 0.979249 0.833320501014254
rs2640017:A:G 3 141335121 A G 0.9306 -0.0329 0.0033 6.108e-24 -- 801101 0.997298 0.9302 -0.0324 0.0044 1.57e-13 -- 431441 0.997298 0.9305 -0.0344 0.0047 4.442e-13 -- 372368 0.997298 0.751042067479877
rs273505:T:C 19 18217147 T C 0.5783 -0.0173 0.0019 3.321e-19 -? 484680 0.997811 0.578 -0.0163 0.0027 8.696e-10 -? 262817 0.997811 0.5787 -0.0195 0.0029 2.216e-11 -? 221863 0.997811 0.409481645363728
rs2803316:A:G 1 1865298 A G 0.4551 -0.0142 0.0017 1.878e-16 -- 716462 0.991647 0.4547 -0.0142 0.0023 1.227e-09 -- 393817 0.991647 0.4565 -0.0149 0.0025 4.033e-09 -- 325356 0.991647 0.833320501014254
rs2814998:C:T 6 34625211 T C 0.2085 0.0259 0.0019 3.109e-40 ++ 805416 0.999468 0.2076 0.0275 0.0026 8.33e-26 ++ 433926 0.999468 0.2074 0.0228 0.0028 5.761e-16 ++ 374201 0.999468 0.20903026787323
rs2860199:C:T 4 130764605 T C 0.7136 -0.0142 0.0019 1.811e-14 -- 718323 0.995775 0.7151 -0.0119 0.0025 2.051e-06 -- 394738 0.995775 0.716 -0.0171 0.0027 3.061e-10 -- 326296 0.995775 0.148949700351983
rs2862996:G:T 11 43653833 T G 0.7012 -0.0216 0.0017 3.604e-35 -- 806675 1 0.702 -0.0226 0.0024 1.109e-21 -- 434704 1 0.7043 -0.0199 0.0025 2.486e-15 -- 374675 1 0.426195005176357
rs288230:T:C 5 107422067 T C 0.8394 0.0238 0.0023 4.666e-26 ++ 718691 0.993947 0.841 0.0262 0.003 7.003e-18 ++ 394923 0.993947 0.8409 0.0209 0.0033 2.616e-10 ++ 326479 0.993947 0.224883286706676
rs2908889:T:A 16 49057188 A T 0.3885 0.0121 0.0018 7.102e-12 ++ 718670 0.987379 0.3888 0.0105 0.0024 1.036e-05 ++ 394917 0.987379 0.3885 0.0159 0.0026 6.195e-10 ++ 326464 0.987379 0.11908886792517
rs2960151:C:A 8 116718620 A C 0.7639 0.0208 0.0022 2.048e-20 +? 484680 0.99355 0.7638 0.0198 0.0031 1.493e-10 +? 262817 0.99355 0.7641 0.0225 0.0034 3.222e-11 +? 221863 0.99355 0.54897759453164
rs29938:T:C 19 34311481 T C 0.3425 -0.0158 0.0017 3.81e-20 -- 803927 0.995608 0.3422 -0.015 0.0023 9.074e-11 -- 433727 0.995608 0.3427 -0.0168 0.0025 1.308e-11 -- 372910 0.995608 0.588408424169903
rs2997084:C:G 1 66393732 C G 0.5637 0.0131 0.0019 1.275e-11 +? 484680 0.985156 0.564 0.0093 0.0027 0.0004639 +? 262817 0.985156 0.5633 0.019 0.0029 6.448e-11 +? 221863 0.985156 0.012412542137866
rs33485:C:T 3 42417982 T C 0.7415 -0.015 0.0019 1.466e-14 -- 716263 1 0.741 -0.014 0.0026 9.769e-08 -- 393715 1 0.7413 -0.0176 0.0029 7.118e-10 -- 325258 1 0.345216584450215
rs34045288:C:T 6 40369081 T C 0.3303 0.0224 0.002 2.562e-28 +? 484680 0.998649 0.3302 0.0214 0.0028 1.551e-14 +? 262817 0.998649 0.3304 0.0249 0.0031 3.949e-16 +? 221863 0.998649 0.392189807357992
rs34277166:G:A 10 102634853 A G 0.44 0.0144 0.0019 8.255e-14 +? 484680 0.99349 0.4396 0.011 0.0026 3.257e-05 +? 262817 0.99349 0.4404 0.0185 0.0029 1.86e-10 +? 221863 0.99349 0.0492437301782771
rs34297248:G:A 8 23364378 A G 0.2051 -0.014 0.0024 2.902e-09 -? 484680 1 0.2056 -0.0106 0.0032 0.001062 -? 262817 1 0.2046 -0.0216 0.0036 1.09e-09 -? 221863 1 0.0196918949696607
rs34360:C:A 5 74967708 A C 0.6482 0.0269 0.0017 2.082e-56 ++ 806660 0.998085 0.6488 0.0293 0.0023 5.751e-38 ++ 434707 0.998085 0.6491 0.024 0.0024 6.297e-23 ++ 374663 0.998085 0.103439478445236
rs34417222:C:T 20 47450063 T C 0.303 -0.0136 0.0021 7.18e-11 -? 484680 0.997571 0.3025 -0.0108 0.0029 0.0001734 -? 262817 0.997571 0.3036 -0.0185 0.0031 3.356e-09 -? 221863 0.997571 0.0639479773443345
rs34811474:G:A 4 25408838 A G 0.2224 -0.0293 0.0023 8.504e-38 -? 484680 1 0.222 -0.0317 0.0031 5.19e-24 -? 262817 1 0.2229 -0.0278 0.0034 6.475e-16 -? 221863 1 0.386684720722335
rs349071:G:A 11 84776849 A G 0.4993 -0.0139 0.0019 4.218e-13 -? 484680 0.993804 0.4997 -0.0124 0.0026 2.337e-06 -? 262817 0.993804 0.4989 -0.0177 0.0029 7.532e-10 -? 221863 0.993804 0.164637444754651
rs35388084:G:A 20 50960490 A G 0.1815 -0.0261 0.0025 6.332e-26 -? 484680 0.996671 0.1816 -0.0249 0.0034 2.832e-13 -? 262817 0.996671 0.1814 -0.0277 0.0037 1.115e-13 -? 221863 0.996671 0.569305195790339
rs355777:G:C 3 154034950 C G 0.3984 0.0151 0.0017 2.129e-18 ++ 718342 0.996732 0.3968 0.0143 0.0023 8.183e-10 ++ 394747 0.996732 0.3968 0.017 0.0025 1.808e-11 ++ 326305 0.996732 0.416954725592474
rs3814120:G:A 9 129414929 A G 0.0851 0.0213 0.003 1.047e-12 ++ 717834 0.990521 0.0846 0.0149 0.004 0.0002104 ++ 394320 0.990521 0.0839 0.03 0.0044 8.395e-12 ++ 326199 0.990521 0.00950576994008201
rs3849570:C:A 3 81792112 A C 0.3541 0.0134 0.0017 7.347e-15 ++ 769019 0.999727 0.3549 0.0111 0.0023 1.645e-06 ++ 416331 0.999727 0.3544 0.0149 0.0025 2.559e-09 ++ 355399 0.999727 0.253281629489707
rs3922980:G:T 9 27803737 T G 0.5021 -0.0127 0.0017 8.038e-14 -- 718313 0.990978 0.5028 -0.0099 0.0023 1.529e-05 -- 394734 0.990978 0.5004 -0.0167 0.0025 2.016e-11 -- 326289 0.990978 0.0409218187115442
rs3923783:C:A 17 1843189 A C 0.1784 -0.0222 0.0022 4.121e-23 -- 714524 0.998507 0.1778 -0.0237 0.003 5.553e-15 -- 393609 0.998507 0.178 -0.0226 0.0033 7.469e-12 -- 323625 0.998507 0.80112717109903
rs4057931:G:A 17 39268784 A G 0.6732 -0.0118 0.002 7.473e-09 -? 484680 0.998667 0.6724 -0.0049 0.0028 0.0824 -? 262817 0.998667 0.6743 -0.0199 0.0031 8.554e-11 -? 221863 0.998667 0.0002453324127007
rs4123853:C:T 8 14091025 T C 0.3727 0.014 0.0017 1.057e-15 ++ 718536 0.9977 0.373 0.0119 0.0024 4.874e-07 ++ 394846 0.9977 0.3732 0.0166 0.0026 1.103e-10 ++ 326401 0.9977 0.17491870599678
rs4273371:T:C 3 108119071 T C 0.5066 -0.0113 0.0016 3.799e-12 -- 806456 1 0.5051 -0.0087 0.0022 6.028e-05 -- 434596 1 0.5048 -0.014 0.0023 1.958e-09 -- 374570 1 0.0889921198259905
rs427943:A:C 21 46570896 A C 0.4288 -0.0177 0.0017 3.603e-25 -- 742360 0.991994 0.4277 -0.0177 0.0023 1.369e-14 -- 405392 0.991994 0.4265 -0.0175 0.0025 2.19e-12 -- 339679 0.991994 0.952054409227265
rs4410328:C:T 2 69600683 T C 0.4113 -0.0103 0.0019 8.688e-08 -? 484680 0.994116 0.4117 -0.0044 0.0027 0.09586 -? 262817 0.994116 0.4108 -0.0199 0.0029 7.749e-12 -? 221863 0.994116 6.46519772761774e-05
rs4432163:T:C 13 59197536 T C 0.5037 -0.0147 0.0017 6.085e-18 -- 717625 0.990732 0.5012 -0.0114 0.0023 5.498e-07 -- 394386 0.990732 0.5019 -0.0187 0.0025 7.522e-14 -- 325950 0.990732 0.0281895024063313
rs4548017:A:G 6 98399521 A G 0.3936 -0.0179 0.002 6.114e-20 -? 484680 0.994159 0.3942 -0.0155 0.0027 8.598e-09 -? 262817 0.994159 0.3928 -0.0236 0.0029 1.128e-15 -? 221863 0.994159 0.036816727136683
rs45486197:G:A 19 2244849 A G 0.0635 0.0279 0.004 1.801e-12 +? 484680 0.981249 0.0635 0.0251 0.0054 4.083e-06 +? 262817 0.981249 0.0635 0.0352 0.006 3.491e-09 +? 221863 0.981249 0.201328461491445
rs4671328:T:G 2 58935282 T G 0.4496 0.0214 0.0017 3.422e-36 ++ 718386 0.980863 0.4493 0.0215 0.0023 1.098e-20 ++ 394767 0.980863 0.4507 0.0213 0.0025 3.121e-17 ++ 326330 0.980863 0.952054409227265
rs4734:T:G 9 131018639 T G 0.8402 -0.0176 0.0024 1.948e-13 -- 709308 0.989702 0.8394 -0.0156 0.0032 1.478e-06 -- 388986 0.989702 0.8391 -0.0223 0.0035 2.747e-10 -- 323033 0.989702 0.149065527022064
rs4740619:T:C 9 15634326 T C 0.5436 0.0189 0.0016 3.147e-31 ++ 806567 0.998657 0.5433 0.0196 0.0022 3.013e-19 ++ 434674 0.998657 0.5423 0.0187 0.0023 1.503e-15 ++ 374605 0.998657 0.772730884957875
rs4841504:C:A 8 11024663 A C 0.5008 -0.0166 0.0016 5.412e-24 -- 805947 0.989299 0.5003 -0.0144 0.0022 7.776e-11 -- 434686 0.989299 0.5023 -0.0193 0.0024 4.236e-16 -- 373972 0.989299 0.124285041786339
rs4900715:G:A 14 47306418 A G 0.5275 -0.0147 0.0017 5.458e-18 -- 718684 0.995805 0.5313 -0.0106 0.0023 3.641e-06 -- 394921 0.995805 0.5321 -0.0196 0.0025 3.418e-15 -- 326473 0.995805 0.0068156622404599
rs4906263:G:C 14 103249127 C G 0.6562 -0.0176 0.0018 8.106e-23 -- 718534 0.997605 0.6563 -0.0169 0.0024 3.054e-12 -- 394842 0.997605 0.6562 -0.0182 0.0026 3.994e-12 -- 326403 0.997605 0.707496284385715
rs4929923:T:C 11 8639200 T C 0.3394 -0.0186 0.0017 2.567e-28 -- 806131 1 0.3365 -0.0221 0.0023 2.507e-22 -- 434437 1 0.3355 -0.0146 0.0024 2.014e-09 -- 374405 1 0.0212033544593567
rs4970658:G:A 1 82465778 A G 0.1826 0.0147 0.002 1.134e-13 ++ 718116 0.998308 0.1748 0.014 0.0027 1.394e-07 ++ 394631 0.998308 0.1741 0.0172 0.0029 2.795e-09 ++ 326195 0.998308 0.409481645363728
rs4985155:A:G 16 15129459 A G 0.6689 0.0102 0.0017 3.391e-09 ++ 806518 0.997985 0.6694 0.0059 0.0023 0.01087 ++ 434638 0.997985 0.6704 0.0153 0.0025 4.74e-10 ++ 374583 0.997985 0.00471371592693674
rs4986045:G:C 17 21263693 C G 0.4594 -0.0178 0.0017 9.135e-25 -- 714430 0.992956 0.458 -0.017 0.0023 2.457e-13 -- 392782 0.992956 0.4591 -0.0184 0.0025 3.036e-13 -- 324358 0.992956 0.673835645421518
rs543874:A:G 1 177889480 A G 0.7786 -0.0479 0.002 3.06e-125 -- 806688 1 0.7768 -0.0576 0.0027 8.7e-100 -- 434718 1 0.7749 -0.036 0.0029 3.7e-35 -- 374681 1 2.58506641941415e-08
rs56398417:C:T 3 88024986 T C 0.3041 -0.014 0.0021 1.305e-11 -? 484680 0.996632 0.3044 -0.0085 0.0028 0.002801 -? 262817 0.996632 0.3037 -0.022 0.0031 1.344e-12 -? 221863 0.996632 0.000965555712936875
rs57149692:G:C 16 30142021 C G 0.4002 -0.0228 0.0019 1.246e-31 -? 484680 0.990791 0.401 -0.0207 0.0027 1.037e-14 -? 262817 0.990791 0.3992 -0.0267 0.0029 1.113e-19 -? 221863 0.990791 0.121981070036621
rs6021046:C:T 20 49826180 T C 0.2312 0.0102 0.002 4.733e-07 ++ 697517 0.996818 0.2301 0.0038 0.0027 0.1644 ++ 384579 0.996818 0.2298 0.0203 0.003 1.441e-11 ++ 315649 0.996818 2.9810219413227e-05
rs6024459:T:C 20 54395168 T C 0.8075 0.0127 0.0022 7.917e-09 ++ 718643 0.997396 0.8057 0.0071 0.003 0.01606 ++ 394905 0.997396 0.8053 0.0191 0.0032 2.939e-09 ++ 326448 0.997396 0.00520517272120774
rs61813324:C:T 1 156049877 T C 0.1312 0.0289 0.0028 3.196e-24 +? 484680 0.966354 0.1308 0.0298 0.0039 3.598e-14 +? 262817 0.966354 0.1317 0.0276 0.0043 1.288e-10 +? 221863 0.966354 0.698737804154842
rs6235:C:G 5 95728898 C G 0.7335 -0.0176 0.0019 4.402e-20 -- 717800 1 0.7335 -0.0151 0.0026 5.411e-09 -- 394469 1 0.7335 -0.0207 0.0028 1.919e-13 -- 326042 1 0.134447304329882
rs6265:C:T 11 27679916 T C 0.1836 -0.0413 0.0021 7.399e-89 -- 806782 1 0.1829 -0.0368 0.0028 7.952e-40 -- 434768 1 0.1832 -0.0478 0.003 6.254e-58 -- 374725 1 0.0061883355660765
rs645040:G:T 3 135926622 T G 0.7703 0.0186 0.0019 9.578e-22 ++ 806763 1 0.7705 0.0184 0.0026 1.767e-12 ++ 434756 1 0.7697 0.0187 0.0028 3.155e-11 ++ 374717 1 0.936089878987162
rs6497451:T:G 16 20248466 T G 0.8577 0.022 0.0025 3.778e-18 ++ 706940 0.964957 0.8558 0.0197 0.0034 6.132e-09 ++ 388528 0.964957 0.8564 0.0259 0.0037 3.385e-12 ++ 321122 0.964957 0.207635166553674
rs6509525:T:C 19 51818151 T C 0.4735 -0.0106 0.0017 6.797e-10 -- 718558 0.995894 0.473 -0.0066 0.0023 0.004609 -- 394857 0.995894 0.4726 -0.0169 0.0025 2.29e-11 -- 326405 0.995894 0.00195789836776737
rs6539064:C:G 12 103706754 C G 0.7468 0.0194 0.0019 1.135e-23 ++ 718487 0.99276 0.7475 0.019 0.0026 2.773e-13 ++ 394811 0.99276 0.7486 0.0206 0.0028 3.612e-13 ++ 326387 0.99276 0.668902353427466
rs6559921:A:T 9 88872039 A T 0.7707 0.0112 0.002 2.864e-08 ++ 718698 0.99579 0.7701 0.0061 0.0027 0.0248 ++ 394927 0.99579 0.7711 0.0181 0.003 1.189e-09 ++ 326481 0.99579 0.00239501637953934
rs6567160:T:C 18 57829135 T C 0.7518 -0.0552 0.0019 7.82e-184 -- 806638 0.997773 0.7509 -0.0567 0.0026 8.74e-108 -- 434692 0.997773 0.7486 -0.0533 0.0028 2.112e-82 -- 374656 0.997773 0.363473251806112
rs6587553:A:G 1 151019180 A G 0.1971 0.0141 0.0021 4.948e-11 ++ 718495 0.995082 0.1977 0.0118 0.0029 3.994e-05 ++ 394820 0.995082 0.1977 0.0186 0.0031 2.663e-09 ++ 326386 0.995082 0.101837189975955
rs6667605:C:T 1 2502780 T C 0.495 0.0109 0.0017 1.244e-10 ++ 718109 0.997992 0.4926 0.008 0.0023 0.0004337 ++ 394634 0.997992 0.4934 0.0152 0.0025 1.017e-09 ++ 326185 0.997992 0.0304202113135286
rs676387:C:A 17 40706273 A C 0.3 0.0098 0.0019 2.086e-07 ++ 718621 0.999052 0.3021 0.0046 0.0025 0.072 +- 394882 0.999052 0.3031 0.0162 0.0027 4.095e-09 ++ 326450 0.999052 0.00128387250586034
rs6804842:A:G 3 25106437 A G 0.4301 -0.0141 0.0016 7.57e-18 -- 806143 0.991473 0.4302 -0.0106 0.0022 1.665e-06 -- 434445 0.991473 0.4295 -0.0182 0.0024 1.294e-14 -- 374409 0.991473 0.0171269643845929
rs6907240:T:C 6 101153782 T C 0.5281 -0.0122 0.0019 1.612e-10 -? 484680 0.995211 0.5279 -0.0084 0.0026 0.00149 -? 262817 0.995211 0.5283 -0.0177 0.0029 7.916e-10 -? 221863 0.995211 0.0147512398326643
rs6954694:G:A 7 76632098 A G 0.835 -0.0241 0.0026 1.09e-20 -? 484680 0.981689 0.8345 -0.0171 0.0035 1.363e-06 -? 262817 0.981689 0.8356 -0.0342 0.0039 1.405e-18 -? 221863 0.981689 0.000860772846701066
rs6962280:A:G 7 44788657 A G 0.4363 -0.014 0.0019 3.37e-13 -? 484680 0.989033 0.4363 -0.0101 0.0026 0.0001338 -? 262817 0.989033 0.4364 -0.0206 0.0029 1.268e-12 -? 221863 0.989033 0.00590400914234478
rs700648:C:T 2 198622636 T C 0.4962 0.0101 0.0016 5e-10 ++ 806713 0.998449 0.499 0.0073 0.0022 0.0007247 ++ 434732 0.998449 0.5011 0.0146 0.0023 3.548e-10 ++ 374692 0.998449 0.019153674549554
rs7012923:A:C 8 33630937 A C 0.4402 0.0092 0.0017 5.98e-08 ++ 738791 0.984839 0.4395 0.0047 0.0023 0.03943 ++ 406298 0.984839 0.4412 0.0163 0.0025 4.915e-11 ++ 341525 0.984839 0.000487793105177478
rs705704:G:A 12 56435412 A G 0.3241 -0.0137 0.0018 6.436e-15 -- 757294 0.997516 0.3224 -0.0128 0.0024 7.644e-08 -- 409942 0.997516 0.3222 -0.0163 0.0026 1.524e-10 -- 350063 0.997516 0.312394801340295
rs7123876:T:C 11 72444583 T C 0.7494 -0.0118 0.0019 2.921e-10 -- 806649 0.996333 0.7496 -0.0075 0.0025 0.002759 -- 434706 0.996333 0.7482 -0.0169 0.0027 3.378e-10 -- 374654 0.996333 0.00908193898098804
rs7124681:C:A 11 47529947 A C 0.4162 0.0257 0.0016 3.956e-55 ++ 806656 1 0.4175 0.0247 0.0022 9.267e-29 ++ 434712 1 0.4187 0.0275 0.0024 5.101e-31 ++ 374655 1 0.379778219324774
rs7132908:G:A 12 50263148 A G 0.3895 0.0305 0.0018 5.233e-64 ++ 663621 1 0.3918 0.0281 0.0024 5.689e-31 ++ 368802 1 0.3923 0.0346 0.0027 1.349e-38 ++ 297530 1 0.0661412645594781
rs7190997:T:C 16 31368178 T C 0.4769 0.0142 0.0016 2.755e-18 ++ 802289 0.987661 0.476 0.0139 0.0022 3.496e-10 ++ 431139 0.987661 0.4751 0.014 0.0024 3.008e-09 ++ 373861 0.987661 0.974976032205634
rs7193144:T:C 16 53810686 T C 0.5933 -0.0728 0.0017 0 -- 806570 0.999227 0.5933 -0.0675 0.0022 4.46e-201 -- 434666 0.999227 0.589 -0.0793 0.0024 2.84e-242 -- 374615 0.999227 0.000214389288144549
rs7217226:T:G 17 2136065 T G 0.656 -0.0137 0.0017 9.427e-16 -- 800625 0.997838 0.6574 -0.0104 0.0023 6.279e-06 -- 431274 0.997838 0.658 -0.0164 0.0025 2.574e-11 -- 372061 0.997838 0.071260644324778
rs7243357:T:G 18 56883319 T G 0.8349 0.0198 0.0021 1.309e-20 ++ 806787 0.990374 0.8365 0.0153 0.0029 8.72e-08 ++ 434765 0.990374 0.837 0.0249 0.0031 5.308e-16 ++ 374733 0.990374 0.0209068059737698
rs7258309:T:G 19 4016005 T G 0.7853 0.0171 0.0021 7.522e-16 ++ 718081 0.99157 0.7842 0.012 0.0029 2.53e-05 ++ 394593 0.99157 0.784 0.0233 0.0031 6.539e-14 ++ 326198 0.99157 0.00655457382525787
rs72673947:A:G 8 118884379 A G 0.8902 -0.0223 0.0031 4.106e-13 -? 484680 0.98111 0.8907 -0.0206 0.0042 1.063e-06 -? 262817 0.98111 0.8896 -0.0278 0.0046 1.759e-09 -? 221863 0.98111 0.2378147853834
rs7318817:C:T 13 28617708 T C 0.6303 -0.0143 0.0018 4.032e-16 -- 718694 0.998102 0.6313 -0.0141 0.0024 2.154e-09 -- 394927 0.998102 0.6303 -0.0153 0.0026 2.553e-09 -- 326478 0.998102 0.729073960048384
rs733381:A:G 22 40669648 A G 0.7712 0.0161 0.002 7.554e-16 ++ 803252 0.998452 0.769 0.0124 0.0027 3.357e-06 ++ 433652 0.998452 0.7669 0.0206 0.0029 5.197e-13 ++ 372308 0.998452 0.0345523693931453
rs7356034:G:A 3 170732599 A G 0.2861 0.0166 0.0021 2.34e-15 +? 484680 0.99815 0.2867 0.0136 0.0029 2.343e-06 +? 262817 0.99815 0.2854 0.0218 0.0032 6.238e-12 +? 221863 0.99815 0.0524866467524953
rs73966422:C:G 2 100754089 C G 0.8779 -0.0238 0.0029 1.954e-16 -? 484680 0.99671 0.8785 -0.0218 0.004 4.609e-08 -? 262817 0.99671 0.8772 -0.0275 0.0044 3.116e-10 -? 221863 0.99671 0.327614223410318
rs7397059:C:T 12 110310916 T C 0.5599 0.0101 0.0016 6.046e-10 ++ 806394 0.996765 0.5571 0.0072 0.0022 0.001147 ++ 434559 0.996765 0.5569 0.0144 0.0024 1.307e-09 ++ 374546 0.996765 0.0239145924142195
rs7574314:T:C 2 203964137 T C 0.6091 0.012 0.0017 3.745e-12 ++ 718688 0.995223 0.6084 0.0104 0.0023 8.362e-06 ++ 394924 0.995223 0.6099 0.0151 0.0025 2.723e-09 ++ 326474 0.995223 0.157659615791013
rs7599312:G:A 2 213413231 A G 0.2737 -0.0182 0.0018 1.521e-23 -- 806704 0.978529 0.2746 -0.0159 0.0025 1.074e-10 -- 434726 0.978529 0.2749 -0.0218 0.0026 1.513e-16 -- 374682 0.978529 0.0947936368268768
rs7654571:A:G 4 145321006 A G 0.2252 -0.0128 0.0019 3.491e-11 -- 801859 0.996583 0.2247 -0.0087 0.0026 0.0008231 -- 430920 0.996583 0.2225 -0.0186 0.0028 2.72e-11 -- 373650 0.996583 0.0081422130612634
rs76895963:T:G 12 4384844 T G 0.9798 -0.0403 0.0075 8.073e-08 -? 484680 0.812109 0.9798 -0.0115 0.0103 0.265 -? 262817 0.812109 0.9798 -0.0768 0.0113 1.067e-11 -? 221863 0.812109 1.29119456845188e-05
rs7730898:G:A 5 170459675 A G 0.7318 0.0166 0.0018 7.029e-20 ++ 806663 0.998331 0.7314 0.016 0.0025 7.432e-11 ++ 434706 0.998331 0.7314 0.0169 0.0026 9.94e-11 ++ 374668 0.998331 0.798844556059773
rs7733438:T:G 5 87986284 T G 0.8587 -0.0287 0.0025 4.034e-31 -- 718338 0.976662 0.8589 -0.0238 0.0033 9.462e-13 -- 394742 0.976662 0.8586 -0.0345 0.0036 2.068e-21 -- 326307 0.976662 0.0252480284504205
rs77335224:C:T 10 104636276 T C 0.0901 0.0225 0.0033 1.323e-11 +? 484680 0.992649 0.0898 0.0132 0.0046 0.004134 +? 262817 0.992649 0.0906 0.0348 0.005 3.439e-12 +? 221863 0.992649 0.00116684459290352
rs77560793:G:A 1 175001179 A G 0.0304 -0.0379 0.0056 1.057e-11 -? 484680 0.984143 0.03 -0.0287 0.0077 0.0001964 -? 262817 0.984143 0.0307 -0.0524 0.0083 3.397e-10 -? 221863 0.984143 0.032524809018752
rs7773045:T:G 6 81443423 T G 0.9211 0.0137 0.003 5.847e-06 ++ 797325 0.999451 0.9211 0.0054 0.0041 0.1831 ++ 430094 0.999451 0.9215 0.0264 0.0044 1.597e-09 ++ 369942 0.999451 0.000362289730132853
rs780094:T:C 2 27741237 T C 0.3798 -0.0096 0.0016 5.85e-09 -- 806724 1 0.3796 -0.0059 0.0022 0.007723 -- 434748 1 0.3804 -0.0167 0.0024 2.988e-12 -- 374686 1 0.000704690071178224
rs78255464:A:C 12 132413598 A C 0.8328 0.0124 0.0026 1.468e-06 +? 484680 0.98003 0.8323 0.0057 0.0035 0.106 +? 262817 0.98003 0.8335 0.0233 0.0039 2.136e-09 +? 221863 0.98003 0.000603769199265467
rs7903146:C:T 10 114758349 T C 0.2787 -0.0178 0.0018 1.665e-23 -- 806810 1 0.2768 -0.0148 0.0024 8.234e-10 -- 434780 1 0.2775 -0.0231 0.0026 3.571e-19 -- 374740 1 0.0165913631312454
rs7933085:A:G 11 130796248 A G 0.4899 -0.0152 0.0019 2.498e-15 -? 484680 0.98728 0.4895 -0.0144 0.0026 4.601e-08 -? 262817 0.98728 0.4904 -0.0174 0.0029 1.624e-09 -? 221863 0.98728 0.431521839517726
rs7942486:G:T 11 13288698 T G 0.591 0.0142 0.0016 3.782e-18 ++ 804174 0.997371 0.5937 0.0135 0.0022 7.542e-10 ++ 433223 0.997371 0.5991 0.0144 0.0023 8.341e-10 ++ 373663 0.997371 0.772730884957875
rs7963783:T:G 12 118409363 T G 0.7132 0.0117 0.0019 7.033e-10 ++ 718497 0.99537 0.712 0.0077 0.0025 0.002421 ++ 394809 0.99537 0.713 0.0166 0.0028 1.683e-09 ++ 326379 0.99537 0.0154647111273366
rs79716947:A:G 2 205466372 A G 0.9646 -0.0382 0.0052 1.692e-13 -? 484680 0.980175 0.9645 -0.0334 0.0071 2.705e-06 -? 262817 0.980175 0.9647 -0.0458 0.0078 4.97e-09 -? 221863 0.980175 0.229898156916342
rs8008772:A:T 14 88321884 A T 0.7454 -0.0133 0.002 2.378e-11 -- 714722 0.989737 0.7437 -0.0113 0.0027 2.514e-05 -- 391556 0.989737 0.7437 -0.0175 0.0029 1.93e-09 -- 325878 0.989737 0.110029191331386
rs8036171:A:C 15 95266810 A C 0.3724 0.0149 0.0017 7.601e-19 ++ 804979 0.996391 0.3744 0.0148 0.0023 8.799e-11 ++ 433868 0.996391 0.3742 0.0153 0.0025 4.256e-10 ++ 373820 0.996391 0.880513936807281
rs8041222:G:A 15 79465549 A G 0.4106 -0.0132 0.0019 1.019e-11 -? 484680 0.996081 0.4112 -0.0099 0.0027 0.0001969 -? 262817 0.996081 0.41 -0.0194 0.0029 3.28e-11 -? 221863 0.996081 0.0143395374541856
rs8061590:A:G 16 28895130 A G 0.6181 -0.0284 0.0017 2.667e-66 -- 806667 0.99761 0.6195 -0.0261 0.0022 8.702e-32 -- 434724 0.99761 0.6194 -0.0314 0.0024 1.561e-39 -- 374655 0.99761 0.096411380129809
rs887912:T:C 2 59302877 T C 0.2963 0.0204 0.0018 2.043e-30 ++ 803005 1 0.2965 0.0205 0.0024 1.754e-17 ++ 431500 1 0.2987 0.0229 0.0026 2.748e-19 ++ 374215 1 0.488488255503995
rs889398:C:T 16 69556715 T C 0.4151 -0.0195 0.0016 3.234e-32 -- 806620 0.990464 0.4159 -0.0188 0.0022 1.921e-17 -- 434685 0.990464 0.4179 -0.0209 0.0024 1.535e-18 -- 374645 0.990464 0.510069964294832
rs891387:T:C 18 21103909 T C 0.4951 0.0208 0.0017 9.256e-35 ++ 718548 0.999065 0.4936 0.0203 0.0023 5.34e-19 ++ 394858 0.999065 0.4956 0.0227 0.0025 6.808e-20 ++ 326401 0.999065 0.470586468748311
rs912690:C:G 13 97020705 C G 0.5556 -0.0145 0.0017 2.388e-17 -- 718623 0.981426 0.5573 -0.0132 0.0023 1.168e-08 -- 394886 0.981426 0.5566 -0.0173 0.0025 6.92e-12 -- 326447 0.981426 0.217722993147547
rs9277972:A:T 6 33276770 A T 0.8069 -0.017 0.0022 5.456e-15 -- 717002 1 0.8068 -0.0133 0.0029 5.986e-06 -- 393919 1 0.8056 -0.0239 0.0032 7.633e-14 -- 325794 1 0.0121875063687942
rs9595893:G:T 13 33175793 T G 0.3597 -0.0162 0.0018 3.856e-20 -- 718525 0.998156 0.3587 -0.0146 0.0024 1.064e-09 -- 394841 0.998156 0.3595 -0.0199 0.0026 1.24e-14 -- 326395 0.998156 0.126079558889591
rs9603697:C:T 13 40783323 T C 0.3184 0.0134 0.0018 1.689e-13 ++ 718556 0.993539 0.3174 0.0086 0.0024 0.0004127 ++ 394851 0.993539 0.3168 0.0197 0.0027 1.335e-13 ++ 326415 0.993539 0.00170206457820461
rs9638713:A:G 7 14645949 A G 0.0267 0.0298 0.0052 9.24e-09 ++ 779808 0.985638 0.0265 0.0177 0.007 0.01149 ++ 421217 0.985638 0.0267 0.045 0.0075 2.324e-09 ++ 361301 0.985638 0.00657331313839429
rs9661500:G:A 1 1590681 A G 0.6933 0.0183 0.0021 6.439e-19 +? 484680 0.98985 0.6925 0.0186 0.0028 5.211e-11 +? 262817 0.98985 0.6941 0.0183 0.0031 4.268e-09 +? 221863 0.98985 0.941534228331802
rs9816226:A:T 3 185834499 A T 0.1755 -0.0315 0.0021 1.447e-50 -- 794122 0.989581 0.1742 -0.0308 0.0028 1.754e-27 -- 428004 0.989581 0.1738 -0.0341 0.0031 5.051e-29 -- 368829 0.989581 0.419805669871324
rs984225:G:A 1 119504284 A G 0.5958 -0.0122 0.0016 1.03e-13 -- 806792 0.999595 0.5953 -0.0104 0.0022 2.978e-06 -- 434775 0.999595 0.5943 -0.0148 0.0024 5.9e-10 -- 374728 0.999595 0.167527049414921
rs9857883:A:C 3 157887272 A C 0.6042 0.0116 0.0016 1.646e-12 ++ 806741 0.998218 0.6047 0.0096 0.0022 1.538e-05 ++ 434746 0.998218 0.606 0.0145 0.0024 9.433e-10 ++ 374701 0.998218 0.124285041786339
rs9870575:G:A 3 156296559 A G 0.1416 -0.0153 0.0024 1.367e-10 -- 715914 0.999581 0.1408 -0.0102 0.0032 0.001492 -- 393867 0.999581 0.1409 -0.0237 0.0035 1.48e-11 -- 324750 0.999581 0.00364662376646987
