SNP Chr.ref.males Pos.ref.males A1.combined A2.combined frqA1.combined beta.combined se.combined pval.combined dir.combined nmeta.combined info.combined frqA1.females beta.females se.females pval.females dir.females nmeta.females info.females frqA1.males beta.males se.males pval.males dir.males nmeta.males info.males psexdiff
rs10002111:A:G 4 67815504 A G 0.2227 0.0125 0.0021 1.257e-09 ++ 718668 0.993308 0.2244 0.0169 0.0028 9.261e-10 ++ 394914 0.993308 0.2242 0.0052 0.003 0.08546 ++ 326464 0.993308 0.00359301435519732
rs1003081:C:T 11 118913993 T C 0.437 0.0127 0.0016 8.372e-15 ++ 805580 0.992452 0.4349 0.0144 0.0022 6.268e-11 ++ 434157 0.992452 0.4359 0.0108 0.0024 5.261e-06 ++ 374128 0.992452 0.258792684161044
rs1016287:T:C 2 59305625 T C 0.3035 0.0208 0.0018 8.96e-32 ++ 806649 0.996735 0.304 0.0215 0.0024 4.388e-19 ++ 434702 0.996735 0.3057 0.0225 0.0026 1.309e-18 ++ 374658 0.996735 0.772863493265947
rs10179086:T:C 2 232744209 T C 0.7895 -0.0113 0.002 2.478e-08 -- 718412 0.990459 0.792 -0.0162 0.0027 3.059e-09 -- 394794 0.990459 0.7938 -0.0059 0.003 0.04834 -- 326329 0.990459 0.00915645489851316
rs10203386:T:A 2 25136866 A T 0.4506 0.0318 0.0017 1.432e-78 ++ 718474 0.99609 0.45 0.0342 0.0023 2.518e-50 ++ 394804 0.99609 0.45 0.0281 0.0025 2.455e-29 ++ 326380 0.99609 0.0666723377315864
rs10237317:A:G 7 70045941 A G 0.5872 -0.0112 0.0017 1.259e-11 -- 805984 0.987844 0.588 -0.0138 0.0022 6.824e-10 -- 434342 0.987844 0.5889 -0.0084 0.0024 0.0004565 -- 374353 0.987844 0.0902892395208972
rs1025395:G:C 8 8836603 C G 0.4411 0.0159 0.0017 2.272e-20 ++ 718383 0.992694 0.4412 0.0165 0.0023 8.417e-13 ++ 394756 0.992694 0.441 0.0147 0.0025 5.97e-09 ++ 326337 0.992694 0.588408424169903
rs10440098:T:C 3 20578998 T C 0.6035 0.01 0.0018 1.176e-08 ++ 717724 0.981346 0.6028 0.0146 0.0024 8.765e-10 ++ 394430 0.981346 0.6002 0.0048 0.0026 0.06302 ++ 326004 0.981346 0.00467539409345854
rs1048932:C:A 11 115044850 A C 0.4376 -0.0177 0.0016 4.051e-27 -- 806352 1 0.4397 -0.0182 0.0022 2.523e-16 -- 434552 1 0.4426 -0.0166 0.0024 3.205e-12 -- 374511 1 0.61574590204428
rs10499694:A:G 7 50614173 A G 0.4935 0.013 0.0016 1.285e-15 ++ 806696 0.995145 0.4938 0.0136 0.0022 3.986e-10 ++ 434721 0.995145 0.494 0.0116 0.0023 7.206e-07 ++ 374686 0.995145 0.521010791658517
rs10513801:T:G 3 185822353 T G 0.8762 0.0352 0.0024 6.469e-49 ++ 795038 0.995033 0.8778 0.0352 0.0032 1.259e-27 ++ 428353 0.995033 0.8781 0.0374 0.0035 3.947e-27 ++ 369396 0.995033 0.635665083084078
rs10514303:C:A 5 88045029 A C 0.0778 0.0337 0.0032 8.009e-26 ++ 714608 0.994381 0.0776 0.0354 0.0044 4.55e-16 ++ 392926 0.994381 0.0778 0.0309 0.0047 5.473e-11 ++ 324393 0.994381 0.475321404264915
rs1075901:T:C 17 15943910 T C 0.4516 -0.0118 0.0016 4.431e-13 -- 806810 0.99862 0.4523 -0.0144 0.0022 4.356e-11 -- 434779 0.99862 0.4556 -0.0096 0.0023 4.572e-05 -- 374742 0.99862 0.123489342361456
rs10761785:G:T 10 65318766 T G 0.5136 -0.0133 0.0016 3.467e-16 -- 806365 0.996172 0.5139 -0.0172 0.0022 4.17e-15 -- 434558 0.996172 0.5135 -0.009 0.0024 0.0001415 -- 374518 0.996172 0.0101060640007379
rs10783779:T:G 12 56491880 T G 0.6004 0.0137 0.0018 5.252e-15 ++ 706285 0.99318 0.6006 0.0142 0.0024 2.063e-09 ++ 388526 0.99318 0.5993 0.0131 0.0026 3.563e-07 ++ 320469 0.99318 0.750868413740718
rs10797987:T:C 1 184651822 T C 0.5116 -0.0117 0.0019 7.694e-10 -? 484680 0.99535 0.5118 -0.0156 0.0026 2.054e-09 -? 262817 0.99535 0.5115 -0.0074 0.0029 0.009436 -? 221863 0.99535 0.0315541849737151
rs10823893:G:A 10 53677313 A G 0.407 0.0124 0.0019 1.551e-10 +? 484680 0.999027 0.4056 0.0175 0.0027 5.215e-11 +? 262817 0.999027 0.4087 0.0066 0.0029 0.02433 +? 221863 0.999027 0.00496191351844076
rs10824347:A:T 10 77645229 A T 0.7703 0.0131 0.002 4.668e-11 ++ 718659 0.997206 0.7707 0.0176 0.0027 5.465e-11 ++ 394912 0.997206 0.7709 0.0083 0.0029 0.004832 ++ 326458 0.997206 0.0165257323040251
rs10871589:G:A 18 63285783 A G 0.6775 -0.0164 0.002 1.031e-15 -? 484680 0.99307 0.6773 -0.0179 0.0028 1.891e-10 -? 262817 0.99307 0.6779 -0.0138 0.0031 7.309e-06 -? 221863 0.99307 0.316181225855907
rs10886017:C:A 10 118672531 A C 0.2413 0.0146 0.0019 4.469e-15 ++ 806301 0.982787 0.2402 0.0166 0.0025 3.891e-11 ++ 434522 0.982787 0.2388 0.0127 0.0027 2.901e-06 ++ 374490 0.982787 0.279057748460826
rs10892873:G:C 11 122535333 C G 0.3614 0.0118 0.0018 1.746e-11 ++ 718243 0.992533 0.3609 0.0143 0.0024 2.01e-09 ++ 394691 0.992533 0.3611 0.0097 0.0026 0.0001715 ++ 326262 0.992533 0.184275824407198
rs10920678:A:G 1 190239907 A G 0.425 0.0149 0.0016 7.148e-20 ++ 805921 0.996095 0.4244 0.0163 0.0022 7.46e-14 ++ 434469 0.996095 0.4222 0.0133 0.0024 1.895e-08 ++ 374163 0.996095 0.346683808253356
rs10930502:A:G 2 172890588 A G 0.694 0.0128 0.0018 2.737e-13 ++ 806321 0.995525 0.6938 0.0144 0.0024 1.431e-09 ++ 434531 0.995525 0.693 0.013 0.0025 3.144e-07 ++ 374501 0.995525 0.679903092502966
rs10938397:A:G 4 45182527 A G 0.57 -0.0322 0.0016 2.42e-86 -- 805635 1 0.5712 -0.0315 0.0022 1.66e-45 -- 434203 1 0.5683 -0.0349 0.0024 2.621e-49 -- 374142 1 0.286191704590203
rs10942267:A:G 5 80841914 A G 0.6927 0.0148 0.0018 6.532e-16 ++ 718640 0.993311 0.6943 0.0162 0.0025 5.85e-11 ++ 394898 0.993311 0.6953 0.0124 0.0027 3.84e-06 ++ 326453 0.993311 0.29157004406605
rs10950289:A:G 7 71429308 A G 0.8388 0.0177 0.0026 1.435e-11 +? 484680 0.975344 0.8391 0.0212 0.0036 4.595e-09 +? 262817 0.975344 0.8385 0.0127 0.0039 0.001213 +? 221863 0.975344 0.101927997234684
rs11038428:G:T 11 45404318 T G 0.2807 -0.0133 0.0018 1.798e-13 -- 799578 0.98827 0.2804 -0.0149 0.0024 8.804e-10 -- 432783 0.98827 0.2806 -0.011 0.0026 2.918e-05 -- 369506 0.98827 0.260308482496319
rs11073383:G:A 15 95274349 A G 0.4816 -0.0139 0.0017 3.379e-16 -- 718443 0.99319 0.4798 -0.0159 0.0023 3.256e-12 -- 394794 0.99319 0.4812 -0.0115 0.0025 4.482e-06 -- 326360 0.99319 0.185903187938592
rs11074446:T:C 16 20255123 T C 0.8534 0.0214 0.0024 3.667e-19 ++ 794991 0.961765 0.8517 0.0206 0.0032 1.247e-10 ++ 428356 0.961765 0.8514 0.0236 0.0035 9.665e-12 ++ 369346 0.961765 0.518248402842882
rs11181001:A:G 12 41948196 A G 0.4806 0.0136 0.0016 1.17e-16 ++ 805907 0.97536 0.4815 0.0133 0.0022 1.557e-09 ++ 434306 0.97536 0.4822 0.0144 0.0024 1.245e-09 ++ 374312 0.97536 0.73005798789983
rs11218510:G:A 11 121922587 A G 0.3949 -0.014 0.002 6.788e-13 -? 484680 0.998072 0.3948 -0.017 0.0027 2.644e-10 -? 262817 0.998072 0.395 -0.0092 0.0029 0.001775 -? 221863 0.998072 0.0443819937892432
rs1121980:G:A 16 53809247 A G 0.4378 0.072 0.0016 0 ++ 805935 1 0.4385 0.0673 0.0022 1.49e-206 ++ 434341 1 0.4422 0.0783 0.0024 5.15e-240 ++ 374305 1 0.000559582426937709
rs112566467:C:T 1 39562627 T C 0.2071 0.0184 0.0024 5.859e-15 +? 484680 0.986296 0.2071 0.0204 0.0032 2.718e-10 +? 262817 0.986296 0.207 0.0167 0.0036 2.731e-06 +? 221863 0.986296 0.432772441974163
rs113706999:T:A 3 44159156 A T 0.0227 0.0424 0.0067 2.258e-10 +? 484680 0.909391 0.0229 0.0553 0.0092 1.558e-09 +? 262817 0.909391 0.0224 0.0313 0.0101 0.002006 +? 221863 0.909391 0.0728067331617953
rs11611246:G:T 12 939480 T G 0.199 0.0223 0.002 2.037e-28 ++ 793063 0.995896 0.1991 0.0212 0.0027 1.266e-14 ++ 428828 0.995896 0.1962 0.0246 0.003 7.99e-17 ++ 366946 0.995896 0.38963209681868
rs11642612:A:C 16 30030195 A C 0.595 -0.0218 0.0017 2.14e-36 -- 718688 0.999334 0.5939 -0.0228 0.0023 1.076e-22 -- 394925 0.999334 0.5936 -0.0197 0.0025 1.176e-14 -- 326473 0.999334 0.351352032924203
rs11649864:G:A 17 56093061 A G 0.0859 0.0192 0.003 2.524e-10 ++ 690306 0.997534 0.0853 0.0246 0.0041 1.776e-09 ++ 382803 0.997534 0.0858 0.0127 0.0045 0.004699 ++ 310212 0.997534 0.0458994720215332
rs11660335:T:C 18 22154235 T C 0.8231 0.0151 0.0022 5.672e-12 ++ 718640 0.99189 0.8245 0.019 0.0029 1.201e-10 ++ 394901 0.99189 0.8251 0.0111 0.0032 0.0005208 ++ 326450 0.99189 0.0617373718506619
rs11668500:C:G 19 18836674 C G 0.5076 0.0191 0.0019 1.912e-23 +? 484680 0.987202 0.5072 0.0214 0.0026 5.314e-16 +? 262817 0.987202 0.5081 0.0157 0.0029 5.42e-08 +? 221863 0.987202 0.135039433277391
rs11672660:C:T 19 46180184 T C 0.1871 -0.0338 0.0021 6.831e-60 -- 781854 0.99966 0.1867 -0.0321 0.0028 5.932e-31 -- 426392 0.99966 0.1859 -0.0362 0.003 2.368e-33 -- 358173 0.99966 0.307543554035357
rs11677607:C:T 2 100751150 T C 0.2444 -0.0182 0.002 4.851e-20 -- 718557 0.995788 0.246 -0.024 0.0027 2.873e-19 -- 394858 0.995788 0.2447 -0.01 0.0029 0.0006366 -- 326409 0.995788 0.000307940497571884
rs11692326:C:T 2 208263279 T C 0.2302 0.0147 0.0019 1.685e-14 ++ 801583 0.999957 0.2295 0.0156 0.0026 2.035e-09 ++ 431766 0.999957 0.2322 0.0145 0.0028 2.057e-07 ++ 372527 0.999957 0.768748139371135
rs11727273:C:T 4 55509748 T C 0.5549 -0.0151 0.0019 3.682e-15 -? 484680 0.996462 0.5549 -0.0169 0.0026 1.282e-10 -? 262817 0.996462 0.5549 -0.0136 0.0029 2.668e-06 -? 221863 0.996462 0.38690205840746
rs11802147:A:G 1 108001307 A G 0.6994 0.0125 0.0018 1.363e-11 ++ 718520 0.989628 0.6986 0.0151 0.0025 1.377e-09 ++ 394839 0.989628 0.6997 0.009 0.0027 0.0009386 ++ 326391 0.989628 0.0904469469250003
rs11824092:T:C 11 13346294 T C 0.3508 -0.0154 0.0018 4.831e-18 -- 717887 0.981787 0.3482 -0.0162 0.0024 1.717e-11 -- 394534 0.981787 0.347 -0.0145 0.0026 2.999e-08 -- 326064 0.981787 0.623657523169272
rs11856579:G:A 15 78012688 A G 0.2608 -0.0161 0.0019 1.376e-16 -- 713913 0.99189 0.261 -0.017 0.0026 1.138e-10 -- 391152 0.99189 0.2596 -0.0146 0.0029 3.277e-07 -- 325472 0.99189 0.529170931501029
rs11866219:A:C 16 69549749 A C 0.4223 0.019 0.0017 5.381e-28 ++ 718141 0.973378 0.4224 0.0212 0.0024 2.335e-19 ++ 394643 0.973378 0.4217 0.017 0.0026 3.156e-11 ++ 326209 0.973378 0.225416039222958
rs11924032:G:A 3 170735099 A G 0.2521 0.0151 0.0018 2.699e-16 ++ 806805 0.995515 0.2516 0.0146 0.0025 4.453e-09 ++ 434777 0.995515 0.2502 0.0154 0.0027 6.992e-09 ++ 374739 0.995515 0.824283789960063
rs12033257:A:G 1 112318484 A G 0.6324 0.0151 0.0018 4.994e-17 ++ 703759 0.98201 0.6358 0.0168 0.0024 5.571e-12 ++ 387046 0.98201 0.6361 0.0132 0.0027 7.451e-07 ++ 319424 0.98201 0.308833393789321
rs12042959:A:G 1 243533273 A G 0.8637 0.0153 0.0024 2.68e-10 ++ 718663 0.984695 0.8646 0.0194 0.0032 2.325e-09 ++ 394909 0.984695 0.8649 0.0112 0.0035 0.001631 ++ 326465 0.984695 0.077418672680387
rs12098284:C:T 10 76047464 T C 0.1212 0.0184 0.0026 9.868e-13 ++ 714745 0.998313 0.1204 0.0205 0.0035 3.717e-09 ++ 391545 0.998313 0.1203 0.0156 0.0038 3.936e-05 ++ 325911 0.998313 0.332721035268279
rs12121950:G:T 1 49710264 T G 0.3355 0.0185 0.0018 7.094e-24 ++ 718525 0.955743 0.3355 0.0189 0.0025 2.028e-14 ++ 394836 0.955743 0.3363 0.0183 0.0027 9.377e-12 ++ 326400 0.955743 0.867740668458806
rs12140153:G:T 1 62579891 T G 0.0911 -0.0353 0.0034 1.443e-25 -? 484680 0.947242 0.0905 -0.0326 0.0047 2.873e-12 -? 262817 0.947242 0.0917 -0.0388 0.0051 2.024e-14 -? 221863 0.947242 0.361250475599843
rs12328675:T:C 2 165540800 T C 0.8692 -0.0152 0.0025 7.999e-10 -- 806810 0.99872 0.8686 -0.0197 0.0033 3.979e-09 -- 434785 0.99872 0.8665 -0.0074 0.0036 0.03912 -- 374736 0.99872 0.010106064000738
rs12364470:T:G 11 134601012 T G 0.8535 -0.0187 0.0022 2.18e-17 -- 799515 1 0.855 -0.02 0.003 2.537e-11 -- 431037 1 0.856 -0.0165 0.0032 2.02e-07 -- 371189 1 0.415110935423439
rs12429545:G:A 13 54102206 A G 0.1218 0.0313 0.0024 1.419e-37 ++ 797614 0.978792 0.1204 0.0291 0.0033 1.086e-18 ++ 429577 0.978792 0.1206 0.0336 0.0035 2.033e-21 ++ 370738 0.978792 0.339369867955481
rs12431244:G:T 13 58630651 T G 0.2441 -0.0195 0.002 2.428e-22 -- 718688 0.998682 0.2455 -0.0216 0.0027 1.216e-15 -- 394923 0.998682 0.2468 -0.0162 0.0029 4.318e-08 -- 326476 0.998682 0.163964673803888
rs12446632:G:A 16 19935389 A G 0.1371 -0.0353 0.0024 3.12e-50 -- 801438 0.999682 0.1372 -0.0375 0.0032 3.013e-32 -- 431700 0.999682 0.1366 -0.0338 0.0034 4.291e-23 -- 372449 0.999682 0.418318639536568
rs12449442:G:A 17 65947640 A G 0.2198 0.0149 0.002 1.684e-13 ++ 800459 0.995252 0.2221 0.0163 0.0027 2.222e-09 ++ 431746 0.995252 0.223 0.0142 0.0029 1.168e-06 ++ 371418 0.995252 0.588315260661097
rs12462975:G:A 19 30272202 A G 0.3243 0.0193 0.0018 1.474e-25 ++ 717340 0.988016 0.3247 0.0203 0.0025 2.629e-16 ++ 394254 0.988016 0.3247 0.0175 0.0027 1.289e-10 ++ 325797 0.988016 0.437078948493267
rs12468070:C:T 2 6159981 T C 0.2632 -0.0153 0.0019 4.67e-16 -- 718523 0.997515 0.2619 -0.0153 0.0026 1.957e-09 -- 394836 0.997515 0.2619 -0.0159 0.0028 8.833e-09 -- 326398 0.997515 0.872589142843151
rs12484438:T:C 22 40558064 T C 0.6517 0.016 0.0018 5.474e-19 ++ 718604 0.999077 0.6504 0.0152 0.0024 3.581e-10 ++ 394852 0.999077 0.6488 0.0178 0.0026 1.6e-11 ++ 326463 0.999077 0.452988820073123
rs1249150:G:A 10 79980507 A G 0.7123 0.0102 0.0019 5.579e-08 ++ 718627 0.999299 0.7122 0.0157 0.0025 4.395e-10 ++ 394889 0.999299 0.7129 0.0029 0.0027 0.2943 ++ 326449 0.999299 0.000381417152439448
rs12564992:A:G 1 174478100 A G 0.8876 -0.0189 0.0026 2.565e-13 -- 806818 0.997823 0.8875 -0.0207 0.0035 2.367e-09 -- 434785 0.997823 0.887 -0.0172 0.0037 3.798e-06 -- 374744 0.997823 0.482772787432116
rs12593036:A:G 15 81058652 A G 0.6914 0.0147 0.0019 2.341e-15 ++ 718299 0.989012 0.6899 0.0154 0.0025 6.645e-10 ++ 394723 0.989012 0.6897 0.0139 0.0027 3.707e-07 ++ 326286 0.989012 0.677174042863703
rs12645001:G:A 4 96018337 A G 0.3538 -0.0112 0.0018 4.569e-10 -- 718431 0.99759 0.3556 -0.0141 0.0024 4.109e-09 -- 394771 0.99759 0.3559 -0.0073 0.0026 0.005459 -- 326371 0.99759 0.0496818268050224
rs12681792:C:A 8 62054463 A C 0.2024 0.015 0.0021 2.883e-12 ++ 717806 0.98891 0.2036 0.0183 0.0029 2.609e-10 ++ 394464 0.98891 0.2033 0.0108 0.0031 0.0005957 ++ 326053 0.98891 0.0711648009561178
rs12692596:C:T 2 161265910 T C 0.3618 0.012 0.0017 1.032e-12 ++ 806739 0.995441 0.3605 0.0146 0.0023 9.742e-11 ++ 434752 0.995441 0.3601 0.0091 0.0024 0.0001615 ++ 374696 0.995441 0.0910562555727575
rs12705916:C:T 7 113492834 T C 0.6201 -0.0156 0.0018 1.394e-18 -- 710119 0.996021 0.6175 -0.0169 0.0024 1.622e-12 -- 390045 0.996021 0.619 -0.0142 0.0026 5.275e-08 -- 322785 0.996021 0.435800260477751
rs12714199:C:T 2 86812549 T C 0.6146 -0.0141 0.0017 3.219e-16 -- 718671 1 0.6145 -0.0146 0.0023 5.124e-10 -- 394916 1 0.6141 -0.0148 0.0026 6.917e-09 -- 326466 1 0.953082845622536
rs12729914:T:C 1 77980235 T C 0.829 -0.0226 0.0021 1.812e-27 -- 794778 0.997691 0.8302 -0.024 0.0028 8.568e-18 -- 428244 0.997691 0.8328 -0.0201 0.003 2.624e-11 -- 369245 0.997691 0.33174011371743
rs1285997:C:G 14 91513029 C G 0.2882 -0.0147 0.0019 7.025e-15 -- 714592 0.996586 0.2884 -0.015 0.0025 3.184e-09 -- 391489 0.996586 0.2883 -0.0139 0.0028 4.293e-07 -- 325813 0.996586 0.764739420034852
rs1289736:C:T 3 107950892 T C 0.5448 0.0106 0.0017 5.474e-10 ++ 718167 0.994791 0.5434 0.0139 0.0023 1.43e-09 ++ 394668 0.994791 0.5434 0.0083 0.0025 0.0008675 +- 326210 0.994791 0.0922669864122686
rs12914489:G:A 15 74187937 A G 0.0836 0.0172 0.0027 8.775e-11 ++ 806429 1 0.0809 0.0227 0.0036 1.641e-10 ++ 434581 1 0.0788 0.0117 0.0038 0.00209 ++ 374558 1 0.0318534175424857
rs12984770:A:C 19 18467398 A C 0.7311 0.0182 0.0022 6.108e-17 +? 484680 0.975542 0.7312 0.0198 0.003 3.919e-11 +? 262817 0.975542 0.7309 0.0167 0.0033 3.682e-07 +? 221863 0.975542 0.477786074114392
rs13002158:A:G 2 144021712 A G 0.8133 -0.0154 0.0022 1.424e-12 -- 718670 1 0.8125 -0.0208 0.0029 1.152e-12 -- 394912 1 0.8137 -0.01 0.0032 0.001822 -- 326468 1 0.0106504327302604
rs13098327:G:A 3 85820181 A G 0.1918 0.0229 0.002 3.92e-29 ++ 806735 0.994446 0.1913 0.023 0.0027 5.128e-17 ++ 434750 0.994446 0.1911 0.0238 0.0029 3.562e-16 ++ 374696 0.994446 0.8366334837423
rs13107325:C:T 4 103188709 T C 0.082 0.0468 0.0032 3.805e-47 ++ 806141 1 0.0826 0.0452 0.0044 9.328e-25 ++ 434263 1 0.0852 0.0495 0.0047 3.218e-26 ++ 374588 1 0.495162400016664
rs13110266:G:A 4 162129844 A G 0.4037 -0.0124 0.0016 3.956e-14 -- 806749 0.992308 0.4027 -0.0142 0.0022 1.546e-10 -- 434749 0.992308 0.4015 -0.0099 0.0024 3.376e-05 -- 374711 0.992308 0.177393007119361
rs13174863:A:G 5 139080745 A G 0.8542 -0.0197 0.0023 1.939e-17 -- 793550 0.978433 0.8543 -0.027 0.0031 4.533e-18 -- 427624 0.978433 0.8536 -0.0103 0.0034 0.002163 -- 368638 0.978433 0.000209946394750326
rs13191362:A:G 6 163033350 A G 0.8572 0.0235 0.0025 4.079e-21 ++ 806582 0.994597 0.8551 0.0208 0.0034 6.397e-10 ++ 434660 0.994597 0.8527 0.0265 0.0036 2.338e-13 ++ 374633 0.994597 0.239738110586089
rs1320251:C:T 17 21264396 T C 0.4566 -0.0177 0.0017 5.511e-25 -- 714431 0.990754 0.4552 -0.0169 0.0023 2.124e-13 -- 392783 0.990754 0.4569 -0.0183 0.0025 4.398e-13 -- 324359 0.990754 0.673835645421517
rs1329733:A:G 9 92208227 A G 0.5298 -0.012 0.0017 2.669e-12 -- 718274 0.994406 0.5312 -0.0162 0.0023 1.927e-12 -- 394704 0.994406 0.5285 -0.0075 0.0025 0.002638 -- 326280 0.994406 0.008908943595659
rs13330107:G:A 16 76878862 A G 0.3564 0.0095 0.0018 1.058e-07 ++ 717506 1 0.3542 0.0141 0.0024 4.534e-09 ++ 394323 1 0.3549 0.0026 0.0026 0.323 ++ 325894 1 0.000902561378722144
rs13417156:T:C 2 62848319 T C 0.5755 -0.0135 0.0017 6.903e-16 -- 767912 0.997128 0.5771 -0.0171 0.0023 4.078e-14 -- 417314 0.997128 0.5785 -0.0084 0.0024 0.0006154 -- 353309 0.997128 0.00751675651173268
rs1409818:C:T 20 21381121 T C 0.1074 0.0195 0.0028 2.589e-12 ++ 718603 0.991149 0.1082 0.0252 0.0037 1.584e-11 ++ 394872 0.991149 0.1074 0.0123 0.0041 0.002791 ++ 326437 0.991149 0.0170592762048206
rs1417665:T:C 6 104816944 T C 0.8026 0.0186 0.0022 5.492e-18 ++ 718622 0.988847 0.8017 0.0199 0.0029 5.683e-12 ++ 394891 0.988847 0.8014 0.0184 0.0031 5.241e-09 ++ 326441 0.988847 0.718185507141209
rs1452075:C:T 3 62481063 T C 0.7314 0.0128 0.0018 2.667e-12 ++ 794919 1 0.7318 0.0159 0.0025 1.469e-10 ++ 428309 1 0.7302 0.0099 0.0026 0.00019 ++ 369308 1 0.0893282920071343
rs1460676:T:C 2 164567689 T C 0.8242 -0.0153 0.0022 1.976e-12 -- 806769 0.996267 0.8221 -0.0179 0.0029 1.05e-09 -- 434766 0.996267 0.8221 -0.0121 0.0032 0.0001385 -- 374713 0.996267 0.170196355720851
rs1470545:T:C 2 205365851 T C 0.0374 0.037 0.0043 5.6e-18 ++ 706430 0.984114 0.0369 0.0389 0.0057 1.246e-11 ++ 388141 0.984114 0.0362 0.0364 0.0064 1.013e-08 ++ 321000 0.984114 0.765786443605063
rs1477887:A:G 4 18514827 A G 0.4432 -0.0122 0.0017 8.891e-13 -- 706859 0.997762 0.4411 -0.0156 0.0023 1.688e-11 -- 388489 0.997762 0.4413 -0.0091 0.0025 0.0002781 -- 321081 0.997762 0.0506857703508025
rs1518159:C:T 18 40760146 T C 0.2499 -0.0138 0.002 1.5e-12 -- 718473 0.999123 0.2502 -0.0189 0.0026 6.664e-13 -- 394806 0.999123 0.2495 -0.0078 0.0029 0.006247 -- 326378 0.999123 0.00360985542822884
rs1524445:C:T 7 113035833 T C 0.4163 -0.0189 0.0019 2.806e-22 -? 484680 0.979259 0.4172 -0.0199 0.0027 9.799e-14 -? 262817 0.979259 0.4152 -0.0191 0.0029 7.405e-11 -? 221863 0.979259 0.8366334837423
rs1561589:G:A 10 126695673 A G 0.3622 0.0136 0.0017 1.036e-15 ++ 806457 0.993471 0.3609 0.0158 0.0023 4.238e-12 ++ 434602 0.993471 0.36 0.0105 0.0024 1.872e-05 ++ 374566 0.993471 0.103439478445236
rs1569979:G:A 14 29681294 A G 0.7737 0.0204 0.002 3.229e-24 ++ 718679 0.996101 0.774 0.023 0.0027 1.565e-17 ++ 394921 0.996101 0.7749 0.0162 0.003 4.239e-08 ++ 326469 0.996101 0.0853289717975297
rs1579557:C:T 6 40371918 T C 0.288 0.0206 0.0019 2.285e-28 ++ 718497 1 0.288 0.0212 0.0025 3.089e-17 ++ 394832 1 0.2873 0.0202 0.0027 1.45e-13 ++ 326376 1 0.781359107006238
rs1580099:C:A 3 94003603 A C 0.5775 -0.0179 0.0017 6.772e-27 -- 752301 0.996159 0.5787 -0.0182 0.0023 6.698e-16 -- 408935 0.996159 0.5792 -0.0182 0.0024 7.818e-14 -- 346077 0.996159 1
rs16851483:G:T 3 141275436 T G 0.0717 0.0352 0.0034 4.869e-25 ++ 718609 0.998438 0.0728 0.0363 0.0046 2.278e-15 ++ 394844 0.998438 0.0724 0.0355 0.005 1.591e-12 ++ 326476 0.998438 0.90428178962328
rs16912921:C:A 9 28413461 A C 0.3135 0.0233 0.0017 3.961e-41 ++ 802819 0.998067 0.3133 0.0249 0.0023 1.563e-26 ++ 433055 0.998067 0.3111 0.0228 0.0025 1.11e-19 ++ 372475 0.998067 0.527821825818735
rs16926778:G:C 12 24002125 C G 0.0771 0.0234 0.0032 1.667e-13 ++ 718227 0.998497 0.0771 0.026 0.0043 1.409e-09 ++ 394675 0.998497 0.0769 0.0204 0.0047 1.258e-05 ++ 326263 0.998497 0.369302018919266
rs16975921:A:T 18 39914870 A T 0.6931 -0.0124 0.0018 1.314e-11 -- 718654 0.988257 0.6949 -0.0163 0.0025 3.87e-11 -- 394906 0.988257 0.6954 -0.0067 0.0027 0.01242 -- 326459 0.988257 0.00771111444471006
rs17405819:T:C 8 76806584 T C 0.6845 0.0211 0.0018 6.04e-33 ++ 806765 0.99979 0.683 0.0218 0.0024 7.812e-20 ++ 434761 0.99979 0.6806 0.02 0.0026 5.142e-15 ++ 374715 0.99979 0.603386700678757
rs17522122:G:T 14 33302882 T G 0.4667 0.0167 0.0017 7.933e-24 ++ 791700 0.991178 0.4667 0.0167 0.0022 6.455e-14 ++ 430166 0.991178 0.4667 0.017 0.0024 1.491e-12 ++ 364245 0.991178 0.925026457236594
rs17806224:G:A 20 51065854 A G 0.1808 -0.026 0.0022 7.908e-32 -- 718699 0.996429 0.1809 -0.0289 0.003 3.521e-22 -- 394929 0.996429 0.181 -0.0219 0.0033 1.894e-11 -- 326480 0.996429 0.108950670891411
rs1808579:C:T 18 21104888 T C 0.4802 -0.0196 0.0016 1.933e-33 -- 806712 0.997885 0.4805 -0.0198 0.0022 9.438e-20 -- 434711 0.997885 0.4791 -0.0201 0.0024 1.694e-17 -- 374711 0.997885 0.925026457236594
rs185581:A:C 2 59880605 A C 0.2052 0.0133 0.0022 7.934e-10 ++ 718689 0.994702 0.2079 0.0171 0.0029 4.189e-09 ++ 394925 0.994702 0.2091 0.0104 0.0032 0.001017 ++ 326475 0.994702 0.113101932437649
rs1861412:G:A 2 58893065 A G 0.4241 -0.0202 0.0017 1.403e-32 -- 718666 0.994715 0.4233 -0.0215 0.0023 9.126e-21 -- 394912 0.994715 0.421 -0.0181 0.0025 6.482e-13 -- 326464 0.994715 0.306704877219579
rs1884389:C:T 20 1410582 T C 0.4386 -0.0108 0.0017 3.724e-10 -- 718491 0.990338 0.4397 -0.014 0.0023 1.201e-09 -- 394805 0.990338 0.4377 -0.0062 0.0025 0.0144 -- 326391 0.990338 0.0190292864364639
rs1884897:A:G 20 6612832 A G 0.3747 -0.0184 0.0017 2.701e-28 -- 806711 0.992545 0.3749 -0.0169 0.0023 9.056e-14 -- 434720 0.992545 0.3744 -0.0207 0.0024 2.028e-17 -- 374700 0.992545 0.242994717196205
rs1895407:T:C 5 63021638 T C 0.5235 -0.0155 0.0017 4.631e-20 -- 718694 0.999497 0.5246 -0.0156 0.0023 6.608e-12 -- 394927 0.999497 0.525 -0.0138 0.0025 2.73e-08 -- 326478 0.999497 0.588408424169903
rs1895941:A:G 12 108332994 A G 0.2552 -0.0153 0.0019 1.619e-15 -- 806713 0.986304 0.2585 -0.0175 0.0026 8.193e-12 -- 434722 0.986304 0.2606 -0.0131 0.0028 2.294e-06 -- 374694 0.986304 0.239574452308821
rs1916801:A:T 3 61187046 A T 0.616 0.0169 0.0017 1.932e-24 ++ 792378 0.996877 0.6199 0.017 0.0022 1.752e-14 ++ 430006 0.996877 0.6209 0.0177 0.0024 1.376e-13 ++ 365082 0.996877 0.8262011883959
rs1927790:T:C 13 96922191 T C 0.606 -0.014 0.0016 1.571e-17 -- 806731 0.997233 0.6083 -0.0135 0.0022 1.27e-09 -- 434716 0.997233 0.6096 -0.0161 0.0024 1.244e-11 -- 374726 0.997233 0.414746722788283
rs1928295:T:C 9 120378483 T C 0.5712 0.0134 0.0016 2.225e-16 ++ 806659 0.999926 0.5711 0.016 0.0022 2.848e-13 ++ 434694 0.999926 0.5718 0.0118 0.0023 5.197e-07 ++ 374671 0.999926 0.177737207540947
rs1932133:C:A 9 29750167 A C 0.5846 0.0112 0.0016 7.006e-12 ++ 806660 0.994026 0.5857 0.0139 0.0022 2.671e-10 ++ 434698 0.994026 0.5866 0.0085 0.0024 0.0003246 ++ 374663 0.994026 0.0902892395208974
rs1933440:A:C 13 28676971 A C 0.8396 -0.0146 0.0026 2.905e-08 -? 484680 0.976995 0.8392 -0.0224 0.0036 5.375e-10 -? 262817 0.976995 0.84 -0.0044 0.004 0.2644 -? 221863 0.976995 0.000635864106717622
rs1967772:G:A 13 28036062 A G 0.2719 -0.0173 0.0019 9.404e-20 -- 717929 0.985925 0.2706 -0.0165 0.0026 1.122e-10 -- 394540 0.985925 0.2704 -0.0176 0.0028 3.654e-10 -- 326100 0.985925 0.768748139371135
rs198665:C:A 6 143154886 A C 0.3911 0.0122 0.0017 5.349e-13 ++ 806726 0.988965 0.3936 0.0134 0.0023 4.417e-09 ++ 434741 0.988965 0.3956 0.0106 0.0024 1.178e-05 ++ 374696 0.988965 0.389630120776068
rs2012502:C:A 16 81728081 A C 0.3826 0.0119 0.0017 1.901e-12 ++ 804422 0.984494 0.3841 0.0153 0.0023 2.966e-11 ++ 433338 0.984494 0.3875 0.0082 0.0024 0.000849 ++ 373795 0.984494 0.029150486982864
rs2053682:C:A 5 170599327 A C 0.6784 0.017 0.0018 2.591e-20 ++ 717007 0.988057 0.6776 0.0183 0.0025 1.888e-13 ++ 394072 0.988057 0.6767 0.0151 0.0027 2.109e-08 ++ 325646 0.988057 0.37445757979682
rs2075466:G:C 16 4872970 C G 0.2739 0.0136 0.0019 1.732e-12 ++ 718186 0.997329 0.2744 0.0162 0.0026 4.289e-10 ++ 394665 0.997329 0.2741 0.0099 0.0028 0.0005021 ++ 326232 0.997329 0.0922026656277227
rs2105054:C:T 9 11425445 T C 0.4381 -0.012 0.0017 2.503e-12 -- 718604 0.998019 0.4398 -0.014 0.0023 1.165e-09 -- 394880 0.998019 0.4381 -0.0107 0.0025 2.23e-05 -- 326435 0.998019 0.321150165992169
rs2112347:T:G 5 75015242 T G 0.6298 0.0276 0.0017 1.173e-61 ++ 806699 1 0.6296 0.0309 0.0023 2.128e-42 ++ 434716 1 0.6296 0.0239 0.0024 8.062e-23 ++ 374694 1 0.0314982404052549
rs2119137:A:G 2 175017714 A G 0.6624 -0.0131 0.0018 2.331e-13 -- 718667 0.995977 0.6631 -0.0142 0.0024 3.263e-09 -- 394916 0.995977 0.6642 -0.0131 0.0026 5.512e-07 -- 326461 0.995977 0.750868413740718
rs2153615:A:G 6 46375326 A G 0.4447 -0.0137 0.0017 9.408e-16 -- 718230 0.989949 0.4459 -0.0161 0.0023 2.422e-12 -- 394668 0.989949 0.4455 -0.0103 0.0025 4.402e-05 -- 326229 0.989949 0.0812138937884576
rs2187449:G:A 11 133712682 A G 0.7667 0.0156 0.0021 4.207e-14 ++ 714457 0.982057 0.7653 0.0164 0.0028 3.661e-09 ++ 392465 0.982057 0.7663 0.0143 0.0031 3.077e-06 ++ 324702 0.982057 0.607677327991953
rs2212450:T:C 11 112826867 T C 0.5703 0.0081 0.0017 2.324e-06 ++ 718171 0.98087 0.5712 0.0146 0.0023 3.7e-10 ++ 394665 0.98087 0.5708 0.0015 0.0025 0.5635 ++ 326217 0.98087 8.20524705011974e-05
rs2228213:G:A 6 12124855 A G 0.3374 -0.0144 0.0017 5.498e-17 -- 806782 1 0.3374 -0.0148 0.0023 9.209e-11 -- 434761 1 0.3366 -0.0151 0.0025 6.772e-10 -- 374731 1 0.928135718607321
rs2274319:T:C 1 156450873 T C 0.3461 -0.0126 0.0018 1.773e-12 -- 718687 0.99708 0.3461 -0.0141 0.0024 3.907e-09 -- 394921 0.99708 0.3457 -0.0108 0.0026 3.314e-05 -- 326477 0.99708 0.340851833255994
rs2274782:C:T 9 127084074 T C 0.3596 0.0098 0.0018 2.539e-08 ++ 718658 0.994769 0.3592 0.0149 0.0024 3.375e-10 ++ 394910 0.994769 0.3582 0.0047 0.0026 0.07008 ++ 326458 0.994769 0.00323958242674456
rs2299383:C:T 7 103418846 T C 0.3982 0.0162 0.0016 6.892e-23 ++ 801620 0.987922 0.3952 0.0182 0.0022 2.728e-16 ++ 431775 0.987922 0.3929 0.0134 0.0024 1.549e-08 ++ 372555 0.987922 0.132153006569669
rs2306593:C:T 17 34866546 T C 0.4897 -0.0165 0.0017 2.311e-22 -- 718552 0.996003 0.4918 -0.0164 0.0023 7.582e-13 -- 394849 0.996003 0.4894 -0.0171 0.0025 1.094e-11 -- 326414 0.996003 0.833320501014254
rs2357760:G:A 6 120213880 A G 0.6735 0.0143 0.0017 2.106e-16 ++ 806795 0.99263 0.6732 0.0159 0.0023 1.091e-11 ++ 434770 0.99263 0.6717 0.0131 0.0025 1.587e-07 ++ 374736 0.99263 0.399911473290854
rs2381977:T:C 2 147847890 T C 0.6114 -0.0165 0.002 2.343e-17 -? 484680 0.99097 0.6102 -0.0159 0.0027 3.068e-09 -? 262817 0.99097 0.6128 -0.0161 0.0029 4.432e-08 -? 221863 0.99097 0.958886953459963
rs2452141:A:T 11 29230734 A T 0.3615 -0.011 0.0017 7.215e-11 -- 801450 0.997913 0.3613 -0.014 0.0023 6.856e-10 -- 430864 0.997913 0.3602 -0.0083 0.0024 0.0006061 -- 373296 0.997913 0.0798940315271759
rs247975:T:C 3 173107443 T C 0.4648 -0.0163 0.0017 2.631e-21 -- 706747 0.993894 0.4659 -0.0182 0.0023 3.622e-15 -- 388425 0.993894 0.4645 -0.0135 0.0025 8.806e-08 -- 321033 0.993894 0.157659615791013
rs249612:C:T 5 66200783 T C 0.7138 0.0153 0.0021 4.905e-13 +? 484680 0.990225 0.7128 0.0172 0.0029 2.803e-09 +? 262817 0.990225 0.715 0.0135 0.0032 2.366e-05 +? 221863 0.990225 0.381590729115894
rs2528531:A:C 7 93236510 A C 0.6498 -0.0133 0.0018 8.501e-14 -- 717756 0.997478 0.6506 -0.0145 0.0024 1.347e-09 -- 394445 0.997478 0.6522 -0.0118 0.0026 5.72e-06 -- 326021 0.997478 0.43580026047775
rs2568958:G:A 1 72765116 A G 0.6177 0.0253 0.0016 1.157e-53 ++ 801571 1 0.6187 0.0227 0.0022 1.321e-24 ++ 431755 1 0.6198 0.0311 0.0024 1.439e-38 ++ 372525 1 0.00841583499186006
rs2605603:G:A 11 93221105 A G 0.4812 -0.0103 0.0016 2.041e-10 -- 806679 0.994161 0.4805 -0.0132 0.0022 1.396e-09 -- 434718 0.994161 0.4798 -0.0074 0.0023 0.001604 -- 374671 0.994161 0.0627179958081932
rs2619976:C:T 17 71754545 T C 0.4011 0.0105 0.0018 1.988e-09 ++ 716455 0.991513 0.3993 0.0146 0.0024 6.174e-10 ++ 393654 0.991513 0.3998 0.0034 0.0026 0.181 ++ 325512 0.991513 0.00122638604986083
rs264962:C:G 2 104308545 C G 0.5428 0.0119 0.0017 1.742e-12 ++ 718682 0.998264 0.5443 0.0138 0.0023 1.209e-09 ++ 394921 0.998264 0.5426 0.0096 0.0025 0.0001021 ++ 326472 0.998264 0.206708150803778
rs2721965:A:C 8 116662038 A C 0.6689 0.017 0.0018 4.4e-21 ++ 718682 0.994382 0.669 0.0186 0.0024 2.096e-14 ++ 394920 0.994382 0.6685 0.0136 0.0026 2.851e-07 ++ 326473 0.994382 0.148976303399065
rs273504:A:G 19 18215247 A G 0.577 -0.0156 0.0017 3.92e-19 -- 718031 0.998207 0.5763 -0.0151 0.0023 1.27e-10 -- 394593 0.998207 0.5767 -0.0162 0.0026 2.883e-10 -- 326149 0.998207 0.746242984585359
rs2744968:A:C 6 34584951 A C 0.7889 -0.0273 0.0021 5.965e-40 -- 713299 0.998872 0.7898 -0.0301 0.0028 3.524e-27 -- 390686 0.998872 0.7898 -0.0234 0.003 1.115e-14 -- 325324 0.998872 0.0954216766588021
rs2754084:A:G 14 25888677 A G 0.5247 -0.0158 0.0017 1.764e-20 -- 718638 0.998382 0.524 -0.0168 0.0023 2.291e-13 -- 394893 0.998382 0.5241 -0.0139 0.0025 2.846e-08 -- 326456 0.998382 0.383294088931645
rs2803298:G:T 1 1846073 T G 0.5398 0.0141 0.0017 2.309e-16 ++ 713737 0.998194 0.5397 0.0143 0.0023 7.035e-10 ++ 391064 0.998194 0.5377 0.0144 0.0025 1.3e-08 ++ 325384 0.998194 0.97601637192115
rs2820295:G:A 1 201800868 A G 0.3266 0.0235 0.0018 5.556e-39 ++ 718545 0.994889 0.3253 0.0214 0.0024 8.025e-19 ++ 394857 0.994889 0.3245 0.0261 0.0026 3.031e-23 ++ 326399 0.994889 0.17491870599678
rs2837992:T:C 21 42620520 T C 0.3703 -0.0112 0.0018 2.072e-10 -- 718643 0.991546 0.3704 -0.0139 0.0024 4.38e-09 -- 394899 0.991546 0.3717 -0.0094 0.0026 0.0002703 -- 326453 0.991546 0.193998457048157
rs284227:C:T 1 82379446 T C 0.7275 -0.0147 0.0019 6.076e-15 -- 806764 0.99458 0.7231 -0.0154 0.0025 8.598e-10 -- 434749 0.99458 0.7199 -0.0153 0.0027 1.648e-08 -- 374723 0.99458 0.977857690756413
rs28608644:A:G 4 20239663 A G 0.8535 -0.0192 0.0027 1.351e-12 -? 484680 0.989475 0.8529 -0.0242 0.0037 7.625e-11 -? 262817 0.989475 0.8542 -0.0143 0.0041 0.0004401 -? 221863 0.989475 0.0671487596267114
rs2861685:T:C 2 67837553 T C 0.5864 0.0165 0.0019 7.823e-18 +? 484680 0.997983 0.5861 0.018 0.0026 1.052e-11 +? 262817 0.997983 0.5868 0.0164 0.0029 1.408e-08 +? 221863 0.997983 0.674839987855066
rs2862961:G:A 11 43656535 A G 0.6978 -0.0224 0.0018 6.129e-34 -- 715713 0.999783 0.6991 -0.0239 0.0025 5.299e-22 -- 393989 0.999783 0.7002 -0.02 0.0027 1.026e-13 -- 324435 0.999783 0.279057748460826
rs2916577:A:G 5 107316863 A G 0.849 0.0224 0.0023 7.26e-22 ++ 718491 1 0.8496 0.0272 0.0031 3.869e-18 ++ 394820 1 0.8507 0.0161 0.0034 2.553e-06 ++ 326382 1 0.0137488283759442
rs2968487:C:T 1 96887370 T C 0.2772 0.0176 0.0018 7.546e-22 ++ 765145 0.998986 0.2769 0.0173 0.0025 2.441e-12 ++ 417857 0.998986 0.2773 0.0183 0.0027 6.371e-12 ++ 350406 0.998986 0.781359107006238
rs2968864:T:C 7 150622162 T C 0.7565 0.015 0.002 4.08e-14 ++ 718178 1 0.7563 0.0163 0.0027 9.345e-10 ++ 394656 1 0.7561 0.0129 0.0029 9.906e-06 ++ 326227 1 0.380836230547006
rs29939:A:G 19 34310800 A G 0.3279 -0.016 0.0018 1.153e-18 -- 718679 0.997769 0.3279 -0.0162 0.0024 3.682e-11 -- 394917 0.997769 0.3286 -0.0159 0.0027 2.009e-09 -- 326472 0.997769 0.932415558722033
rs3003612:C:T 9 130988616 T C 0.5537 -0.0109 0.0017 1.671e-10 -- 714269 0.993741 0.5553 -0.0149 0.0023 1.307e-10 -- 391304 0.993741 0.555 -0.0063 0.0025 0.0117 -- 325676 0.993741 0.00972477051571619
rs3026101:T:C 17 5280440 T C 0.7201 -0.015 0.0018 1.445e-17 -- 806768 0.997463 0.7227 -0.016 0.0024 1.105e-11 -- 434759 0.997463 0.7258 -0.0156 0.0025 7.868e-10 -- 374720 0.997463 0.906159260370026
rs308499:C:G 9 37348059 C G 0.5984 0.0144 0.0017 1.223e-16 ++ 718615 0.992727 0.5981 0.018 0.0024 2.152e-14 ++ 394884 0.992727 0.5976 0.0106 0.0026 3.353e-05 ++ 326442 0.992727 0.0326898421719755
rs3130048:T:C 6 31613739 T C 0.7315 -0.0169 0.0018 2.019e-20 -- 804682 1 0.7326 -0.0204 0.0024 7.831e-17 -- 433566 1 0.7339 -0.0114 0.0026 1.717e-05 -- 373827 1 0.00938552979321898
rs329120:C:T 5 133861756 T C 0.4104 -0.0138 0.0018 5.447e-15 -- 664317 0.996394 0.4088 -0.0146 0.0024 7.613e-10 -- 369151 0.996394 0.4089 -0.013 0.0026 6.839e-07 -- 297877 0.996394 0.644217450866627
rs340025:T:C 15 60908307 T C 0.4081 -0.0127 0.0016 1.402e-14 -- 806687 0.989995 0.4072 -0.014 0.0022 3.815e-10 -- 434708 0.989995 0.4076 -0.0105 0.0024 1.172e-05 -- 374682 0.989995 0.272256342561674
rs34292685:C:T 11 64049021 T C 0.1577 -0.0187 0.0026 7.165e-13 -? 484680 0.999869 0.1572 -0.0244 0.0036 1.084e-11 -? 262817 0.999869 0.1584 -0.0113 0.0039 0.004032 -? 221863 0.999869 0.0117117035163148
rs34606703:G:A 2 47014522 A G 0.3585 -0.0155 0.002 5.358e-15 -? 484680 0.98982 0.3586 -0.0186 0.0027 1.184e-11 -? 262817 0.98982 0.3582 -0.0137 0.003 4.867e-06 -? 221863 0.98982 0.215041187099482
rs34811474:G:A 4 25408838 A G 0.2224 -0.0293 0.0023 8.504e-38 -? 484680 1 0.222 -0.0317 0.0031 5.19e-24 -? 262817 1 0.2229 -0.0278 0.0034 6.475e-16 -? 221863 1 0.386684720722335
rs34930419:T:C 10 33987329 T C 0.968 -0.0394 0.0055 6.197e-13 -? 484680 0.976672 0.9682 -0.0458 0.0076 1.371e-09 -? 262817 0.976672 0.9677 -0.0299 0.0082 0.0002784 -? 221863 0.976672 0.146386223937524
rs350818:A:G 19 4086807 A G 0.2324 -0.017 0.0021 3.98e-16 -- 666507 0.978348 0.2315 -0.0171 0.0028 1.085e-09 -- 371585 0.978348 0.2328 -0.0175 0.0031 1.613e-08 -- 297632 0.978348 0.92209992060155
rs355754:T:C 3 154024165 T C 0.6027 -0.0145 0.0017 6.623e-18 -- 768845 0.999133 0.6041 -0.0142 0.0023 4.264e-10 -- 416234 0.999133 0.605 -0.0156 0.0024 1.439e-10 -- 355322 0.999133 0.667090772645511
rs35679149:A:G 6 43604167 A G 0.9742 0.0413 0.006 6.885e-12 +? 484680 1 0.9742 0.0503 0.0083 1.184e-09 +? 262817 1 0.9743 0.0322 0.0091 0.0003903 +? 221863 1 0.133408147297309
rs3746038:C:T 19 1852494 T C 0.2162 -0.0173 0.0021 2.804e-16 -- 714837 0.983084 0.2177 -0.0184 0.0028 1.112e-10 -- 391610 0.983084 0.2169 -0.016 0.0031 2.835e-07 -- 325937 0.983084 0.557382766898684
rs3774573:T:C 3 53799960 T C 0.7448 0.0151 0.002 2.722e-14 ++ 718555 0.990217 0.7418 0.0169 0.0027 2.212e-10 ++ 394856 0.990217 0.7429 0.0122 0.0029 3.314e-05 ++ 326411 0.990217 0.225729093582959
rs3800230:T:G 6 108998128 T G 0.8785 0.0202 0.0026 3.916e-15 ++ 718641 0.984089 0.8793 0.0227 0.0035 7.567e-11 ++ 394906 0.984089 0.8789 0.0159 0.0038 2.371e-05 ++ 326446 0.984089 0.178868955652037
rs3806114:G:A 6 20482335 A G 0.6916 -0.012 0.0018 1.459e-11 -- 804965 0.976095 0.6943 -0.0141 0.0024 4.485e-09 -- 433865 0.976095 0.6944 -0.009 0.0026 0.0004811 -- 373810 0.976095 0.141015491769022
rs3865018:C:T 15 67892766 T C 0.2655 -0.0208 0.0018 1.858e-29 -- 806471 0.998189 0.2655 -0.0213 0.0025 1.131e-17 -- 434596 0.998189 0.2647 -0.0204 0.0027 2.041e-14 -- 374586 0.998189 0.802747054603566
rs4076427:G:C 17 79087537 C G 0.3954 -0.014 0.0018 4.008e-15 -- 713081 0.983895 0.3969 -0.0147 0.0024 8.925e-10 -- 391628 0.983895 0.3961 -0.0122 0.0026 3.7e-06 -- 324164 0.983895 0.470553720474604
rs427943:A:C 21 46570896 A C 0.4288 -0.0177 0.0017 3.603e-25 -- 742360 0.991994 0.4277 -0.0177 0.0023 1.369e-14 -- 405392 0.991994 0.4265 -0.0175 0.0025 2.19e-12 -- 339679 0.991994 0.952054409227265
rs4307239:A:G 7 24354300 A G 0.5361 -0.0115 0.0017 1.473e-11 -- 717563 0.991771 0.5357 -0.0141 0.0023 1.311e-09 -- 394329 0.991771 0.5371 -0.008 0.0025 0.00156 -- 325945 0.991771 0.0666723377315865
rs4379706:C:T 1 98322379 T C 0.7895 -0.0146 0.002 4.112e-13 -- 706933 0.997688 0.792 -0.0188 0.0027 5.502e-12 -- 388529 0.997688 0.7916 -0.0085 0.003 0.004066 -- 321114 0.997688 0.00915645489851316
rs4459316:T:C 11 130756176 T C 0.55 -0.0113 0.0017 3.451e-11 -- 718684 0.994276 0.5508 -0.0154 0.0023 2.329e-11 -- 394919 0.994276 0.5499 -0.0071 0.0025 0.004963 -- 326477 0.994276 0.0125859724363029
rs4474229:G:A 1 195037001 A G 0.3401 -0.013 0.0019 4.42e-12 -- 557536 0.999203 0.3694 -0.0173 0.0027 1.64e-10 -? 262817 0.999203 0.3691 -0.0099 0.003 0.0008459 -? 221863 0.999203 0.0611534337923853
rs4506565:A:T 10 114756041 A T 0.6992 0.017 0.0017 1.873e-22 ++ 805295 1 0.7007 0.0146 0.0024 5.353e-10 ++ 433869 1 0.7012 0.0214 0.0025 2.604e-17 ++ 374137 1 0.0450663472770473
rs459552:T:A 5 112176756 A T 0.7747 -0.0133 0.0019 8.356e-12 -- 797086 1 0.7751 -0.0155 0.0026 4.547e-09 -- 431825 1 0.7743 -0.0111 0.0028 9.951e-05 -- 367972 1 0.239574452308821
rs4740619:T:C 9 15634326 T C 0.5436 0.0189 0.0016 3.147e-31 ++ 806567 0.998657 0.5433 0.0196 0.0022 3.013e-19 ++ 434674 0.998657 0.5423 0.0187 0.0023 1.503e-15 ++ 374605 0.998657 0.772730884957875
rs4790292:C:A 17 1824305 A C 0.1476 -0.0224 0.0025 6.552e-20 -- 689972 0.991526 0.1474 -0.0263 0.0033 1.654e-15 -- 382930 0.991526 0.1465 -0.018 0.0036 6.952e-07 -+ 309752 0.991526 0.0826172490876089
rs4834272:T:C 4 113313986 T C 0.6852 -0.0108 0.0017 3.459e-10 -- 806658 0.993378 0.6866 -0.0143 0.0023 8.239e-10 -- 434681 0.993378 0.6894 -0.0065 0.0025 0.008735 -- 374676 0.993378 0.0190292864364639
rs4880341:C:T 10 133992689 T C 0.5725 -0.013 0.0017 3.059e-14 -- 716038 0.998582 0.5716 -0.0143 0.0023 4.526e-10 -- 394699 0.998582 0.5724 -0.0113 0.0025 7.127e-06 -- 324051 0.998582 0.367106567214703
rs4895231:C:G 5 119388659 C G 0.4669 0.0121 0.0017 2.49e-12 ++ 715989 0.990682 0.4684 0.0143 0.0023 9.262e-10 ++ 393536 0.990682 0.4702 0.0099 0.0025 8.639e-05 ++ 325164 0.990682 0.185903187938592
rs4906263:G:C 14 103249127 C G 0.6562 -0.0176 0.0018 8.106e-23 -- 718534 0.997605 0.6563 -0.0169 0.0024 3.054e-12 -- 394842 0.997605 0.6562 -0.0182 0.0026 3.994e-12 -- 326403 0.997605 0.707496284385715
rs4929923:T:C 11 8639200 T C 0.3394 -0.0186 0.0017 2.567e-28 -- 806131 1 0.3365 -0.0221 0.0023 2.507e-22 -- 434437 1 0.3355 -0.0146 0.0024 2.014e-09 -- 374405 1 0.0212033544593567
rs5011579:C:G 16 69187318 C G 0.2828 -0.0135 0.0021 2e-10 -? 484680 0.994326 0.2828 -0.0176 0.0029 1.435e-09 -? 262817 0.994326 0.2827 -0.0077 0.0032 0.01622 -? 221863 0.994326 0.0192252919057098
rs543874:A:G 1 177889480 A G 0.7786 -0.0479 0.002 3.06e-125 -- 806688 1 0.7768 -0.0576 0.0027 8.7e-100 -- 434718 1 0.7749 -0.036 0.0029 3.7e-35 -- 374681 1 2.58506641941415e-08
rs563296:G:A 10 99772404 A G 0.5574 0.0168 0.0018 8.593e-22 ++ 664311 0.994994 0.5578 0.0175 0.0024 8.846e-14 ++ 369147 0.994994 0.5587 0.0162 0.0026 5.016e-10 ++ 297875 0.994994 0.707496284385715
rs57800857:A:C 4 140863365 A C 0.6344 0.0157 0.002 3.49e-15 +? 484680 0.986979 0.6334 0.0186 0.0027 1.069e-11 +? 262817 0.986979 0.6357 0.0114 0.003 0.0001483 +? 221863 0.986979 0.0684884537646759
rs592483:C:T 11 69445173 T C 0.5933 -0.0137 0.0017 1.525e-16 -- 802791 0.990703 0.5942 -0.0147 0.0022 4.728e-11 -- 432762 0.990703 0.5961 -0.0121 0.0024 4.753e-07 -- 372740 0.990703 0.414746722788283
rs613872:G:T 18 53210302 T G 0.8281 0.0146 0.0023 1.449e-10 ++ 718465 1 0.8277 0.0194 0.0031 2.463e-10 ++ 394802 1 0.8274 0.0092 0.0033 0.005967 ++ 326362 1 0.0214024261847635
rs61813324:C:T 1 156049877 T C 0.1312 0.0289 0.0028 3.196e-24 +? 484680 0.966354 0.1308 0.0298 0.0039 3.598e-14 +? 262817 0.966354 0.1317 0.0276 0.0043 1.288e-10 +? 221863 0.966354 0.698737804154842
rs6265:C:T 11 27679916 T C 0.1836 -0.0413 0.0021 7.399e-89 -- 806782 1 0.1829 -0.0368 0.0028 7.952e-40 -- 434768 1 0.1832 -0.0478 0.003 6.254e-58 -- 374725 1 0.0061883355660765
rs630602:G:C 1 54728864 C G 0.6073 0.0126 0.0018 1.062e-12 ++ 716881 0.988556 0.6068 0.0148 0.0024 4.552e-10 ++ 393983 0.988556 0.6064 0.0103 0.0026 7.192e-05 ++ 325609 0.988556 0.193998457048157
rs6436755:G:A 2 228999691 A G 0.4316 0.0119 0.0016 2.6e-13 ++ 806700 0.995399 0.4328 0.013 0.0022 2.57e-09 ++ 434733 0.995399 0.4328 0.0088 0.0024 0.0001875 ++ 374675 0.995399 0.187685314449183
rs645026:G:A 12 69757931 A G 0.741 -0.0118 0.0019 7.31e-10 -- 718699 0.997294 0.7435 -0.016 0.0026 4.793e-10 -- 394929 0.997294 0.7421 -0.0062 0.0028 0.02631 -- 326481 0.997294 0.00880880634106622
rs6489156:C:T 12 123100397 T C 0.7338 0.0196 0.0019 2.067e-24 ++ 718634 0.999269 0.7336 0.0222 0.0026 9.972e-18 ++ 394897 0.999269 0.7341 0.0149 0.0028 1.277e-07 ++ 326449 0.999269 0.0510361476939938
rs6490117:C:G 12 117599349 C G 0.5342 -0.0106 0.0017 6.673e-10 -- 718569 0.990584 0.5331 -0.0147 0.0023 1.838e-10 -- 394865 0.990584 0.5328 -0.0049 0.0025 0.0516 -- 326415 0.990584 0.0032167548340079
rs6493498:T:C 15 51754451 T C 0.4465 0.0137 0.0016 4.838e-17 ++ 805967 0.995099 0.4455 0.0163 0.0022 1.528e-13 ++ 434352 0.995099 0.445 0.0107 0.0024 6.552e-06 ++ 374326 0.995099 0.0789843049141493
rs6539064:C:G 12 103706754 C G 0.7468 0.0194 0.0019 1.135e-23 ++ 718487 0.99276 0.7475 0.019 0.0026 2.773e-13 ++ 394811 0.99276 0.7486 0.0206 0.0028 3.612e-13 ++ 326387 0.99276 0.668902353427466
rs6548237:A:C 2 621461 A C 0.161 -0.057 0.0021 2.22e-158 -- 802887 0.998954 0.1598 -0.0576 0.0029 4.43e-89 -- 431436 0.998954 0.1596 -0.057 0.0031 1.243e-75 -- 374162 0.998954 0.885220976915803
rs6567160:T:C 18 57829135 T C 0.7518 -0.0552 0.0019 7.82e-184 -- 806638 0.997773 0.7509 -0.0567 0.0026 8.74e-108 -- 434692 0.997773 0.7486 -0.0533 0.0028 2.112e-82 -- 374656 0.997773 0.363473251806112
rs6606686:G:C 12 110903380 C G 0.6969 -0.0156 0.0017 3.567e-19 -- 806671 0.999312 0.6981 -0.0178 0.0023 2.502e-14 -- 434711 0.999312 0.7006 -0.0132 0.0025 1.356e-07 -- 374671 0.999312 0.166688410825442
rs6720868:C:T 2 230663576 T C 0.3083 0.0154 0.0018 1.824e-17 ++ 718504 0.996885 0.3063 0.0169 0.0024 4.646e-12 ++ 394828 0.996885 0.3062 0.0124 0.0027 2.979e-06 ++ 326387 0.996885 0.203340710151227
rs6739199:C:T 2 105452326 T C 0.2718 0.0161 0.0019 1.014e-17 ++ 718473 0.999312 0.2695 0.0159 0.0025 3.199e-10 ++ 394818 0.999312 0.2683 0.0165 0.0027 1.576e-09 ++ 326366 0.999312 0.867740668458806
rs6857:C:T 19 45392254 T C 0.1656 -0.0246 0.0023 5.924e-26 -- 712142 0.99456 0.1653 -0.0264 0.0031 4.563e-17 -- 392689 0.99456 0.1653 -0.0211 0.0034 7.952e-10 -- 322165 0.99456 0.239439174262115
rs6885199:G:A 5 92574633 A G 0.0362 0.0277 0.0047 3.45e-09 ++ 686280 1 0.0361 0.039 0.0064 8.515e-10 ++ 377514 1 0.0358 0.0119 0.007 0.08721 ++ 311477 1 0.00352304075484965
rs6890310:G:A 5 27193573 A G 0.2923 -0.0119 0.0019 3.287e-10 -- 718622 0.992123 0.294 -0.0154 0.0025 1.381e-09 -- 394897 0.992123 0.2944 -0.0074 0.0028 0.008342 -- 326436 0.992123 0.0295210434630866
rs6944634:C:G 7 75061769 C G 0.7944 -0.0209 0.002 8.42e-25 -- 746931 0.991875 0.7967 -0.0221 0.0027 7.38e-16 -- 406086 0.991875 0.7976 -0.0204 0.003 8.198e-12 -- 343556 0.991875 0.667092076707283
rs7024334:T:G 9 109072075 T G 0.2254 0.0135 0.002 4.708e-12 ++ 799813 0.999089 0.226 0.0159 0.0026 1.63e-09 ++ 432154 0.999089 0.2267 0.0123 0.0028 1.369e-05 ++ 370370 0.999089 0.335937278365597
rs704061:T:C 12 89771903 T C 0.5535 -0.0142 0.0017 8.342e-17 -- 706871 0.995572 0.5555 -0.0156 0.0023 1.005e-11 -- 388488 0.995572 0.5557 -0.0123 0.0025 1.081e-06 -- 321079 0.995572 0.32115016599217
rs7083450:C:T 10 103984060 T C 0.8309 0.0165 0.0022 1.56e-13 ++ 806791 1 0.8296 0.0185 0.003 9.258e-10 ++ 434771 1 0.8273 0.0152 0.0032 2.505e-06 ++ 374728 1 0.442270397336309
rs7084454:G:A 10 21821274 A G 0.3086 0.0198 0.0018 4.505e-27 ++ 706792 0.995785 0.3064 0.0225 0.0025 7.426e-20 ++ 388449 0.995785 0.3064 0.016 0.0027 3.599e-09 ++ 321053 0.995785 0.0712212599532755
rs709400:A:G 14 104149475 A G 0.6214 0.0148 0.0017 5.698e-19 ++ 806793 0.999507 0.6212 0.0184 0.0023 4.409e-16 ++ 434772 0.999507 0.6189 0.0111 0.0024 5.494e-06 ++ 374732 0.999507 0.0249036126663229
rs7124681:C:A 11 47529947 A C 0.4162 0.0257 0.0016 3.956e-55 ++ 806656 1 0.4175 0.0247 0.0022 9.267e-29 ++ 434712 1 0.4187 0.0275 0.0024 5.101e-31 ++ 374655 1 0.379778219324774
rs7133378:G:A 12 124409502 A G 0.3335 0.0127 0.0017 2.931e-13 ++ 802968 0.994874 0.334 0.0158 0.0024 1.85e-11 ++ 433002 0.994874 0.3366 0.0084 0.0025 0.000911 ++ 372677 0.994874 0.0291936804104325
rs7138803:G:A 12 50247468 A G 0.387 0.0297 0.0017 3.095e-71 ++ 806772 1 0.3881 0.0291 0.0023 9.701e-38 ++ 434762 1 0.3908 0.0308 0.0024 8.847e-37 ++ 374718 1 0.601448995357415
rs7141420:C:T 14 79899454 T C 0.5463 0.0209 0.0016 1.644e-37 ++ 806650 0.984748 0.5493 0.021 0.0022 7.842e-22 ++ 434698 0.984748 0.5535 0.0213 0.0024 1.17e-19 ++ 374663 0.984748 0.925026457236594
rs7147503:C:T 14 101539384 T C 0.3479 -0.0112 0.0018 2.041e-10 -- 718637 0.996933 0.3469 -0.0143 0.0024 1.909e-09 -- 394908 0.996933 0.3442 -0.0059 0.0026 0.02201 -- 326439 0.996933 0.0153293381620954
rs715:T:C 2 211543055 T C 0.6953 -0.0157 0.0019 1.337e-16 -- 660054 0.989401 0.6964 -0.0188 0.0026 2.221e-13 -- 366655 0.989401 0.6951 -0.0123 0.0028 1.437e-05 -- 296109 0.989401 0.082325722775133
rs7185966:G:A 16 4022703 A G 0.2394 -0.0184 0.0022 2.361e-16 -? 484680 0.986178 0.2393 -0.0208 0.0031 1.627e-11 -? 262817 0.986178 0.2395 -0.0173 0.0034 2.864e-07 -? 221863 0.986178 0.437240699272577
rs7186893:G:T 16 24806420 T G 0.2631 -0.0143 0.0019 1.43e-13 -- 717660 0.998542 0.2634 -0.0166 0.0026 2.072e-10 -- 394398 0.998542 0.2616 -0.013 0.0028 5.163e-06 -- 325973 0.998542 0.335937278365597
rs7200589:G:A 16 349331 A G 0.2623 -0.014 0.0019 4.404e-13 -- 717230 0.993648 0.2618 -0.0189 0.0026 3.529e-13 -- 394254 0.993648 0.2608 -0.0095 0.0028 0.0008575 -- 325687 0.993648 0.0119888336885207
rs7211966:C:T 17 54374611 T C 0.0273 -0.0277 0.006 4.144e-06 -- 705068 0.994606 0.0287 -0.047 0.008 4.885e-09 -- 387308 0.994606 0.0286 -0.0014 0.0088 0.8768 +- 320471 0.994606 9.01337670088588e-05
rs7238896:A:G 18 1840658 A G 0.8584 -0.0218 0.0028 2.485e-15 -? 484680 0.981662 0.8589 -0.0234 0.0038 7.125e-10 -? 262817 0.981662 0.8579 -0.0191 0.0041 3.903e-06 -? 221863 0.981662 0.432111825512216
rs7239114:G:A 18 45921214 A G 0.5414 0.012 0.0017 6.244e-13 ++ 794467 0.983676 0.5415 0.0155 0.0022 3.897e-12 ++ 428092 0.983676 0.5412 0.0072 0.0024 0.002707 ++ 369086 0.983676 0.00922646201728803
rs7247614:T:G 19 33953354 T G 0.6938 -0.0119 0.0019 2.425e-10 -- 718686 0.998888 0.6912 -0.0161 0.0025 2.402e-10 -- 394924 0.998888 0.6914 -0.0046 0.0028 0.09695 -- 326473 0.998888 0.00175606490452358
rs7259070:T:C 19 47562509 T C 0.4126 -0.0209 0.002 1.554e-26 -? 484680 0.977562 0.4119 -0.0192 0.0027 1.059e-12 -? 262817 0.977562 0.4135 -0.0236 0.0029 1.013e-15 -? 221863 0.977562 0.256749047601426
rs72618637:T:A 2 48953979 A T 0.1898 -0.018 0.0025 2.372e-13 -? 484680 0.96129 0.1897 -0.0209 0.0034 6.861e-10 -? 262817 0.96129 0.1899 -0.0161 0.0037 1.434e-05 -? 221863 0.96129 0.329283911669635
rs7318817:C:T 13 28617708 T C 0.6303 -0.0143 0.0018 4.032e-16 -- 718694 0.998102 0.6313 -0.0141 0.0024 2.154e-09 -- 394927 0.998102 0.6303 -0.0153 0.0026 2.553e-09 -- 326478 0.998102 0.729073960048384
rs73213484:A:T 4 28489339 A T 0.8565 0.0208 0.0027 2.043e-14 +? 484680 0.995438 0.8566 0.025 0.0037 2.278e-11 +? 262817 0.995438 0.8564 0.0148 0.0041 0.0003006 +? 221863 0.995438 0.0592744587211708
rs7335249:T:C 13 109962579 T C 0.5617 0.009 0.0017 1.711e-07 ++ 717828 0.994473 0.5578 0.0135 0.0023 4.906e-09 ++ 394619 0.994473 0.558 0.0018 0.0025 0.4859 +- 325920 0.994473 0.000435738830178634
rs73646205:T:A 9 16724055 A T 0.1676 0.0225 0.0026 1.613e-18 +? 484680 0.992182 0.167 0.0237 0.0035 1.933e-11 +? 262817 0.992182 0.1683 0.0237 0.0039 7.085e-10 +? 221863 0.992182 1
rs7428670:G:C 3 131579810 C G 0.2697 0.022 0.0019 6.49e-31 ++ 718697 0.995052 0.2691 0.0202 0.0026 3.09e-15 ++ 394927 0.995052 0.2702 0.0235 0.0028 5.854e-17 ++ 326480 0.995052 0.377756077818128
rs7498665:A:G 16 28883241 A G 0.6179 -0.0285 0.0017 1.139e-66 -- 804216 1 0.6194 -0.0264 0.0022 1.939e-32 -- 433713 1 0.6192 -0.0314 0.0024 1.685e-39 -- 373185 1 0.116787391717418
rs7550711:C:T 1 110082886 T C 0.0279 0.0657 0.005 9.108e-39 ++ 785233 0.987478 0.0283 0.0641 0.0068 3.368e-21 ++ 422979 0.987478 0.0284 0.0693 0.0072 9.56e-22 ++ 364465 0.987478 0.59178053815348
rs7579277:G:A 2 28996295 A G 0.6674 -0.0125 0.0018 3.932e-12 -- 718618 0.997535 0.665 -0.016 0.0024 5.839e-11 -- 394882 0.997535 0.666 -0.0103 0.0027 0.0001067 -- 326444 0.997535 0.10711096404691
rs7582359:G:A 2 55286681 A G 0.3294 -0.0128 0.0018 1.83e-12 -- 718323 0.989324 0.3305 -0.0167 0.0025 9.958e-12 -- 394738 0.989324 0.3305 -0.0078 0.0027 0.003386 -- 326296 0.989324 0.0135045056628644
rs7588437:G:A 2 181575281 A G 0.3664 -0.0165 0.0017 2.321e-22 -- 806379 0.991305 0.3672 -0.0176 0.0023 8.38e-15 -- 434545 0.991305 0.3681 -0.0153 0.0024 3.272e-10 -- 374536 0.991305 0.479774424394041
rs7599312:G:A 2 213413231 A G 0.2737 -0.0182 0.0018 1.521e-23 -- 806704 0.978529 0.2746 -0.0159 0.0025 1.074e-10 -- 434726 0.978529 0.2749 -0.0218 0.0026 1.513e-16 -- 374682 0.978529 0.0947936368268768
rs7621025:T:C 3 136272246 T C 0.2607 -0.0187 0.0019 7.536e-24 -- 806690 0.999217 0.2608 -0.02 0.0025 1.622e-15 -- 434707 0.999217 0.2613 -0.0176 0.0027 7.475e-11 -- 374683 0.999217 0.505336975844394
rs7701842:A:T 5 64074730 A T 0.4899 0.0124 0.0017 3.088e-13 ++ 718697 0.981318 0.4907 0.0142 0.0023 5.945e-10 ++ 394928 0.981318 0.4917 0.008 0.0025 0.001573 ++ 326480 0.981318 0.0623301324800177
rs7701886:G:A 5 153547409 A G 0.5431 -0.0161 0.0017 4.906e-21 -- 718695 0.991441 0.5435 -0.0161 0.0023 2.379e-12 -- 394927 0.991441 0.5434 -0.0163 0.0025 8.017e-11 -- 326478 0.991441 0.952054409227265
rs7713317:A:G 5 95716722 A G 0.7198 -0.0166 0.0018 1.959e-20 -- 802425 0.994974 0.7199 -0.0153 0.0024 2.696e-10 -- 433157 0.994974 0.7212 -0.0182 0.0026 2.73e-12 -- 371979 0.994974 0.402575171855933
rs77432547:A:G 13 86494817 A G 0.7229 -0.017 0.0021 1.44e-15 -? 484680 0.999215 0.7236 -0.0175 0.0029 2.284e-09 -? 262817 0.999215 0.722 -0.0162 0.0032 4.294e-07 -? 221863 0.999215 0.758522512792551
rs782971:A:G 5 43124688 A G 0.7534 -0.0134 0.0018 3.538e-13 -- 806762 0.993155 0.7544 -0.0172 0.0025 4.89e-12 -- 434760 0.993155 0.7566 -0.0087 0.0027 0.0012 -- 374714 0.993155 0.0183163202704134
rs7845090:G:A 8 73449940 A G 0.7029 -0.0207 0.0021 5.248e-23 -? 484680 0.992569 0.7034 -0.023 0.0029 1.504e-15 -? 262817 0.992569 0.7024 -0.0176 0.0032 2.285e-08 -? 221863 0.992569 0.201608636622963
rs7899106:A:G 10 87410904 A G 0.9496 -0.0327 0.0037 1.719e-18 -- 806450 0.986531 0.9495 -0.0375 0.005 7.649e-14 -- 434528 0.986531 0.9498 -0.0258 0.0054 1.874e-06 -- 374632 0.986531 0.104448887067144
rs79113395:G:A 1 1590521 A G 0.266 -0.02 0.0022 2.033e-20 -? 484680 0.988786 0.2668 -0.021 0.003 1.45e-12 -? 262817 0.988786 0.2651 -0.0187 0.0033 8.84e-09 -? 221863 0.988786 0.59841849053957
rs7961979:C:A 12 121671261 A C 0.1314 0.0177 0.0026 7.257e-12 ++ 718518 0.997194 0.1328 0.0208 0.0035 2.395e-09 ++ 394833 0.997194 0.1321 0.0142 0.0038 0.0002073 ++ 326395 0.997194 0.191991942373726
rs7975187:A:G 12 60964108 A G 0.7712 -0.0137 0.0021 3.86e-11 -- 718606 0.996705 0.7692 -0.0169 0.0028 1.222e-09 -- 394880 0.996705 0.7695 -0.0094 0.003 0.001915 -- 326436 0.996705 0.061962079794555
rs7976757:T:C 12 19207948 T C 0.1772 -0.015 0.0022 2.733e-11 -- 717690 0.985656 0.1768 -0.0192 0.003 2.937e-10 -- 394397 0.985656 0.1768 -0.0096 0.0033 0.003792 -- 326004 0.985656 0.0279276978923864
rs8016859:G:C 14 30484722 C G 0.0377 0.0344 0.0043 6.828e-16 ++ 793931 0.989098 0.0375 0.036 0.0058 3.825e-10 ++ 427602 0.989098 0.0374 0.0325 0.0062 1.521e-07 ++ 369040 0.989098 0.673731452315343
rs8038522:T:G 15 46585105 T G 0.4145 -0.0107 0.0017 3.832e-10 -- 718641 0.995068 0.4126 -0.014 0.0023 1.27e-09 -- 394897 0.995068 0.4136 -0.0062 0.0025 0.01322 -- 326454 0.995068 0.0190292864364639
rs8075273:C:A 17 61728881 A C 0.2878 -0.0137 0.0018 4.665e-14 -- 806500 0.998729 0.2895 -0.016 0.0024 5.559e-11 -- 434633 0.998729 0.2903 -0.012 0.0026 4.446e-06 -- 374578 0.998729 0.248284812064039
rs811054:C:T 16 72251132 T C 0.5333 0.0135 0.0016 2.357e-16 ++ 804912 0.984128 0.5331 0.0162 0.0022 3.178e-13 ++ 433837 0.984128 0.5315 0.0102 0.0024 1.862e-05 ++ 373785 0.984128 0.0598248614791886
rs867560:C:G 9 129465233 C G 0.568 -0.0136 0.0017 1.239e-15 -- 718619 0.99603 0.5694 -0.0142 0.0023 5.557e-10 -- 394888 0.99603 0.5695 -0.0144 0.0025 8.858e-09 -- 326442 0.99603 0.952054409227265
rs890235:A:G 8 64716469 A G 0.5462 0.0103 0.0017 1.725e-09 ++ 718543 0.993728 0.5451 0.0144 0.0023 4.077e-10 ++ 394852 0.993728 0.5462 0.0044 0.0025 0.07937 ++ 326401 0.993728 0.00264400278558197
rs901630:C:T 6 98539519 T C 0.4135 -0.0157 0.0017 2.431e-21 -- 806195 0.999146 0.4156 -0.0148 0.0022 4.559e-11 -- 434470 0.999146 0.4174 -0.0183 0.0024 3.133e-14 -- 374436 0.999146 0.272256342561674
rs923724:G:C 12 99639930 C G 0.6196 -0.014 0.0018 1.511e-15 -- 718271 0.984436 0.6188 -0.0156 0.0024 5.744e-11 -- 394687 0.984436 0.6191 -0.0101 0.0026 9.471e-05 -- 326294 0.984436 0.112405672897939
rs9302652:C:T 16 53865975 T C 0.735 -0.0243 0.0018 8.521e-40 -- 791220 0.981583 0.7362 -0.0213 0.0025 8.915e-18 -- 426229 0.981583 0.7354 -0.0277 0.0027 4.213e-25 -- 367701 0.981583 0.0756819577002951
rs9367369:A:G 6 13189941 A G 0.7103 0.0148 0.0021 1.865e-12 +? 484680 0.992095 0.7095 0.0173 0.0029 2.322e-09 +? 262817 0.992095 0.7113 0.0098 0.0032 0.001883 +? 221863 0.992095 0.0761316591554505
rs942066:A:G 14 94031914 A G 0.373 -0.0202 0.002 2.356e-24 -? 484680 0.990093 0.3742 -0.0202 0.0027 1.044e-13 -? 262817 0.990093 0.3717 -0.0203 0.003 1.03e-11 -? 221863 0.990093 0.979813685710759
rs943005:C:T 6 50865820 T C 0.1494 0.041 0.0021 1.28e-81 ++ 806809 0.999856 0.1472 0.0398 0.0029 1.992e-43 ++ 434779 0.999856 0.1456 0.0442 0.0031 3.861e-46 ++ 374741 0.999856 0.289783969995874
rs947088:G:T 20 17171373 T G 0.7351 0.0126 0.0019 3.508e-11 ++ 718449 0.991826 0.7367 0.0164 0.0026 1.912e-10 ++ 394776 0.991826 0.7367 0.0073 0.0028 0.009199 ++ 326358 0.991826 0.0150037915784807
rs947791:G:A 11 65302893 A G 0.214 0.0161 0.0021 1.444e-14 ++ 718123 1 0.2135 0.0204 0.0028 5.881e-13 ++ 394647 1 0.2148 0.0099 0.0031 0.001402 ++ 326187 1 0.0102594842983583
rs953567:A:G 1 74977425 A G 0.5903 -0.0184 0.0017 2.34e-28 -- 806346 0.983188 0.5898 -0.0209 0.0022 1.173e-20 -- 434546 0.983188 0.5889 -0.0157 0.0024 6.376e-11 -- 374510 0.983188 0.102861231437008
rs9540493:A:G 13 66205704 A G 0.458 0.0129 0.0017 7.847e-15 ++ 803641 0.988808 0.4573 0.0143 0.0022 1.718e-10 ++ 433200 0.988808 0.4577 0.012 0.0024 5.23e-07 ++ 373151 0.988808 0.470623573521737
rs9571687:C:A 13 67472713 A C 0.3404 -0.0122 0.0018 1.528e-11 -- 718634 0.996301 0.3417 -0.0145 0.0024 3.236e-09 -- 394895 0.996301 0.3415 -0.0107 0.0027 5.976e-05 -- 326450 0.996301 0.282728408299313
rs9595908:T:C 13 33184288 T C 0.6427 0.0154 0.0017 3.734e-20 ++ 806589 0.997967 0.6435 0.0144 0.0023 2.335e-10 ++ 434676 0.997967 0.6431 0.018 0.0024 1.39e-13 ++ 374624 0.997967 0.26868972892772
rs9636391:A:G 2 50201110 A G 0.1593 0.0204 0.0023 6.647e-19 ++ 718649 0.992743 0.1583 0.0212 0.0031 7.077e-12 ++ 394903 0.992743 0.1587 0.0171 0.0034 3.533e-07 ++ 326457 0.992743 0.362802819275586
rs9839267:T:G 3 42332624 T G 0.8919 0.0227 0.0027 1.793e-17 ++ 717303 0.990623 0.893 0.0244 0.0036 1.09e-11 ++ 394071 0.990623 0.893 0.0207 0.0039 1.177e-07 ++ 325943 0.990623 0.476491181476053
rs9862795:A:T 3 49915506 A T 0.4762 -0.0264 0.0019 4.434e-44 -? 484680 0.998262 0.4775 -0.027 0.0026 5.3e-25 -? 262817 0.998262 0.4747 -0.027 0.0029 3.477e-21 -? 221863 0.998262 1
rs9906944:C:T 17 47091420 T C 0.3524 -0.0178 0.0018 8.847e-23 -- 717228 0.990678 0.355 -0.019 0.0024 7.254e-15 -- 394129 0.990678 0.3548 -0.0155 0.0027 6.1e-09 -- 325809 0.990678 0.322465379993631
rs9910745:C:T 17 78610543 T C 0.4449 -0.0181 0.0017 2.661e-26 -- 717840 0.997719 0.4465 -0.0186 0.0023 7.437e-16 -- 394410 0.997719 0.4456 -0.0191 0.0025 3.707e-14 -- 326141 0.997719 0.880513936807281
rs9929792:A:T 16 20371075 A T 0.5005 0.0152 0.0017 2.148e-19 ++ 718570 0.999013 0.5018 0.0186 0.0023 3.801e-16 ++ 394863 0.999013 0.5009 0.0107 0.0025 1.877e-05 ++ 326417 0.999013 0.0175479847845814
