SNP Chr.ref.males Pos.ref.males A1.combined A2.combined frqA1.combined beta.combined se.combined pval.combined dir.combined nmeta.combined info.combined frqA1.females beta.females se.females pval.females dir.females nmeta.females info.females frqA1.males beta.males se.males pval.males dir.males nmeta.males info.males psexdiff
rs1002473:T:G 5 56274077 T G 0.2121 0.0099 0.0024 3.783e-05 +? 485486 0.99978 0.2117 0.0191 0.0032 4.183e-09 +? 263148 0.99978 0.2127 -0.0013 0.0036 0.7063 -? 222338 0.99978 1.79060461261199e-05
rs10456526:G:A 6 43814625 A G 0.2845 -0.0194 0.002 3.678e-23 -- 630021 0.996681 0.2837 -0.0267 0.0026 2.896e-24 -- 350679 0.996681 0.2853 -0.0101 0.0029 0.0006038 -- 279528 0.996681 1.58441325951839e-05
rs11118356:C:T 1 219777110 T C 0.5331 0.0084 0.0018 1.705e-06 ++ 650773 0.996988 0.5337 0.016 0.0023 5.793e-12 ++ 360139 0.996988 0.5332 -0.0015 0.0026 0.5772 -- 290819 0.996988 3.29399417045049e-07
rs113740515:G:A 12 123199410 A G 0.2103 -0.02 0.0024 7.258e-17 -? 485486 0.99829 0.2109 -0.0327 0.0032 7.655e-24 -? 263148 0.99829 0.2095 -0.0045 0.0036 0.2102 -? 222338 0.99829 3.03619413343897e-09
rs114306866:G:A 3 64693736 A G 0.032 -0.0297 0.0051 4.624e-09 -- 550445 1 0.0347 -0.042 0.0072 6.334e-09 -? 263148 1 0.0357 -0.02 0.0079 0.01127 -? 222338 1 0.0371017194434205
rs11919522:A:G 3 53234994 A G 0.588 -0.0129 0.0018 1.376e-12 -- 629876 0.992586 0.5884 -0.0176 0.0024 4.791e-13 -- 350618 0.992586 0.5874 -0.0077 0.0027 0.004661 -- 279444 0.992586 0.00551048415216496
rs12310367:A:G 12 124486678 A G 0.6576 0.0278 0.0019 6.066e-49 ++ 630043 0.996142 0.6571 0.0434 0.0025 3.793e-66 ++ 350693 0.996142 0.6571 0.0067 0.0028 0.01804 ++ 279536 0.996142 4.06830198384727e-23
rs12478439:C:G 2 67751114 C G 0.843 -0.0119 0.0024 8.063e-07 -- 627848 0.998373 0.8433 -0.0199 0.0032 7.483e-10 -- 348496 0.998373 0.843 -0.0015 0.0036 0.6738 -+ 279538 0.998373 0.000109292520124105
rs12822416:C:A 12 54400228 A C 0.162 -0.0237 0.0024 1.621e-22 -- 626303 0.993954 0.1607 -0.0316 0.0032 1.36e-22 -- 348787 0.993954 0.1629 -0.0137 0.0036 0.0001583 -- 277701 0.993954 0.000167322164308944
rs142177774:C:G 8 126467962 C G 0.9895 -0.05 0.0102 9.374e-07 -? 485486 0.892969 0.9894 -0.0941 0.0137 6.943e-12 -? 263148 0.892969 0.9897 -7e-04 0.0154 0.9657 -? 222338 0.892969 4.44609453490735e-06
rs17036126:C:T 3 12287863 T C 0.1186 0.0224 0.0025 1.462e-18 ++ 697384 0.994761 0.1185 0.0345 0.0034 4.972e-24 ++ 380984 0.994761 0.1175 0.0058 0.0038 0.1255 ++ 316584 0.994761 1.1937486837066e-08
rs17071395:G:A 3 64751742 A G 0.037 -0.017 0.0048 0.0004081 -- 643653 0.998598 0.0374 -0.0285 0.0064 9.469e-06 -- 355207 0.998598 0.0373 -0.002 0.0071 0.7806 -+ 289743 0.998598 0.00498722282261545
rs17145717:G:A 7 72929608 A G 0.0621 0.0236 0.0038 3.658e-10 ++ 629624 0.979328 0.0621 0.0368 0.005 2.05e-13 ++ 350355 0.979328 0.0621 0.0082 0.0056 0.1474 ++ 279455 0.979328 0.000114137621086672
rs1862304:C:A 3 64712944 A C 0.025 -0.018 0.0053 0.0006539 -- 678289 0.981124 0.025 -0.0381 0.0072 1.058e-07 -- 373569 0.981124 0.0247 0.0058 0.0077 0.4543 ++ 304787 0.981124 2.46575569951596e-05
rs1894633:A:G 1 172331059 A G 0.661 -0.0178 0.0018 2.544e-23 -- 697466 0.995753 0.6611 -0.0262 0.0024 1.253e-27 -- 381031 0.995753 0.6606 -0.0064 0.0027 0.01518 -- 316619 0.995753 2.83808957550922e-08
rs1907218:T:C 10 122970216 T C 0.3054 0.0066 0.0018 0.0003451 ++ 697027 0.994117 0.3051 0.0162 0.0025 5.311e-11 ++ 380761 0.994117 0.3048 -0.0057 0.0027 0.03493 -+ 316450 0.994117 1.65913149661193e-09
rs2143679:A:G 6 127107582 A G 0.4975 0.0198 0.0018 1.574e-28 ++ 618298 0.998453 0.4953 0.0284 0.0024 6.86e-33 ++ 344296 0.998453 0.4976 0.0088 0.0027 0.001043 ++ 274188 0.998453 3.90555143997403e-08
rs2179072:C:T 1 9349150 T C 0.2693 -0.0155 0.0022 2.479e-12 -? 485486 0.986358 0.2682 -0.0229 0.003 2.188e-14 -? 263148 0.986358 0.2705 -0.0065 0.0033 0.04897 -? 222338 0.986358 0.000195740894905005
rs2198562:C:G 2 158465673 C G 0.9463 -0.0174 0.0038 5.59e-06 -- 664702 0.984977 0.9461 -0.0328 0.0051 1.936e-10 -- 363817 0.984977 0.9466 0.0014 0.0057 0.8034 +- 300951 0.984977 5.93440913503529e-06
rs2489623:A:C 6 127455821 A C 0.4582 -0.0345 0.0017 6.79e-93 -- 697469 0.998169 0.4578 -0.0492 0.0023 1.18e-103 -- 381018 0.998169 0.4583 -0.0172 0.0025 6.259e-12 -- 316635 0.998169 1.41613790792453e-21
rs250302:C:G 5 118677340 C G 0.7738 -0.0135 0.0022 5.334e-10 -- 626295 0.986466 0.7729 -0.0228 0.0029 3.923e-15 -- 348446 0.986466 0.7741 -0.0018 0.0033 0.5883 -- 278035 0.986466 1.29041529076343e-06
rs2605132:A:G 17 18128474 A G 0.5907 0.0121 0.002 1.741e-09 +? 485486 0.988267 0.5897 0.0178 0.0027 4.857e-11 +? 263148 0.988267 0.5917 0.0045 0.003 0.1315 +? 222338 0.988267 0.000845357799258672
rs2849030:G:A 11 62366986 A G 0.636 -0.0144 0.0018 5.053e-15 -- 630058 0.996874 0.6379 -0.024 0.0024 1.149e-22 -- 350703 0.996874 0.6355 -0.0026 0.0028 0.3405 -- 279541 0.996874 4.18327143107105e-09
rs2854050:G:A 6 32185605 A G 0.0672 0.0291 0.0034 1.93e-17 ++ 695975 1 0.0669 0.036 0.0046 3.291e-15 ++ 380016 1 0.0667 0.0217 0.0051 1.785e-05 ++ 316143 1 0.0349622160305057
rs2865505:G:A 20 39203782 A G 0.3115 -0.0111 0.0021 2.007e-07 -? 485486 0.988706 0.3109 -0.0195 0.0029 1.54e-11 -? 263148 0.988706 0.3122 5e-04 0.0032 0.8824 +? 222338 0.988706 2.72458742223505e-06
rs34980073:A:G 6 6766460 A G 0.7144 -0.0174 0.0022 1.371e-15 -? 485486 0.994136 0.7148 -0.0232 0.0029 3.176e-15 -? 263148 0.994136 0.714 -0.01 0.0033 0.002177 -? 222338 0.994136 0.00234189246792533
rs36184164:T:G 6 43781092 T G 0.8896 -0.0125 0.0031 6.182e-05 -? 485486 1 0.8896 -0.0216 0.0042 2.883e-07 -? 263148 1 0.8897 -8e-04 0.0047 0.8565 -? 222338 1 0.000831230370541842
rs3749237:G:A 3 49770032 A G 0.3245 0.0174 0.0019 6.273e-20 ++ 630054 1 0.3239 0.0171 0.0025 1.657e-11 ++ 350698 1 0.3258 0.0185 0.0028 7.591e-11 ++ 279541 1 0.705620612375787
rs3769876:T:C 2 165569373 T C 0.418 0.0166 0.0017 3.993e-22 ++ 697496 0.987663 0.4183 0.0356 0.0023 8.072e-54 ++ 381056 0.987663 0.418 -0.0063 0.0025 0.01335 -- 316625 0.987663 8.19307471742847e-36
rs3786893:C:G 19 33880000 C G 0.7447 -0.0055 0.002 0.007131 -- 630008 0.998208 0.7447 -8e-04 0.0027 0.7625 -- 350673 0.998208 0.7451 -0.0117 0.003 0.0001182 -- 279521 0.998208 0.00623340125626826
rs3897379:A:G 1 219759733 A G 0.1908 0.0188 0.0022 2.498e-18 ++ 697633 1 0.1908 0.0361 0.0029 1.453e-35 ++ 381127 1 0.1909 -0.0041 0.0032 0.195 -- 316691 1 4.17883149279344e-21
rs4357716:C:T 11 69163161 T C 0.137 0.0146 0.0027 3.377e-08 ++ 619528 0.988243 0.1371 0.0215 0.0035 1.268e-09 ++ 345106 0.988243 0.1373 0.0055 0.004 0.1613 ++ 274607 0.988243 0.00229793642331585
rs4641:C:T 1 156107534 T C 0.271 0.0089 0.002 1.027e-05 ++ 648657 0.974318 0.2703 0.0159 0.0027 5.727e-09 ++ 356822 0.974318 0.2721 0.001 0.003 0.751 +- 292019 0.974318 0.00018475112165026
rs4671796:A:G 2 67604752 A G 0.5529 0.0111 0.0018 5.528e-10 ++ 629925 0.995981 0.5541 0.0153 0.0024 1.159e-10 ++ 350632 0.995981 0.5521 0.005 0.0027 0.06152 ++ 279478 0.995981 0.0038805076660024
rs4743775:A:G 9 107727489 A G 0.764 0.0135 0.0021 2.948e-10 ++ 630010 0.985799 0.7629 0.0175 0.0028 6.821e-10 ++ 350672 0.985799 0.7634 0.0076 0.0032 0.01771 ++ 279523 0.985799 0.0183727237393079
rs557675:T:G 11 65566719 T G 0.5422 0.0095 0.0017 2.107e-08 ++ 690220 0.993604 0.5426 0.0141 0.0023 7.6e-10 ++ 378700 0.993604 0.5424 0.0036 0.0025 0.1584 +- 311704 0.993604 0.00174447197859786
rs56133301:G:A 3 12476555 A G 0.0143 -0.0573 0.0085 1.398e-11 -? 485486 0.943648 0.0143 -0.0978 0.0115 1.595e-17 -? 263148 0.943648 0.0143 -0.0076 0.0127 0.55 -? 222338 0.943648 9.7029326347683e-08
rs56188432:A:G 2 158406865 A G 0.9978 0.1098 0.021 1.607e-07 +? 485486 1 0.9978 0.1385 0.0283 9.483e-07 +? 263148 1 0.9978 0.0633 0.0314 0.04407 +? 222338 1 0.0715780618290735
rs61921763:G:C 12 54322588 C G 0.1068 0.0282 0.0032 2.014e-18 +? 485486 0.965384 0.1064 0.0391 0.0044 3.405e-19 +? 263148 0.965384 0.1073 0.0167 0.0048 0.0005145 +? 222338 0.965384 0.000493580473805744
rs637310:A:G 13 51200451 A G 0.1018 -0.018 0.0029 7.93e-10 -- 630029 0.985628 0.1011 -0.0206 0.0039 1.185e-07 -- 350685 0.985628 0.1015 -0.0151 0.0043 0.0004759 -- 279530 0.985628 0.337265438457719
rs662408:C:T 6 80996367 T C 0.8082 -0.0164 0.0023 1.109e-12 -- 630072 0.998983 0.8068 -0.0193 0.0031 3.053e-10 -- 350709 0.998983 0.8086 -0.0118 0.0034 0.0006084 -- 279549 0.998983 0.0987454952752817
rs6633:G:T 12 123745809 T G 0.198 -0.0168 0.0022 7.642e-14 -- 615886 0.998457 0.1978 -0.0234 0.003 6.239e-15 -- 341977 0.998457 0.1984 -0.0094 0.0034 0.004905 -0 274095 0.998457 0.00176573818939632
rs6704241:A:G 1 154814785 A G 0.6411 -0.0086 0.0019 5.407e-06 -- 616128 0.996656 0.6394 -0.01 0.0025 7.681e-05 -- 342118 0.996656 0.6414 -0.0071 0.0028 0.01224 -+ 274196 0.996656 0.433938305877619
rs682845:T:C 11 65254201 T C 0.6597 -0.0118 0.0019 3.305e-10 -- 630042 0.993108 0.6598 -0.0182 0.0025 4.221e-13 -- 350701 0.993108 0.6596 -0.0046 0.0028 0.1008 -- 279527 0.993108 0.000243010785166225
rs71439172:G:A 2 25584162 A G 0.1438 -0.0204 0.0028 5.857e-13 -? 485486 0.963824 0.1429 -0.0294 0.0038 1.593e-14 -? 263148 0.963824 0.1447 -0.0103 0.0042 0.01514 -? 222338 0.963824 0.00063674084456001
rs7251505:G:A 19 33802542 A G 0.0936 -0.0335 0.003 1.507e-29 -- 696200 0.997892 0.0936 -0.0363 0.004 1.266e-19 -- 380226 0.997892 0.0937 -0.0297 0.0044 1.519e-11 -- 316158 0.997892 0.260950137337761
rs72628504:A:G 3 129287004 A G 0.933 -0.0325 0.0041 1.173e-15 -? 485486 0.932268 0.9328 -0.0511 0.0055 1.116e-20 -? 263148 0.932268 0.9332 -0.0109 0.0061 0.07334 -? 222338 0.932268 7.15261966652857e-07
rs73226103:C:G 12 123196078 C G 0.929 0.0207 0.0039 1.187e-07 +? 485486 0.955488 0.9292 0.0371 0.0053 2.112e-12 +? 263148 0.955488 0.9288 6e-04 0.0058 0.9169 +? 222338 0.955488 2.53548571050441e-06
rs76699125:T:C 3 64701535 T C 0.9368 0.032 0.0041 4.955e-15 +? 485486 0.967782 0.9371 0.0469 0.0055 2.524e-17 +? 263148 0.967782 0.9365 0.013 0.0061 0.03306 +? 222338 0.967782 2.91121174589259e-05
rs77261529:T:A 1 119680851 A T 0.0404 -0.0466 0.0044 9.911e-26 -- 551395 0.977703 0.046 -0.0524 0.0064 1.892e-16 -? 263148 0.977703 0.0455 -0.042 0.0071 3.09e-09 -? 222338 0.977703 0.270482636138704
rs77747822:G:A 3 12513531 A G 0.0748 -0.0196 0.0037 1.651e-07 -? 485486 0.989905 0.0753 -0.0238 0.005 2.423e-06 -? 263148 0.989905 0.0742 -0.0141 0.0056 0.01227 -? 222338 0.989905 0.190665164839916
rs7798002:G:T 7 25860580 T G 0.1968 0.026 0.0021 1.414e-34 ++ 697571 0.99546 0.1963 0.0384 0.0028 1.424e-41 ++ 381085 0.99546 0.1973 0.0105 0.0031 0.000767 ++ 316671 0.99546 1.33727112295858e-11
rs7919055:T:C 10 63808475 T C 0.9577 -0.0282 0.0045 4.807e-10 -- 690764 0.971832 0.9575 -0.0441 0.0061 5.29e-13 -- 378459 0.971832 0.9578 -0.0077 0.0068 0.2559 -- 312489 0.971832 5.44450537974813e-05
rs79634051:G:C 11 14561945 C G 0.0269 -0.0263 0.0061 1.421e-05 -? 485486 1 0.0268 -0.0465 0.0082 1.495e-08 -? 263148 1 0.027 0.0011 0.0091 0.9065 +? 222338 1 8.29613398268184e-05
rs80245809:G:A 3 129284127 A G 0.0142 -0.0449 0.0085 1.299e-07 -? 485486 0.948904 0.0144 -0.0648 0.0114 1.367e-08 -? 263148 0.948904 0.014 -0.0177 0.0128 0.1671 -? 222338 0.948904 0.00538529563885008
rs9381254:C:T 6 43789260 T C 0.3096 -0.014 0.0019 3.65e-13 -- 630075 0.993698 0.3112 -0.0244 0.0026 2.418e-21 -- 350712 0.993698 0.3085 -3e-04 0.0029 0.9275 -+ 279549 0.993698 3.68328996624771e-10
rs9625645:A:G 22 29318299 A G 0.9594 -0.0406 0.0047 1.106e-17 -- 618383 0.990827 0.9584 -0.0497 0.0062 1.566e-15 -- 344317 0.990827 0.9592 -0.0293 0.007 3.121e-05 -- 274251 0.990827 0.0271394825597124
rs9792666:A:G 9 107887738 A G 0.9605 0.0397 0.0046 3.571e-18 ++ 617626 0.969295 0.9606 0.0537 0.0061 1.715e-18 ++ 344296 0.969295 0.9604 0.0251 0.0069 0.0002583 ++ 273516 0.969295 0.00166025088922048
