SNP Chr.ref.males Pos.ref.males A1.combined A2.combined frqA1.combined beta.combined se.combined pval.combined dir.combined nmeta.combined info.combined frqA1.females beta.females se.females pval.females dir.females nmeta.females info.females frqA1.males beta.males se.males pval.males dir.males nmeta.males info.males psexdiff
rs1007330:C:T 20 45526121 T C 0.3773 -0.0201 0.002 4.069e-23 -? 485486 0.994304 0.377 -0.021 0.0027 2.042e-14 -? 263148 0.994304 0.3777 -0.0194 0.003 1.583e-10 -? 222338 0.994304 0.688049287766954
rs10132280:C:A 14 25928179 A C 0.3106 -0.0116 0.0018 3.114e-10 -- 697591 0.988362 0.3109 -0.0032 0.0025 0.2008 -- 381102 0.988362 0.3108 -0.0227 0.0027 8.971e-17 -- 316673 0.988362 7.98472348509235e-08
rs10828247:A:G 10 21822856 A G 0.6623 -0.0133 0.0019 1.57e-12 -- 630011 0.997455 0.6629 -0.0053 0.0025 0.03361 -- 350675 0.997455 0.6623 -0.0236 0.0028 6.574e-17 -- 279521 0.997455 7.90668978838796e-07
rs10872224:G:T 6 98435125 T G 0.5912 0.0119 0.0018 5.536e-11 ++ 630060 0.999155 0.5878 0.0074 0.0024 0.002328 ++ 350702 0.999155 0.5922 0.0196 0.0027 6.948e-13 ++ 279543 0.999155 0.000625289349904615
rs10876528:C:A 12 54421476 A C 0.351 0.0236 0.0018 8.584e-39 ++ 657052 1 0.351 0.0257 0.0024 5.723e-26 ++ 359541 1 0.3504 0.0209 0.0027 7.742e-15 ++ 297696 1 0.178389135278348
rs10993017:T:C 9 96760384 T C 0.7174 0.0154 0.002 6.88e-15 ++ 630061 1 0.7161 0.0135 0.0026 3.368e-07 ++ 350703 1 0.7178 0.0192 0.003 8.865e-11 ++ 279544 1 0.145912491378326
rs11072384:T:C 15 73001314 T C 0.2143 -0.0129 0.0021 1.543e-09 -- 629822 0.998125 0.2133 -0.0079 0.0028 0.005515 -- 350558 0.998125 0.2133 -0.0194 0.0032 1.116e-09 -- 279450 0.998125 0.00616050723818345
rs1122080:G:A 5 158015903 A G 0.2045 -0.0131 0.0022 1.603e-09 -- 697618 0.977194 0.2048 -0.0079 0.0029 0.007147 -- 381112 0.977194 0.2056 -0.0197 0.0032 1.015e-09 -- 316691 0.977194 0.00565001410098312
rs11992444:G:T 8 25464690 T G 0.5085 0.0185 0.002 4.99e-21 +? 485486 1 0.5085 0.0189 0.0027 1.29e-12 +? 263148 1 0.5085 0.0191 0.0029 6.975e-11 +? 222338 1 0.95922649953409
rs12361415:T:G 11 47474146 T G 0.706 0.0168 0.0019 2.667e-19 ++ 697663 1 0.7056 0.0087 0.0025 0.0005415 ++ 381139 1 0.7056 0.0282 0.0028 3.85e-24 ++ 316708 1 1.42933560477868e-07
rs12430764:G:A 13 93896935 A G 0.5164 0.0107 0.0018 1.872e-09 ++ 630067 0.996382 0.516 0.0056 0.0024 0.0176 ++ 350706 0.996382 0.5165 0.0175 0.0027 4.342e-11 ++ 279546 0.996382 0.000849037558567899
rs12459350:A:G 19 2176586 A G 0.5423 0.0134 0.0017 2.233e-15 ++ 697658 0.999463 0.5421 0.0124 0.0023 5.825e-08 ++ 381137 0.999463 0.5427 0.015 0.0025 2.427e-09 ++ 316705 0.999463 0.438223148621492
rs12608504:A:G 19 18389135 A G 0.3593 0.0251 0.0018 4.675e-46 ++ 697639 0.9985 0.3594 0.0246 0.0024 3.039e-25 ++ 381124 0.9985 0.3585 0.0252 0.0026 3.704e-22 ++ 316698 0.9985 0.863635439052497
rs12619604:A:G 2 166148681 A G 0.7674 0.013 0.0021 3.343e-10 ++ 630069 0.999804 0.7694 0.0076 0.0027 0.005439 ++ 350709 0.999804 0.7678 0.018 0.0031 4.186e-09 ++ 279546 0.999804 0.0104038075837786
rs12684047:T:A 9 111972671 A T 0.1914 -0.0185 0.0023 3.439e-15 -- 629679 0.960641 0.1911 -0.0156 0.0031 6e-07 -- 350496 0.960641 0.1921 -0.0218 0.0035 4.31e-10 -- 279370 0.960641 0.179261317703436
rs12714415:T:C 2 651430 T C 0.8466 0.0264 0.0023 1.403e-30 ++ 697589 0.964581 0.847 0.0221 0.0031 7.967e-13 ++ 381103 0.964581 0.8471 0.0315 0.0034 1.914e-20 ++ 316671 0.964581 0.0385263043243833
rs12774134:C:T 10 4963327 T C 0.1187 -0.0158 0.0026 2.096e-09 -- 684223 1 0.1186 -0.007 0.0035 0.04783 -- 374208 1 0.119 -0.0283 0.0039 5.049e-13 -- 310200 1 3.84200458191776e-05
rs12810744:C:T 12 65782040 T C 0.616 0.0086 0.0018 2.462e-06 ++ 628685 0.998679 0.6147 0.0029 0.0024 0.2377 +- 349856 0.998679 0.6163 0.0168 0.0027 9.146e-10 ++ 279015 0.998679 9.7385978768858e-05
rs12868881:T:A 13 112218924 A T 0.4074 0.0105 0.0018 5.288e-09 ++ 630065 0.997368 0.4061 0.0053 0.0024 0.02587 +- 350706 0.997368 0.4079 0.0162 0.0027 1.755e-09 ++ 279545 0.997368 0.0022436223334943
rs13037010:G:A 20 50986299 A G 0.1795 -0.0235 0.0023 2.839e-24 -- 630065 0.996908 0.1794 -0.0226 0.0031 2.239e-13 -- 350705 0.996908 0.1795 -0.0252 0.0035 3.012e-13 -- 279546 0.996908 0.573293698994401
rs13130484:C:T 4 45175691 T C 0.4294 0.0147 0.0017 7.834e-18 ++ 697423 0.99594 0.4282 0.0112 0.0023 1.142e-06 ++ 381019 0.99594 0.4309 0.0199 0.0025 4.335e-15 ++ 316588 0.99594 0.00948860635703547
rs1334576:G:A 6 7211818 A G 0.4254 -0.0162 0.0018 1.66e-19 -- 630072 1 0.4252 -0.0154 0.0024 1.004e-10 -- 350708 1 0.4258 -0.017 0.0027 2.431e-10 -- 279549 1 0.653736716916099
rs1406948:G:A 20 33905619 A G 0.3679 -0.0137 0.0017 4.124e-15 -- 697307 0.995099 0.3672 -0.0056 0.0023 0.01591 -- 380992 0.995099 0.3679 -0.0249 0.0026 3.841e-22 -- 316500 0.995099 1.79201947675783e-08
rs17049502:A:G 2 58669884 A G 0.8055 0.0149 0.0022 1.46e-11 ++ 629881 0.992215 0.8072 0.0075 0.0029 0.01097 ++ 350612 0.992215 0.8053 0.0238 0.0033 4.074e-13 ++ 279455 0.992215 0.000171473869542403
rs17109256:G:A 14 79939993 A G 0.2324 0.0169 0.0021 2.403e-16 ++ 693908 0.996149 0.2328 0.0109 0.0028 8.664e-05 ++ 379326 0.996149 0.2335 0.0247 0.003 4.747e-16 ++ 314767 0.996149 0.000659008024653298
rs17448885:C:G 6 97385975 C G 0.6522 0.011 0.0019 3.325e-09 ++ 629907 0.995527 0.6523 0.006 0.0025 0.01497 ++ 350615 0.995527 0.6521 0.0168 0.0028 1.889e-09 ++ 279478 0.995527 0.00356799202370843
rs17797975:T:C 18 22059368 T C 0.9005 0.0125 0.003 3.767e-05 ++ 626611 0.98396 0.9005 0.0019 0.004 0.6383 ++ 348628 0.98396 0.9003 0.0275 0.0045 1.265e-09 ++ 278169 0.98396 1.6597736803786e-05
rs1993709:A:G 1 72838529 A G 0.1811 -0.0161 0.0022 1.118e-13 -- 693631 0.994885 0.181 -0.0137 0.0029 2.589e-06 -- 379420 0.994885 0.1804 -0.021 0.0032 6.079e-11 -- 314396 0.994885 0.0868866652782666
rs2057884:T:C 7 104930250 T C 0.345 0.0146 0.0019 3.755e-15 ++ 630040 0.999021 0.3448 0.0121 0.0025 1.008e-06 ++ 350690 0.999021 0.3443 0.0176 0.0028 2.449e-10 ++ 279536 0.999021 0.137810204130849
rs2067087:G:C 7 27241660 C G 0.7178 -0.0143 0.0019 4.983e-14 -- 693928 0.971624 0.7178 -0.0109 0.0026 2.006e-05 -- 378220 0.971624 0.7181 -0.018 0.0028 1.704e-10 -- 315893 0.971624 0.0598312265211314
rs2151131:C:G 9 103108941 C G 0.2101 -0.0117 0.0021 3.957e-08 -- 695870 1 0.2112 -0.0058 0.0029 0.04414 -- 380380 1 0.2108 -0.0193 0.0032 9.386e-10 -- 315674 1 0.00154482913886917
rs2183825:T:C 9 28412375 T C 0.6861 -0.0141 0.0018 4.425e-15 -- 697647 0.997843 0.6854 -0.0132 0.0024 5.259e-08 -- 381129 0.997843 0.6874 -0.0163 0.0027 1.022e-09 -- 316702 0.997843 0.384782462526957
rs2229616:C:T 18 58039276 T C 0.0192 -0.0616 0.0062 2.67e-23 -- 667067 1 0.0191 -0.0552 0.0083 3.238e-11 -- 365820 1 0.0192 -0.072 0.0092 4.699e-15 -- 300710 1 0.169679944733455
rs2287019:C:T 19 46202172 T C 0.1732 -0.0203 0.0022 1.01e-19 -- 685199 0.984631 0.173 -0.0162 0.003 5.98e-08 -- 375106 0.984631 0.1729 -0.0264 0.0033 1.856e-15 -- 310277 0.984631 0.0205349820368119
rs2301390:T:C 13 33223444 T C 0.5708 0.0049 0.0018 0.005674 ++ 629190 0.999635 0.572 -0.0037 0.0024 0.1232 -- 350158 0.999635 0.5701 0.0164 0.0027 7.21e-10 ++ 279218 0.999635 1.74804048544581e-08
rs2352974:C:T 3 49890613 T C 0.4991 0.0154 0.0018 5.96e-18 ++ 630049 0.990814 0.5 0.0113 0.0024 1.851e-06 ++ 350701 0.990814 0.5001 0.0207 0.0027 8.072e-15 ++ 279534 0.990814 0.00840404662680117
rs2689700:A:G 10 95946520 A G 0.1694 0.0122 0.0024 2.281e-07 ++ 630047 0.995601 0.1688 0.0053 0.0032 0.09088 ++ 350699 0.995601 0.1698 0.0217 0.0035 7.288e-10 ++ 279534 0.995601 0.000460778373246463
rs2720041:C:T 12 122116393 T C 0.3753 0.0093 0.002 4.774e-06 +? 485486 0.996075 0.3751 0.0032 0.0027 0.2388 +? 263148 0.996075 0.3755 0.0178 0.003 3.937e-09 +? 222338 0.996075 0.000248576967774659
rs2734741:G:C 16 4946029 C G 0.1264 0.0157 0.0026 2.494e-09 ++ 630068 0.992192 0.1252 0.0084 0.0035 0.01624 ++ 350706 0.992192 0.1266 0.0263 0.0039 2.698e-11 ++ 279548 0.992192 0.000540893121420877
rs2765539:C:T 1 119549418 T C 0.7183 0.0258 0.0019 4.795e-42 ++ 697662 0.991824 0.7188 0.0282 0.0025 1.349e-28 ++ 381140 0.991824 0.7175 0.0226 0.0028 1.187e-15 ++ 316706 0.991824 0.130794338438877
rs301806:C:T 1 8482078 T C 0.5925 0.0087 0.0018 1.212e-06 ++ 630065 0.998683 0.5948 0.0031 0.0024 0.1903 ++ 350706 0.998683 0.5915 0.016 0.0027 2.255e-09 ++ 279545 0.998683 0.000298436589641775
rs3088050:G:A 5 176726635 A G 0.2213 0.0104 0.002 2.933e-07 ++ 697650 0.994911 0.2209 0.0042 0.0027 0.1202 ++ 381133 0.994911 0.2211 0.0186 0.003 5.297e-10 ++ 316701 0.994911 0.000302052159595003
rs3093988:G:A 6 31492453 A G 0.1856 -0.0203 0.0022 8.463e-20 -- 696281 1 0.1856 -0.0171 0.003 1.09e-08 -- 380288 1 0.1862 -0.0245 0.0033 1.226e-13 -- 316178 1 0.0928513528856896
rs34483452:C:A 5 87986314 A C 0.1399 0.0186 0.0029 7.757e-11 +? 485486 0.97748 0.1397 0.0131 0.0039 0.0007364 +? 263148 0.97748 0.1401 0.0254 0.0043 2.475e-09 +? 222338 0.97748 0.0318749613683509
rs3786897:A:G 19 33893008 A G 0.5805 -0.0237 0.0017 1.451e-43 -- 697495 0.997489 0.58 -0.023 0.0023 2.14e-23 -- 381058 0.997489 0.5814 -0.0259 0.0025 2.083e-24 -- 316621 0.997489 0.387234753113535
rs429358:T:C 19 45411941 T C 0.8459 0.0346 0.0027 4.214e-37 +? 485486 1 0.8459 0.0363 0.0037 6.617e-23 +? 263148 1 0.846 0.0315 0.0041 9.545e-15 +? 222338 1 0.378705224012325
rs455660:T:C 5 55816888 T C 0.1768 0.0238 0.0022 2.219e-28 ++ 691106 0.992325 0.1756 0.0223 0.0029 1.354e-14 ++ 378402 0.992325 0.1764 0.0287 0.0032 2.714e-19 ++ 312889 0.992325 0.133360968013404
rs4591326:G:C 2 67853957 C G 0.278 -0.0196 0.002 1.55e-23 -- 630018 1 0.2776 -0.0216 0.0026 1.506e-16 -- 350684 1 0.2783 -0.0176 0.0029 2.031e-09 -- 279520 1 0.298271239589707
rs4772092:A:G 13 99166614 A G 0.3793 -0.01 0.0018 4.178e-08 -- 630069 0.992742 0.3787 -0.006 0.0024 0.01368 -- 350710 0.992742 0.3799 -0.0164 0.0027 2.321e-09 -- 279545 0.992742 0.00354832987978457
rs4823006:A:G 22 29451671 A G 0.5462 0.0186 0.0017 8.232e-28 ++ 697446 1 0.546 0.0202 0.0023 1.256e-18 ++ 381002 1 0.546 0.0179 0.0025 1.331e-12 ++ 316629 1 0.49286991323187
rs4902153:C:T 14 63075515 T C 0.1002 0.0107 0.0029 0.0001938 ++ 630083 0.996694 0.0996 -0.0032 0.0038 0.4069 -- 350715 0.996694 0.1004 0.028 0.0043 7.649e-11 ++ 279554 0.996694 3.65995957647695e-08
rs528425253:A:C 4 186408158 A C 0.9994 -0.1596 0.0453 0.0004253 -? 485486 0.73804 0.9994 0.014 0.0623 0.8221 +? 263148 0.73804 0.9993 -0.3981 0.0664 1.982e-09 -? 222338 0.73804 4.55610656796898e-06
rs543874:A:G 1 177889480 A G 0.7802 -0.0203 0.0021 8.143e-22 -- 697646 1 0.7793 -0.0193 0.0028 9.649e-12 -- 381128 1 0.7789 -0.0222 0.0031 9.523e-13 -- 316702 1 0.481977892106223
rs56087321:G:C 17 44084403 C G 0.3908 -0.0172 0.002 1.287e-17 -? 485486 0.995191 0.3897 -0.0144 0.0027 1.131e-07 -? 263148 0.995191 0.392 -0.0207 0.003 4.741e-12 -? 222338 0.995191 0.113896110687338
rs577721086:T:C 6 127440047 T C 0.9525 -0.1299 0.0047 1.18e-170 -? 485486 0.971735 0.9524 -0.1782 0.0063 1.84e-175 -? 263148 0.971735 0.9526 -0.071 0.007 2.24e-24 -? 222338 0.971735 9.43490591271764e-31
rs6265:C:T 11 27679916 T C 0.1839 -0.0183 0.0022 3.547e-17 -- 697657 1 0.1834 -0.0107 0.0029 0.0002402 -- 381133 1 0.184 -0.0284 0.0032 6.686e-19 -- 316708 1 3.30815628645296e-05
rs6550597:G:A 3 18738940 A G 0.7193 0.0117 0.002 3.083e-09 ++ 630059 0.997203 0.7183 0.0066 0.0026 0.0123 ++ 350701 0.997203 0.72 0.0196 0.003 3.502e-11 ++ 279544 0.997203 0.000911791625273056
rs6844659:A:T 4 26307176 A T 0.3727 0.0165 0.002 4.559e-16 +? 485486 0.99487 0.3722 0.0152 0.0028 2.992e-08 +? 263148 0.99487 0.3732 0.0186 0.003 8.317e-10 +? 222338 0.99487 0.401367615586885
rs7138803:G:A 12 50247468 A G 0.3842 0.0125 0.0018 1.089e-12 ++ 697653 1 0.3848 0.0088 0.0024 0.0001898 ++ 381136 1 0.3859 0.0165 0.0026 1.929e-10 ++ 316701 1 0.0275171193326454
rs71641308:C:T 1 78086718 T C 0.0765 0.0117 0.0038 0.002066 +? 485486 0.934728 0.0769 -0.0074 0.0051 0.1497 -? 263148 0.934728 0.0762 0.0353 0.0057 6.019e-10 +? 222338 0.934728 1.56509933670563e-08
rs7166081:G:A 15 67492301 A G 0.776 0.0164 0.002 1.876e-16 ++ 697572 0.997047 0.7763 0.01 0.0027 0.0001662 ++ 381080 0.997047 0.7767 0.0232 0.003 4.204e-15 ++ 316674 0.997047 0.000924972617286147
rs7183908:T:C 15 74329193 T C 0.5074 -0.0158 0.002 8.25e-16 -? 485486 0.998939 0.5077 -0.0133 0.0027 5.85e-07 -? 263148 0.998939 0.5071 -0.0191 0.0029 8.326e-11 -? 222338 0.998939 0.13817972721553
rs72765634:C:T 5 50799239 T C 0.041 -0.0227 0.0049 4.436e-06 -? 485486 1 0.0409 -0.0042 0.0067 0.533 -? 263148 1 0.0411 -0.045 0.0074 1.08e-09 -? 222338 1 3.47959529434977e-05
rs7579959:A:G 2 188192361 A G 0.4837 -0.0214 0.0018 1.491e-33 -- 630038 0.999344 0.4831 -0.0201 0.0024 1.573e-17 -- 350687 0.999344 0.4844 -0.024 0.0026 1.476e-19 -- 279536 0.999344 0.264266473619314
rs7649058:T:C 3 131753688 T C 0.6886 -0.0128 0.0019 1.417e-11 -- 630081 0.998174 0.689 -0.0069 0.0025 0.00635 -- 350714 0.998174 0.6887 -0.0202 0.0029 1.54e-12 -- 279552 0.998174 0.000434963430289472
rs779388:C:T 2 13085166 T C 0.5559 -0.0167 0.0018 8.96e-21 -- 630044 0.997331 0.5561 -0.0158 0.0024 2.629e-11 -- 350693 0.997331 0.5558 -0.0178 0.0027 2.334e-11 -- 279535 0.997331 0.574987446659783
rs797486:C:A 13 51221618 A C 0.8938 0.0316 0.0026 1.089e-34 ++ 697602 0.987915 0.894 0.0357 0.0035 7.659e-25 ++ 381116 0.987915 0.8945 0.0249 0.0038 7.746e-11 ++ 316671 0.987915 0.0342305298989849
rs887912:T:C 2 59302877 T C 0.2957 0.0134 0.0019 5.599e-13 ++ 695440 1 0.2954 0.0089 0.0025 0.0003794 ++ 378929 1 0.2969 0.0203 0.0027 1.571e-13 ++ 316696 1 0.00170158516506349
rs889398:C:T 16 69556715 T C 0.4146 -0.0171 0.0017 1.985e-23 -- 697586 0.990464 0.4142 -0.0152 0.0023 5.15e-11 -- 381098 0.990464 0.4157 -0.02 0.0025 3.063e-15 -- 316673 0.990464 0.152392022863968
rs891387:T:C 18 21103909 T C 0.4954 0.0134 0.0018 3.96e-14 ++ 630027 0.999065 0.4941 0.0097 0.0024 3.414e-05 ++ 350687 0.999065 0.4966 0.0172 0.0026 9.196e-11 ++ 279525 0.999065 0.0318049608306683
rs900399:A:G 3 156798732 A G 0.6062 0.0267 0.0017 2.275e-53 ++ 685789 0.998702 0.6059 0.0275 0.0023 3.634e-32 ++ 374666 0.998702 0.6066 0.0263 0.0026 1.633e-24 ++ 311308 0.998702 0.726254689035208
rs9302652:C:T 16 53865975 T C 0.7344 -0.0152 0.0019 3.813e-15 -- 683235 0.981583 0.7353 -0.0109 0.0026 2.607e-05 -- 372603 0.981583 0.734 -0.0197 0.0029 5.307e-12 -- 310816 0.981583 0.0221185925446966
rs946106:C:T 1 49928489 T C 0.7664 -0.017 0.002 2.719e-17 -- 697636 0.997133 0.7667 -0.0155 0.0027 1.117e-08 -- 381128 0.997133 0.7656 -0.0196 0.003 5.499e-11 -- 316693 0.997133 0.303548604444751
rs9515201:A:C 13 111040798 A C 0.3068 -0.0121 0.0018 6.633e-11 -- 697494 0.975822 0.3073 -0.0092 0.0025 0.0002318 -- 381048 0.975822 0.3063 -0.0165 0.0028 1.91e-09 -- 316631 0.975822 0.0488766270288077
rs9843340:T:C 3 156317073 T C 0.8588 0.0134 0.0025 1.103e-07 ++ 630077 0.998685 0.8595 0.0069 0.0033 0.03838 ++ 350713 0.998685 0.8586 0.0224 0.0038 2.626e-09 ++ 279549 0.998685 0.0018144646010357
rs987237:A:G 6 50803050 A G 0.844 -0.02 0.0022 9.975e-20 -- 697658 1 0.8443 -0.0132 0.003 8.924e-06 -- 381141 1 0.8445 -0.028 0.0033 9.234e-18 -- 316701 1 0.000776355997665686
rs9931989:G:C 16 28906084 C G 0.6674 -0.0171 0.0018 4.785e-22 -- 697565 0.998082 0.6681 -0.0138 0.0024 8.887e-09 -- 381091 0.998082 0.6673 -0.0219 0.0026 8.647e-17 -- 316659 0.998082 0.0204166490282447
rs9932196:G:T 16 29983119 T G 0.4556 0.0184 0.002 7.827e-21 +? 485486 0.999142 0.4554 0.0191 0.0027 6.941e-13 +? 263148 0.999142 0.4559 0.018 0.0029 9.745e-10 +? 222338 0.999142 0.778569686397357
rs9940128:G:A 16 53800754 A G 0.4354 0.0386 0.0017 6.39e-112 ++ 697243 1 0.4343 0.0326 0.0023 4.087e-45 ++ 380916 1 0.4382 0.0465 0.0025 5.649e-76 ++ 316511 1 3.40818431017013e-05
