SNP Chr.ref.males Pos.ref.males A1.combined A2.combined frqA1.combined beta.combined se.combined pval.combined dir.combined nmeta.combined info.combined frqA1.females beta.females se.females pval.females dir.females nmeta.females info.females frqA1.males beta.males se.males pval.males dir.males nmeta.males info.males psexdiff
rs10490694:G:A 2 165548569 A G 0.1291 -0.0253 0.0026 1.024e-21 -- 661770 0.998248 0.1288 -0.0609 0.0036 1.587e-65 -- 361885 0.998248 0.1301 0.0178 0.0039 5.224e-06 ++ 300070 0.998248 5.56078757804886e-51
rs10742179:A:G 11 27650524 A G 0.2657 -0.0136 0.0019 6.31e-13 -- 697286 0.99923 0.2649 -0.0112 0.0026 1.317e-05 -- 380905 0.99923 0.2664 -0.0178 0.0028 2.594e-10 -- 316565 0.99923 0.0802050470602087
rs10750786:G:T 11 66151649 T G 0.7065 -0.0155 0.0022 6.228e-13 -? 485486 0.990883 0.706 -0.0176 0.0029 1.89e-09 -? 263148 0.990883 0.707 -0.0129 0.0032 6.067e-05 -? 222338 0.990883 0.270339298845035
rs11589142:C:A 1 172172467 A C 0.228 -0.0134 0.0018 3.069e-13 -- 697406 0.99904 0.2252 -0.0153 0.0025 7.102e-10 -- 381008 0.99904 0.2234 -0.0113 0.0027 3.326e-05 -- 316583 0.99904 0.270887863353603
rs11919522:A:G 3 53234994 A G 0.588 -0.0129 0.0018 1.376e-12 -- 629876 0.992586 0.5884 -0.0176 0.0024 4.791e-13 -- 350618 0.992586 0.5874 -0.0077 0.0027 0.004661 -- 279444 0.992586 0.00551048415216496
rs12672425:G:T 7 25939723 T G 0.185 0.0177 0.0022 5.654e-16 ++ 697611 0.976441 0.1856 0.021 0.0029 7.314e-13 ++ 381111 0.976441 0.184 0.0137 0.0032 2.339e-05 ++ 316684 0.976441 0.0868866652782666
rs12822416:C:A 12 54400228 A C 0.162 -0.0237 0.0024 1.621e-22 -- 626303 0.993954 0.1607 -0.0316 0.0032 1.36e-22 -- 348787 0.993954 0.1629 -0.0137 0.0036 0.0001583 -- 277701 0.993954 0.000167322164308944
rs1485741:C:T 8 25919020 T C 0.1231 0.0175 0.0027 8.224e-11 ++ 697556 0.987459 0.1234 0.0191 0.0036 1.506e-07 ++ 381061 0.987459 0.1235 0.0171 0.004 1.737e-05 ++ 316679 0.987459 0.706612296484623
rs17437657:G:A 7 27249617 A G 0.0868 -0.0245 0.0033 6.813e-14 -- 624471 0.99224 0.0875 -0.0284 0.0043 6.624e-11 -- 347510 0.99224 0.0866 -0.0196 0.0049 7.155e-05 -- 277146 0.99224 0.17159249926459
rs17773412:T:C 18 57960769 T C 0.672 -0.0193 0.0018 5.158e-26 -- 685760 0.998959 0.6721 -0.0216 0.0025 2.259e-18 -- 374652 0.998959 0.6711 -0.0166 0.0027 8.175e-10 -- 311292 0.998959 0.168736430353298
rs184960891:C:T 3 129266220 T C 0.0057 -0.0846 0.0143 3.469e-09 -? 485486 0.818021 0.0058 -0.108 0.0193 2.182e-08 -? 263148 0.818021 0.0057 -0.0563 0.0215 0.00884 -? 222338 0.818021 0.0699311863655038
rs186230002:G:A 7 27304398 A G 0.0182 -0.043 0.0076 1.711e-08 -? 485486 0.926508 0.0183 -0.0536 0.0103 2.026e-07 -? 263148 0.926508 0.0181 -0.025 0.0114 0.02853 -? 222338 0.926508 0.0593799977552831
rs188584129:G:A 11 68980762 A G 0.0172 -0.0481 0.0077 4.099e-10 -? 485486 0.961117 0.0171 -0.0484 0.0104 3.489e-06 -? 263148 0.961117 0.0173 -0.0446 0.0115 0.0001042 -? 222338 0.961117 0.803962653098559
rs1894633:A:G 1 172331059 A G 0.661 -0.0178 0.0018 2.544e-23 -- 697466 0.995753 0.6611 -0.0262 0.0024 1.253e-27 -- 381031 0.995753 0.6606 -0.0064 0.0027 0.01518 -- 316619 0.995753 2.83808957550922e-08
rs1902066:T:C 6 81346033 T C 0.4452 -0.0146 0.0018 2.917e-16 -- 630005 0.990948 0.4458 -0.0186 0.0024 4.948e-15 -- 350671 0.990948 0.4447 -0.0095 0.0027 0.0003825 -- 279520 0.990948 0.0107327269924966
rs1903061:T:G 3 48231919 T G 0.0875 -0.0263 0.0035 9.123e-14 -? 485486 0.962081 0.088 -0.026 0.0048 4.493e-08 -? 263148 0.962081 0.087 -0.0277 0.0053 1.693e-07 -? 222338 0.962081 0.809715169835248
rs1936807:C:G 6 127448249 C G 0.471 -0.0349 0.0017 2.18e-95 -- 697460 0.998389 0.4704 -0.0491 0.0023 1.33e-103 -- 381014 0.998389 0.4711 -0.0173 0.0025 4.443e-12 -- 316630 0.998389 2.5123586873641e-21
rs211455:G:A 6 33328518 A G 0.2922 -0.0125 0.0018 1.221e-11 -- 696209 1 0.2919 -0.0094 0.0025 0.0001409 -- 380258 1 0.2915 -0.016 0.0027 3.96e-09 -- 316136 1 0.0692656143172563
rs2143679:A:G 6 127107582 A G 0.4975 0.0198 0.0018 1.574e-28 ++ 618298 0.998453 0.4953 0.0284 0.0024 6.86e-33 ++ 344296 0.998453 0.4976 0.0088 0.0027 0.001043 ++ 274188 0.998453 3.90555143997403e-08
rs2229616:C:T 18 58039276 T C 0.0192 -0.0616 0.0062 2.67e-23 -- 667067 1 0.0191 -0.0552 0.0083 3.238e-11 -- 365820 1 0.0192 -0.072 0.0092 4.699e-15 -- 300710 1 0.169679944733455
rs2391168:C:A 7 25862790 A C 0.1947 0.026 0.0021 1.382e-34 ++ 694841 0.995769 0.1942 0.0382 0.0029 9.135e-41 ++ 379704 0.995769 0.1951 0.0105 0.0031 0.0008486 ++ 315321 0.995769 3.86313112599716e-11
rs2494192:G:A 1 219749261 A G 0.8114 -0.019 0.0021 7.819e-19 -- 697645 0.998708 0.8115 -0.036 0.0029 1.206e-35 -- 381134 0.998708 0.8113 0.0039 0.0032 0.2164 ++ 316695 0.998708 8.15170386687129e-21
rs2907794:G:A 10 32391109 A G 0.2544 -0.0124 0.002 3.238e-10 -- 697633 0.996855 0.2549 -0.0156 0.0027 4.472e-09 -- 381120 0.996855 0.2558 -0.0088 0.0029 0.002645 -- 316697 0.996855 0.0821711658854743
rs35650950:A:C 19 46147712 A C 0.7396 -0.0188 0.0026 1.85e-13 -- 553059 0.976725 0.8428 -0.0184 0.0037 6.591e-07 -? 263148 0.976725 0.8428 -0.0181 0.0041 9.19e-06 -? 222338 0.976725 0.956124299399998
rs361222:A:T 3 12922716 A T 0.3739 0.0134 0.002 4.622e-11 +? 485486 0.988163 0.374 0.0114 0.0027 3.492e-05 +? 263148 0.988163 0.3736 0.0163 0.003 7.526e-08 +? 222338 0.988163 0.218844984515712
rs36184164:T:G 6 43781092 T G 0.8896 -0.0125 0.0031 6.182e-05 -? 485486 1 0.8896 -0.0216 0.0042 2.883e-07 -? 263148 1 0.8897 -8e-04 0.0047 0.8565 -? 222338 1 0.000831230370541842
rs3786893:C:G 19 33880000 C G 0.7447 -0.0055 0.002 0.007131 -- 630008 0.998208 0.7447 -8e-04 0.0027 0.7625 -- 350673 0.998208 0.7451 -0.0117 0.003 0.0001182 -- 279521 0.998208 0.00623340125626826
rs3862386:G:C 11 65894424 C G 0.1867 0.014 0.0023 7.745e-10 ++ 630061 0.994744 0.1867 0.0136 0.003 7.888e-06 ++ 350700 0.994744 0.1867 0.0142 0.0034 3.48e-05 ++ 279546 0.994744 0.893389804888097
rs41355649:G:A 19 33790556 A G 0.0649 -0.0314 0.004 3.662e-15 -? 485486 1 0.0645 -0.0326 0.0054 1.602e-09 -? 263148 1 0.0653 -0.0292 0.0059 8.77e-07 -? 222338 1 0.666790985474379
rs455660:T:C 5 55816888 T C 0.1768 0.0238 0.0022 2.219e-28 ++ 691106 0.992325 0.1756 0.0223 0.0029 1.354e-14 ++ 378402 0.992325 0.1764 0.0287 0.0032 2.714e-19 ++ 312889 0.992325 0.133360968013404
rs4671789:C:T 2 67478949 T C 0.7493 -0.0117 0.002 8.916e-09 -- 629989 0.998695 0.7495 -0.013 0.0027 1.699e-06 -- 350666 0.998695 0.7495 -0.0081 0.003 0.007394 -- 279509 0.998695 0.218844984515712
rs494620:G:A 6 31838713 A G 0.3844 0.0177 0.0018 2.12e-22 ++ 628666 1 0.3843 0.0175 0.0024 5.064e-13 ++ 349847 1 0.3845 0.0187 0.0027 8.351e-12 ++ 279004 1 0.736544468892357
rs4960238:A:G 6 6765447 A G 0.7015 -0.017 0.002 6.391e-18 -- 629986 0.994265 0.7007 -0.0196 0.0026 7e-14 -- 350666 0.994265 0.7014 -0.0129 0.0029 1.281e-05 -- 279505 0.994265 0.0814651346403747
rs5020792:C:A 9 107736706 A C 0.1934 0.013 0.0025 1.755e-07 +? 485486 0.99499 0.1935 0.0204 0.0034 1.466e-09 +? 263148 0.99499 0.1933 0.0036 0.0037 0.3296 +? 222338 0.99499 0.000708532613601662
rs56133301:G:A 3 12476555 A G 0.0143 -0.0573 0.0085 1.398e-11 -? 485486 0.943648 0.0143 -0.0978 0.0115 1.595e-17 -? 263148 0.943648 0.0143 -0.0076 0.0127 0.55 -? 222338 0.943648 9.7029326347683e-08
rs561616902:C:T 14 55415278 T C 2e-04 -0.3929 0.0651 1.56e-09 -? 485486 0.908604 2e-04 -0.3504 0.0894 8.873e-05 -? 263148 0.908604 3e-04 -0.3236 0.0955 0.0007022 -? 222338 0.908604 0.835616561278935
rs61813324:C:T 1 156049877 T C 0.1312 0.0189 0.0029 1.217e-10 +? 485486 0.966354 0.1308 0.023 0.004 7.783e-09 +? 263148 0.966354 0.1317 0.0131 0.0044 0.002736 +? 222338 0.966354 0.0917529746189016
rs61876729:A:G 11 778857 A G 0.9091 0.0214 0.0034 5.546e-10 +? 485486 0.98052 0.9093 0.0225 0.0047 1.45e-06 +? 263148 0.98052 0.909 0.0207 0.0051 5.811e-05 +? 222338 0.98052 0.792650091617144
rs61921763:G:C 12 54322588 C G 0.1068 0.0282 0.0032 2.014e-18 +? 485486 0.965384 0.1064 0.0391 0.0044 3.405e-19 +? 263148 0.965384 0.1073 0.0167 0.0048 0.0005145 +? 222338 0.965384 0.000493580473805744
rs61986154:G:A 14 53937418 A G 0.2323 0.0136 0.0023 5.851e-09 +? 485486 0.994227 0.2332 0.0113 0.0032 0.0003369 +? 263148 0.994227 0.2312 0.0164 0.0035 2.695e-06 +? 222338 0.994227 0.276058461889973
rs62106258:T:C 2 417167 T C 0.9534 0.0434 0.0046 8.766e-21 +? 485486 1 0.9532 0.0526 0.0063 4.181e-17 +? 263148 1 0.9536 0.0326 0.007 2.747e-06 +? 222338 1 0.0314830772145433
rs637310:A:G 13 51200451 A G 0.1018 -0.018 0.0029 7.93e-10 -- 630029 0.985628 0.1011 -0.0206 0.0039 1.185e-07 -- 350685 0.985628 0.1015 -0.0151 0.0043 0.0004759 -- 279530 0.985628 0.337265438457719
rs6633:G:T 12 123745809 T G 0.198 -0.0168 0.0022 7.642e-14 -- 615886 0.998457 0.1978 -0.0234 0.003 6.239e-15 -- 341977 0.998457 0.1984 -0.0094 0.0034 0.004905 -0 274095 0.998457 0.00176573818939632
rs66793786:T:A 3 64707880 A T 0.0362 -0.0306 0.0053 7.809e-09 -? 485486 0.975702 0.0359 -0.0399 0.0072 2.997e-08 -? 263148 0.975702 0.0366 -0.0211 0.0079 0.007443 -? 222338 0.975702 0.0748435060886227
rs6704449:A:T 1 154814992 A T 0.6491 -0.0089 0.0019 2.458e-06 -- 618329 0.999159 0.6479 -0.0097 0.0025 0.0001115 -- 344314 0.999159 0.6493 -0.0081 0.0028 0.004236 -+ 274201 0.999159 0.665953882379905
rs672356:G:A 17 18266567 A G 0.2964 -0.0132 0.0021 7.579e-10 -? 485486 0.998709 0.2967 -0.0187 0.0029 1.111e-10 -? 263148 0.998709 0.296 -0.0055 0.0032 0.08554 -? 222338 0.998709 0.00196302967809208
rs6766666:G:T 3 12690855 T G 0.1889 -0.0149 0.0023 4.328e-11 -- 629893 0.999205 0.1891 -0.0224 0.003 8.5e-14 -- 350599 0.999205 0.1887 -0.0031 0.0034 0.367 -+ 279480 0.999205 1.6262615451296e-05
rs6800707:C:G 3 52516293 C G 0.1849 -0.0187 0.0023 6.113e-16 -- 629999 0.994845 0.1841 -0.0245 0.0031 1.817e-15 -- 350672 0.994845 0.1853 -0.0107 0.0034 0.001863 -- 279512 0.994845 0.00238329743817265
rs6884773:A:G 5 87715465 A G 0.7637 0.0132 0.0021 1.912e-10 ++ 630058 0.996416 0.7654 0.014 0.0028 3.579e-07 ++ 350703 0.996416 0.7627 0.013 0.0031 2.512e-05 ++ 279540 0.996416 0.808426168648375
rs6933271:T:G 6 30867830 T G 0.9885 -0.0669 0.0081 1.199e-16 -- 598997 1 0.9887 -0.0678 0.0107 2.192e-10 -- 335260 1 0.9879 -0.0629 0.0133 2.444e-06 -? 222338 1 0.771305447052444
rs71439172:G:A 2 25584162 A G 0.1438 -0.0204 0.0028 5.857e-13 -? 485486 0.963824 0.1429 -0.0294 0.0038 1.593e-14 -? 263148 0.963824 0.1447 -0.0103 0.0042 0.01514 -? 222338 0.963824 0.00063674084456001
rs7251505:G:A 19 33802542 A G 0.0936 -0.0335 0.003 1.507e-29 -- 696200 0.997892 0.0936 -0.0363 0.004 1.266e-19 -- 380226 0.997892 0.0937 -0.0297 0.0044 1.519e-11 -- 316158 0.997892 0.260950137337761
rs72628504:A:G 3 129287004 A G 0.933 -0.0325 0.0041 1.173e-15 -? 485486 0.932268 0.9328 -0.0511 0.0055 1.116e-20 -? 263148 0.932268 0.9332 -0.0109 0.0061 0.07334 -? 222338 0.932268 7.15261966652857e-07
rs72957091:T:C 6 127397559 T C 0.8163 -0.0808 0.0046 5.554e-68 -- 552954 0.979235 0.9597 -0.1172 0.0068 1.513e-66 -? 263148 0.979235 0.9597 -0.0427 0.0075 1.341e-08 -? 222338 0.979235 9.10189769473898e-14
rs7312404:A:G 12 124446728 A G 0.6558 0.0269 0.0018 1.73e-48 ++ 657265 0.999272 0.6563 0.0417 0.0025 1.233e-63 ++ 359640 0.999272 0.6546 0.0072 0.0027 0.008136 ++ 297810 0.999272 2.17482094517085e-21
rs7372321:T:C 3 64713815 T C 0.0999 -0.0217 0.003 2.431e-13 -- 626388 0.980853 0.0989 -0.0405 0.004 1.919e-24 -- 348513 0.980853 0.1007 2e-04 0.0044 0.9623 -+ 278061 0.980853 4.14206245821061e-12
rs7558575:C:T 2 100478648 T C 0.8027 -0.0152 0.0022 7.693e-12 -- 630035 0.991833 0.8025 -0.0161 0.003 5.148e-08 -- 350684 0.991833 0.8033 -0.0131 0.0033 8.544e-05 -- 279537 0.991833 0.495680435647661
rs76833264:G:C 8 25428178 C G 0.0416 -0.027 0.0049 3.94e-08 -? 485486 0.991987 0.0415 -0.0202 0.0067 0.002422 -? 263148 0.991987 0.0417 -0.0363 0.0073 7.687e-07 -? 222338 0.991987 0.0998221752871807
rs77261529:T:A 1 119680851 A T 0.0404 -0.0466 0.0044 9.911e-26 -- 551395 0.977703 0.046 -0.0524 0.0064 1.892e-16 -? 263148 0.977703 0.0455 -0.042 0.0071 3.09e-09 -? 222338 0.977703 0.270482636138704
rs885683:G:A 19 18244690 A G 0.2574 0.0234 0.0021 4.813e-30 ++ 629903 1 0.2582 0.0238 0.0027 3.182e-18 ++ 350615 1 0.2572 0.0225 0.0031 2.345e-13 ++ 279473 1 0.748768310119282
rs9395645:T:A 6 50934086 A T 0.0983 -0.0202 0.0027 1.196e-13 -- 694423 0.995426 0.0978 -0.0128 0.0037 0.0004847 -- 378772 0.995426 0.0981 -0.0297 0.004 1.495e-13 -- 315837 0.995426 0.00168131577446626
rs9625645:A:G 22 29318299 A G 0.9594 -0.0406 0.0047 1.106e-17 -- 618383 0.990827 0.9584 -0.0497 0.0062 1.566e-15 -- 344317 0.990827 0.9592 -0.0293 0.007 3.121e-05 -- 274251 0.990827 0.0271394825597124
rs9792666:A:G 9 107887738 A G 0.9605 0.0397 0.0046 3.571e-18 ++ 617626 0.969295 0.9606 0.0537 0.0061 1.715e-18 ++ 344296 0.969295 0.9604 0.0251 0.0069 0.0002583 ++ 273516 0.969295 0.00166025088922048
rs9895436:G:A 17 43457886 A G 0.4098 -0.0105 0.0018 6.94e-09 -- 629965 0.989143 0.41 -0.0117 0.0024 1.491e-06 -- 350645 0.989143 0.4098 -0.0075 0.0027 0.006069 -- 279506 0.989143 0.23899000165263
rs9911327:G:A 17 40863258 A G 0.5266 -0.0087 0.002 1.012e-05 -? 485486 0.996454 0.5264 -0.0153 0.0027 9.142e-09 -? 263148 0.996454 0.5268 -2e-04 0.0029 0.9516 -? 222338 0.996454 0.000113441741139914
rs9919066:C:T 9 107726821 T C 0.0796 0.0179 0.0033 3.607e-08 ++ 617653 0.989842 0.0785 0.0247 0.0043 9.97e-09 ++ 344303 0.989842 0.0799 0.0103 0.0049 0.03373 ++ 273535 0.989842 0.0252810875967244
