SNP Chr.ref.males Pos.ref.males A1.combined A2.combined frqA1.combined beta.combined se.combined pval.combined dir.combined nmeta.combined info.combined frqA1.females beta.females se.females pval.females dir.females nmeta.females info.females frqA1.males beta.males se.males pval.males dir.males nmeta.males info.males psexdiff
rs10049088:C:T 3 156797648 T C 0.3815 -0.029 0.0018 1.45e-59 -- 681080 0.995574 0.3817 -0.0312 0.0024 4.149e-39 -- 372120 0.995574 0.3812 -0.0252 0.0026 1.386e-21 -- 309094 0.995574 0.0899426598737966
rs10054063:A:T 5 173392398 A T 0.6208 -0.0268 0.002 1.968e-39 -- 547776 0.98038 0.6957 -0.0318 0.0029 7.126e-28 -? 262759 0.98038 0.6969 -0.0205 0.0032 2.343e-10 -? 221804 0.98038 0.00888076998626689
rs10055995:C:T 5 137698299 T C 0.5788 -0.0109 0.0018 1.938e-09 -- 627307 1 0.5774 -0.0094 0.0024 9.408e-05 -- 349099 1 0.5791 -0.0125 0.0027 4.336e-06 -- 278344 1 0.390817025578598
rs10100423:A:T 8 72407115 A T 0.9285 -0.0418 0.0034 5.909e-34 -- 615531 0.995547 0.9294 -0.054 0.0046 2.489e-32 -- 342689 0.995547 0.9282 -0.0247 0.0052 1.791e-06 -- 272978 0.995547 2.43969249090137e-05
rs10100533:A:G 8 135706219 A G 0.6217 0.0143 0.0018 8.43e-15 ++ 627307 0.996823 0.6223 0.0156 0.0024 1.554e-10 ++ 349098 0.996823 0.6215 0.0115 0.0028 2.945e-05 ++ 278344 0.996823 0.266237657440567
rs10249651:T:C 7 117064625 T C 0.6269 -0.0147 0.0018 1.224e-16 -- 694556 0.996415 0.6271 -0.0168 0.0024 2.348e-12 -- 379450 0.996415 0.6265 -0.0117 0.0027 1.116e-05 -- 313684 0.996415 0.158016764495596
rs1029472:G:A 5 130867733 A G 0.9407 -0.0251 0.0042 1.744e-09 -? 484563 0.997384 0.9406 -0.0351 0.0056 3.955e-10 -? 262759 0.997384 0.9408 -0.0115 0.0062 0.06583 -? 221804 0.997384 0.00473134140000631
rs1029645:G:A 17 70295760 A G 0.545 -0.0129 0.0018 7.195e-13 -- 627175 0.995081 0.5438 -0.0131 0.0024 4.7e-08 -- 349020 0.995081 0.5458 -0.0137 0.0027 3.579e-07 -- 278290 0.995081 0.868085368452534
rs1035942:A:G 19 7199803 A G 0.2746 0.0141 0.002 2.136e-12 ++ 626240 0.997307 0.2738 0.0225 0.0027 2.246e-17 ++ 348452 0.997307 0.2751 0.0029 0.003 0.3349 ++ 277923 0.997307 1.19666838218458e-06
rs1045241:C:T 5 118729286 T C 0.2817 -0.0185 0.0019 3.511e-22 -- 694273 0.990114 0.2822 -0.0332 0.0026 4.11e-38 -- 379319 0.990114 0.2811 8e-04 0.0029 0.7897 ++ 315088 0.990114 2.55948405131211e-18
rs10462028:G:A 4 56298300 A G 0.3237 0.0189 0.0019 2.949e-23 ++ 627124 0.99994 0.3232 0.0277 0.0025 5.007e-28 ++ 348988 0.99994 0.3244 0.0071 0.0029 0.01236 +- 278271 0.99994 7.43938391126493e-08
rs10463416:G:A 5 148572915 A G 0.3589 0.0137 0.0018 9.284e-14 ++ 627148 0.998324 0.3566 0.0148 0.0024 1.729e-09 ++ 349010 0.998324 0.3593 0.0119 0.0028 1.632e-05 ++ 278273 0.998324 0.431649049604504
rs10502148:C:T 11 111647998 T C 0.3572 -0.023 0.0018 5.865e-36 -- 627223 0.993649 0.3537 -0.0273 0.0024 5.124e-29 -- 349046 0.993649 0.3594 -0.0171 0.0028 5.463e-10 -- 278312 0.993649 0.0056772321381593
rs10507524:T:C 13 44684600 T C 0.9046 -0.0182 0.0031 2.679e-09 -- 627283 0.993459 0.9048 -0.0257 0.0041 2.38e-10 -- 349087 0.993459 0.9044 -0.0084 0.0046 0.06856 -- 278331 0.993459 0.00499216278661602
rs1051684:A:G 17 62006497 A G 0.3555 0.0132 0.0019 4.386e-12 ++ 592045 0.998495 0.3557 0.0151 0.0025 2.276e-09 ++ 331520 0.998495 0.3548 0.0113 0.0031 0.0002568 +? 221804 0.998495 0.339990650937289
rs1057119:C:G 14 23746269 C G 0.7725 0.0134 0.0022 9.169e-10 ++ 620993 1 0.7734 0.0183 0.0029 2.971e-10 ++ 346015 1 0.7722 0.0093 0.0033 0.004377 ++ 275113 1 0.040498157988891
rs10745659:C:G 12 94092690 C G 0.5607 -0.0127 0.0018 1.819e-12 -- 627031 0.992346 0.5612 -0.0168 0.0024 1.561e-12 -- 348920 0.992346 0.5606 -0.0067 0.0027 0.01362 -- 278246 0.992346 0.00517610986969935
rs10778504:C:T 12 107120424 T C 0.3497 0.0158 0.0021 2.525e-14 +? 484563 0.999088 0.3496 0.0218 0.0028 4.897e-15 +? 262759 0.999088 0.3499 0.0076 0.0031 0.01432 +? 221804 0.999088 0.000675563757276903
rs10799424:T:A 1 227755475 A T 0.2013 -0.0134 0.0023 3.086e-09 -- 627296 0.997166 0.2021 -0.0157 0.003 1.498e-07 -- 349096 0.997166 0.2012 -0.0096 0.0034 0.004557 -- 278335 0.997166 0.178529235874213
rs10808546:C:T 8 126495818 T C 0.422 -0.0159 0.0017 1.981e-20 -- 694436 0.990671 0.4221 -0.0249 0.0023 3.367e-27 -- 379405 0.990671 0.4212 -0.0042 0.0026 0.1036 -- 315165 0.990671 2.47398464061633e-09
rs10817896:C:T 9 119232655 T C 0.2768 0.0126 0.002 3.299e-10 ++ 626971 0.991428 0.2776 0.0118 0.0027 9.963e-06 ++ 348934 0.991428 0.2761 0.0116 0.003 0.0001232 ++ 278173 0.991428 0.960478646508616
rs10820747:G:A 9 107686823 A G 0.2404 0.0271 0.0023 1.096e-31 +? 484563 0.995642 0.2408 0.0381 0.0031 2.723e-34 +? 262759 0.995642 0.24 0.0117 0.0035 0.0007395 +? 221804 0.995642 1.63753161664156e-08
rs10827226:T:C 10 33559319 T C 0.1417 0.0198 0.0029 4.798e-12 +? 484563 0.977712 0.142 0.0216 0.0038 1.833e-08 +? 262759 0.977712 0.1414 0.0148 0.0043 0.0005505 +? 221804 0.977712 0.236023167919732
rs10842707:C:T 12 26471364 T C 0.204 0.0343 0.0021 1.523e-62 ++ 694586 0.993975 0.2039 0.048 0.0028 4.483e-68 ++ 379463 0.993975 0.2031 0.0153 0.003 5.147e-07 ++ 315257 0.993975 1.60608718405754e-15
rs10843804:T:C 12 30814864 T C 0.7624 0.0153 0.0021 1.343e-13 ++ 627192 0.998546 0.7635 0.0175 0.0027 1.473e-10 ++ 349036 0.998546 0.7625 0.0121 0.0031 8.906e-05 ++ 278291 0.998546 0.188993815495721
rs10878367:T:A 12 66436097 A T 0.295 0.019 0.002 5.843e-21 ++ 611538 0.984942 0.2959 0.0233 0.0027 5.33e-18 ++ 339422 0.984942 0.295 0.013 0.003 1.666e-05 ++ 272251 0.984942 0.010711372207596
rs10880823:T:C 12 45986738 T C 0.7662 -0.0132 0.0021 5.653e-10 -- 626603 0.992743 0.7647 -0.0229 0.0028 5.993e-16 -- 348730 0.992743 0.7673 3e-04 0.0032 0.9329 +- 278008 0.992743 4.86483944050145e-08
rs10887759:G:A 10 89603424 A G 0.1595 0.0173 0.0024 1.058e-12 ++ 694465 0.988031 0.1593 0.0221 0.0033 1.051e-11 ++ 379406 0.988031 0.1599 0.0116 0.0036 0.001286 ++ 315193 0.988031 0.0315526117760526
rs10913257:G:T 1 176778610 T G 0.4507 -0.0107 0.0018 2.376e-09 -- 627006 0.992108 0.4498 -0.0098 0.0024 3.673e-05 -- 348932 0.992108 0.4504 -0.0119 0.0027 9.608e-06 -- 278208 0.992108 0.561025909461484
rs10919388:A:C 1 170372503 A C 0.2729 -0.0333 0.0019 9.712e-66 -- 665612 0.991758 0.2731 -0.0437 0.0026 2.125e-63 -- 365205 0.991758 0.2729 -0.0194 0.0029 2.723e-11 -- 300542 0.991758 4.40437753352345e-10
rs10923724:C:T 1 119546842 T C 0.5569 0.0347 0.0017 1.25e-89 ++ 694500 0.992599 0.5571 0.0347 0.0023 5.108e-51 ++ 379431 0.992599 0.5561 0.0362 0.0026 1.411e-45 ++ 315203 0.992599 0.665658994972948
rs10963067:C:A 9 17367946 A C 0.0941 -0.0209 0.0032 5.859e-11 -- 627315 0.996294 0.095 -0.0258 0.0042 1.108e-09 -- 349101 0.996294 0.0939 -0.0123 0.0048 0.009982 -- 278348 0.996294 0.034291945370722
rs10980797:A:G 9 113912553 A G 0.5194 -0.0182 0.002 4.515e-20 -? 484563 0.993975 0.5197 -0.0239 0.0027 2.741e-19 -? 262759 0.993975 0.519 -0.011 0.003 0.0001945 -? 221804 0.993975 0.00139267527620637
rs11042077:G:A 11 8825966 A G 0.6564 0.0124 0.0019 4.986e-11 ++ 627010 0.990878 0.6585 0.0105 0.0025 2.557e-05 ++ 348933 0.990878 0.6552 0.014 0.0028 7.253e-07 ++ 278212 0.990878 0.351118439803773
rs1105881:C:G 15 42072530 C G 0.6349 -0.0156 0.0019 1.101e-16 -- 627207 0.994047 0.6336 -0.0197 0.0025 2.144e-15 -- 349046 0.994047 0.6346 -0.0099 0.0028 0.0004099 -- 278296 0.994047 0.00903355073425194
rs11074934:C:T 16 10979440 T C 0.2719 0.0119 0.002 3.792e-09 ++ 626749 0.988985 0.2714 0.0156 0.0027 4.68e-09 ++ 348795 0.988985 0.2711 0.0076 0.003 0.01176 +- 278089 0.988985 0.0474660663590754
rs11078594:G:C 17 1612777 C G 0.187 -0.0149 0.0025 3.658e-09 -? 484563 1 0.1872 -0.0131 0.0034 0.0001149 -? 262759 1 0.1866 -0.0171 0.0038 6.017e-06 -? 221804 1 0.432767580667785
rs11082430:C:G 18 42752377 C G 0.7379 0.0125 0.0021 1.549e-09 ++ 627287 0.995374 0.7363 0.0168 0.0028 1.159e-09 ++ 349082 0.995374 0.738 0.0052 0.0031 0.09369 +- 278339 0.995374 0.00548800250873648
rs11085744:C:T 19 10819967 T C 0.5645 0.0109 0.0018 1.946e-09 ++ 626346 0.98824 0.5649 0.0123 0.0024 4.028e-07 ++ 348589 0.98824 0.5644 0.0102 0.0027 0.0001764 ++ 277892 0.98824 0.561025909461484
rs11088991:T:C 21 46783285 T C 0.4172 0.0125 0.002 5.264e-10 +? 484563 0.988268 0.4173 0.0188 0.0027 3.752e-12 +? 262759 0.988268 0.417 0.0032 0.003 0.2852 +? 221804 0.988268 0.000111030246139578
rs1111875:C:T 10 94462882 T C 0.4179 -0.0112 0.0017 8.717e-11 -- 694419 1 0.4178 -0.0124 0.0023 9.34e-08 -- 379382 1 0.4186 -0.0112 0.0026 1.269e-05 -- 315171 1 0.729575158295941
rs11129657:T:C 3 35636709 T C 0.7925 -0.0147 0.0022 2.307e-11 -- 627182 0.989043 0.7928 -0.0185 0.0029 2.158e-10 -- 349025 0.989043 0.7923 -0.0103 0.0033 0.001691 -- 278292 0.989043 0.0619671167015741
rs11134029:T:C 5 4025324 T C 0.5456 0.0143 0.002 5.724e-13 +? 484563 0.994925 0.5452 0.0197 0.0027 1.397e-13 +? 262759 0.994925 0.546 0.0065 0.003 0.02744 +? 221804 0.994925 0.00107359727267309
rs11187537:G:C 10 95346805 C G 0.2633 0.0163 0.0021 2.431e-15 ++ 610077 0.9976 0.2621 0.0255 0.0027 9.549e-21 ++ 340573 0.9976 0.2688 0.0042 0.0033 0.2046 +? 221804 0.9976 5.86705801972418e-07
rs11204762:A:G 1 150999737 A G 0.7695 0.014 0.0021 3.391e-11 ++ 625850 1 0.7718 0.0175 0.0028 4e-10 ++ 348275 1 0.769 0.0085 0.0032 0.007599 ++ 277710 1 0.034291945370722
rs11205773:T:C 1 51284905 T C 0.9074 0.0187 0.0031 2.308e-09 ++ 627317 0.999116 0.9066 0.0195 0.0041 2.464e-06 ++ 349097 0.999116 0.9078 0.0186 0.0047 7.407e-05 ++ 278354 0.999116 0.885263216855915
rs11235:T:C 3 52745087 T C 0.5396 -0.0222 0.0018 1.231e-36 -- 674682 0.998797 0.5402 -0.0244 0.0023 1.964e-25 -- 371150 0.998797 0.5381 -0.0213 0.0026 2.844e-16 -- 303666 0.998797 0.371838770869487
rs112907088:A:G 5 142083969 A G 0.9755 -0.0409 0.0065 2.25e-10 -? 484563 0.976021 0.9755 -0.0534 0.0087 7.648e-10 -? 262759 0.976021 0.9754 -0.0242 0.0096 0.01207 -? 221804 0.976021 0.0242065305156651
rs1139653:A:T 16 4484396 A T 0.2851 0.0181 0.002 7.492e-20 ++ 626749 1 0.2851 0.0202 0.0026 1.878e-14 ++ 348793 1 0.285 0.0164 0.003 3.51e-08 ++ 278091 1 0.338463202670839
rs1144:T:C 7 104756355 T C 0.6642 -0.015 0.0018 5.57e-17 -- 688248 0.996493 0.6638 -0.0128 0.0024 1.081e-07 -- 376866 0.996493 0.6655 -0.0161 0.0027 1.696e-09 -- 311516 0.996493 0.360979487243499
rs114760566:C:A 6 34192036 A C 0.0432 0.0932 0.0049 9.027e-82 +? 484563 0.99322 0.0433 0.1213 0.0065 4.363e-77 +? 262759 0.99322 0.0429 0.0547 0.0073 5.662e-14 +? 221804 0.99322 9.5134466530887e-12
rs11574514:C:T 16 67971380 T C 0.041 -0.0285 0.0043 5.043e-11 -- 680758 1 0.0408 -0.0353 0.0059 1.968e-09 -- 371983 1 0.0411 -0.0184 0.0065 0.004282 -- 308908 1 0.0542063659793355
rs11592754:A:C 10 32619572 A C 0.8592 -0.0215 0.0025 3.223e-18 -- 694498 0.996712 0.8592 -0.0199 0.0033 1.567e-09 -- 379429 0.996712 0.8594 -0.0253 0.0036 3.688e-12 -- 315204 0.996712 0.268842877015982
rs11670056:C:T 19 18589943 T C 0.0733 -0.0237 0.0038 4.301e-10 -? 484563 1 0.0729 -0.0288 0.0051 1.917e-08 -? 262759 1 0.0737 -0.019 0.0056 0.0007798 -? 221804 1 0.19571752563527
rs11722554:G:A 4 5016883 A G 0.0377 -0.0334 0.0049 1.319e-11 -- 565482 1 0.0377 -0.0397 0.0066 1.424e-09 -- 317445 1 0.0375 -0.0247 0.0078 0.001501 -? 221804 1 0.14209049269722
rs11724804:G:A 4 965779 A G 0.4436 -0.017 0.0018 7.607e-21 -- 624890 0.995671 0.4426 -0.0201 0.0024 5.768e-17 -- 347813 0.995671 0.4446 -0.014 0.0027 2.83e-07 -- 277211 0.995671 0.0912977553494166
rs11746028:C:T 5 180645425 T C 0.1813 -0.0141 0.0024 2.002e-09 -- 626925 1 0.1813 -0.0143 0.0031 4.34e-06 -- 348881 1 0.1816 -0.0141 0.0035 5.975e-05 -+ 278179 1 0.965879723078273
rs11747001:A:G 5 132412299 A G 0.7639 0.0172 0.002 7.734e-18 ++ 694337 0.998801 0.764 0.0158 0.0027 4.496e-09 ++ 379333 0.998801 0.7636 0.0186 0.003 3.041e-10 ++ 315138 0.998801 0.487844521467117
rs11757455:G:A 6 112522852 A G 0.0603 -0.0221 0.0037 2.204e-09 -- 620513 1 0.0596 -0.0293 0.005 3.388e-09 -- 345281 1 0.0615 -0.0107 0.0055 0.05429 -- 275249 1 0.0123374403928922
rs11770285:C:G 7 107616011 C G 0.9006 0.0309 0.0031 7.057e-24 ++ 627284 0.997863 0.9001 0.0361 0.0041 8.463e-19 ++ 349085 0.997863 0.9005 0.024 0.0046 1.625e-07 ++ 278333 0.997863 0.0495701753586378
rs11786566:T:G 8 23884506 T G 0.546 -0.0109 0.0018 2.77e-09 -- 620250 0.983579 0.5446 -0.0117 0.0024 1.514e-06 -- 345091 0.983579 0.5464 -0.0108 0.0028 9.209e-05 -- 275294 0.983579 0.807194601383908
rs11897119:T:C 2 66772000 T C 0.5952 -0.0142 0.0017 5.69e-16 -- 692050 1 0.5948 -0.0198 0.0023 2.94e-17 -- 378207 1 0.594 -0.0075 0.0026 0.003667 -- 313978 1 0.000395108117037265
rs1190982:T:C 14 58815839 T C 0.3027 0.0159 0.0019 2.458e-16 ++ 626709 0.997466 0.3026 0.0203 0.0026 4.197e-15 ++ 348758 0.997466 0.3026 0.009 0.0029 0.002131 ++ 278086 0.997466 0.00371673262200296
rs12138803:C:T 1 172348823 T C 0.2018 0.0254 0.0019 9.888e-39 ++ 693735 0.998836 0.2 0.0345 0.0026 6.966e-40 ++ 379001 0.998836 0.1994 0.0128 0.0029 9.88e-06 ++ 314868 0.998836 2.52651945754655e-08
rs1223581:C:T 10 95745593 T C 0.5035 0.0111 0.0018 6.961e-10 ++ 626657 0.989486 0.5045 0.0104 0.0024 1.291e-05 ++ 348727 0.989486 0.5027 0.0102 0.0027 0.0001566 ++ 278066 0.989486 0.955848751920801
rs12325187:C:G 16 3364997 C G 0.7323 0.0127 0.0021 8.3e-10 ++ 626249 0.990636 0.7303 0.0156 0.0027 1.05e-08 ++ 348521 0.990636 0.7332 0.0099 0.0031 0.001289 ++ 277864 0.990636 0.165582951331221
rs12419064:A:G 11 10320608 A G 0.461 -0.0141 0.0019 4.529e-14 -- 551840 0.997454 0.5155 -0.0141 0.0027 1.227e-07 -? 262759 0.997454 0.5172 -0.0175 0.0029 2.979e-09 -? 221804 0.997454 0.390846859745248
rs12435790:A:G 14 35154381 A G 0.9209 0.0214 0.0035 1.161e-09 ++ 605319 0.963582 0.9205 0.0191 0.0047 3.885e-05 ++ 337263 0.963582 0.9241 0.0232 0.0057 4.497e-05 +? 221804 0.963582 0.578917292279696
rs12441543:G:A 15 31689543 A G 0.2896 -0.0189 0.002 8.684e-22 -- 625657 0.994264 0.2896 -0.0204 0.0026 6.379e-15 -- 348197 0.994264 0.2894 -0.0188 0.003 2.207e-10 -- 277595 0.994264 0.6869230818707
rs12442323:C:T 15 67654919 T C 0.2084 -0.0149 0.0022 1.714e-11 -- 551869 0.997427 0.2326 -0.0081 0.0031 0.01034 -? 262759 0.997427 0.2321 -0.021 0.0035 1.678e-09 -? 221804 0.997427 0.00579639617717592
rs12454712:T:C 18 60845884 T C 0.6243 0.017 0.0018 1.326e-20 ++ 654356 1 0.6247 0.0312 0.0025 1.957e-36 ++ 358941 1 0.624 -9e-04 0.0027 0.7322 +- 295380 1 2.69495963330119e-18
rs12459350:A:G 19 2176586 A G 0.5422 0.0141 0.0017 2.388e-16 ++ 694419 0.999463 0.542 0.0131 0.0023 1.145e-08 ++ 379377 0.999463 0.5427 0.0152 0.0025 2.271e-09 ++ 315175 0.999463 0.536455341092793
rs12494105:G:C 3 168949093 C G 0.4039 -0.0123 0.0018 2.421e-11 -- 627054 0.994396 0.4052 -0.0133 0.0024 4.518e-08 -- 348967 0.994396 0.4039 -0.0111 0.0027 5.229e-05 -+ 278221 0.994396 0.542524315880055
rs1250259:T:A 2 216300482 A T 0.7409 -0.0164 0.002 1.035e-15 -- 614270 0.993558 0.7421 -0.0218 0.0027 1.042e-15 -- 341922 0.993558 0.7399 -0.0112 0.0031 0.0002648 -- 272482 0.993558 0.0099238182918826
rs12527712:C:T 6 80916967 T C 0.0881 0.0339 0.0033 6.845e-25 ++ 627314 0.999789 0.0897 0.0357 0.0043 1.864e-16 ++ 349099 0.999789 0.0872 0.0307 0.005 6.441e-10 ++ 278350 0.999789 0.448340122210242
rs12543555:A:G 8 69562014 A G 0.8088 -0.0138 0.0022 1.788e-10 -- 694376 0.983153 0.8097 -0.0173 0.0029 2.264e-09 -- 379344 0.983153 0.8094 -0.0105 0.0032 0.001015 -- 315166 0.983153 0.115349432991402
rs12608426:G:A 18 46681664 A G 0.0789 0.0249 0.0034 1.83e-13 ++ 627306 0.998386 0.0801 0.0252 0.0045 1.746e-08 ++ 349093 0.998386 0.0787 0.0236 0.005 2.904e-06 ++ 278348 0.998386 0.81199423598665
rs12608504:A:G 19 18389135 A G 0.3596 0.0258 0.0018 3.09e-47 ++ 694553 0.9985 0.3596 0.0258 0.0024 3.378e-27 ++ 379448 0.9985 0.3589 0.0253 0.0026 1.105e-21 ++ 315239 0.9985 0.887626349719578
rs12684047:T:A 9 111972671 A T 0.1914 -0.0154 0.0024 6.852e-11 -- 626144 0.960641 0.1911 -0.0131 0.0031 2.929e-05 -- 348459 0.960641 0.1921 -0.0184 0.0035 1.683e-07 -- 277820 0.960641 0.256972282502755
rs12686771:C:T 9 95472584 T C 0.1623 0.0219 0.0024 6.84e-20 ++ 627315 0.998638 0.1613 0.024 0.0032 4.902e-14 ++ 349096 0.998638 0.1629 0.0179 0.0036 5.993e-07 ++ 278354 0.998638 0.205354321171896
rs12692387:T:C 2 9698190 T C 0.3315 -0.0134 0.0021 1.967e-10 -? 484563 0.974111 0.3323 -0.0136 0.0028 1.605e-06 -? 262759 0.974111 0.3306 -0.0112 0.0032 0.0003738 -? 221804 0.974111 0.572459811557582
rs12694042:C:T 2 207029825 T C 0.5019 0.0122 0.002 6.151e-10 +? 484563 0.987203 0.5017 0.0099 0.0027 0.0002063 +? 262759 0.987203 0.5022 0.0149 0.003 4.492e-07 +? 221804 0.987203 0.215410840491056
rs12774134:C:T 10 4963327 T C 0.1186 -0.0188 0.0027 1.988e-12 -- 681187 1 0.1186 -0.0079 0.0036 0.02637 -- 372552 1 0.1189 -0.0355 0.004 3.2e-19 -- 308769 1 2.91703961896807e-07
rs12823266:A:G 12 131441717 A G 0.7241 0.0131 0.0021 2.369e-10 ++ 606371 0.995955 0.7232 0.0118 0.0028 1.889e-05 ++ 337947 0.995955 0.7281 0.0123 0.0033 0.0002204 +? 221804 0.995955 0.908023705891151
rs12828318:A:G 12 133766122 A G 0.8262 0.0173 0.0023 3.838e-14 ++ 684927 0.994361 0.8268 0.015 0.0031 1.068e-06 ++ 374372 0.994361 0.8257 0.0194 0.0034 1.061e-08 ++ 310689 0.994361 0.338922812258637
rs1294432:C:T 6 6745027 T C 0.5377 0.0251 0.0017 5.237e-47 ++ 665396 0.991903 0.5375 0.0299 0.0023 2.685e-37 ++ 365087 0.991903 0.5382 0.0192 0.0026 1.48e-13 ++ 300443 0.991903 0.002053325484661
rs13010546:C:T 2 171370986 T C 0.283 0.0136 0.002 8.794e-12 ++ 626339 0.997442 0.2848 0.0138 0.0026 1.913e-07 ++ 348552 0.997442 0.2811 0.015 0.003 5.805e-07 ++ 277922 0.997442 0.762441952004647
rs13107325:C:T 4 103188709 T C 0.0808 -0.0306 0.0034 3.69e-19 -- 693873 1 0.0807 -0.0345 0.0046 5.74e-14 -- 379010 1 0.082 -0.0297 0.005 4.037e-09 -- 314997 1 0.479881124864322
rs13137905:T:G 4 15375668 T G 0.7324 0.0128 0.002 3.251e-10 ++ 627257 0.998256 0.7315 0.0138 0.0027 2.557e-07 ++ 349071 0.998256 0.7324 0.0112 0.003 0.000234 +- 278321 0.998256 0.51945336279861
rs13198178:G:C 6 41702227 C G 0.0641 0.0308 0.0037 1.163e-16 ++ 614209 0.993145 0.0642 0.0292 0.005 3.973e-09 ++ 342284 0.993145 0.0641 0.0301 0.0056 6.357e-08 ++ 272060 0.993145 0.904575959333856
rs13223034:C:T 7 42701627 T C 0.3174 -0.0133 0.0019 3.667e-12 -- 627108 0.998989 0.3175 -0.015 0.0025 2.958e-09 -- 348981 0.998989 0.317 -0.012 0.0029 2.791e-05 -- 278262 0.998989 0.43331738402831
rs13234914:A:G 7 84577411 A G 0.6587 -0.0128 0.0019 1.282e-11 -- 627209 0.998933 0.6579 -0.0164 0.0025 6.377e-11 -- 349043 0.998933 0.658 -0.0081 0.0028 0.004273 -- 278301 0.998933 0.0270239040465341
rs13256367:A:C 8 128334900 A C 0.6535 0.0182 0.0019 6.148e-22 ++ 627055 0.997213 0.6529 0.0262 0.0025 9.716e-26 ++ 348960 0.997213 0.6531 0.0082 0.0028 0.003944 ++ 278230 0.997213 1.62420587006386e-06
rs1328757:C:T 20 56135199 T C 0.4745 0.0141 0.0018 3.408e-15 ++ 626402 0.991493 0.4757 0.0128 0.0024 8.308e-08 ++ 348578 0.991493 0.4746 0.0147 0.0027 4.419e-08 ++ 277958 0.991493 0.598919677859931
rs1334576:G:A 6 7211818 A G 0.4254 -0.0171 0.0018 3.464e-21 -- 627236 1 0.4252 -0.0152 0.0024 2.3e-10 -- 349053 1 0.4257 -0.0189 0.0027 2.466e-12 -- 278318 1 0.305727792487183
rs13379794:G:A 15 98367100 A G 0.3945 0.0109 0.0018 4.338e-09 ++ 624626 0.995554 0.3962 0.0103 0.0024 2.432e-05 ++ 346633 0.995554 0.3944 0.0108 0.0028 8.745e-05 ++ 278129 0.995554 0.892152102682031
rs1345203:T:C 2 112253851 T C 0.7829 0.0264 0.0024 2.233e-28 +? 484563 0.99293 0.7827 0.0325 0.0032 5.492e-24 +? 262759 0.99293 0.7833 0.0194 0.0036 5.766e-08 +? 221804 0.99293 0.00653333701262033
rs1364422:C:T 7 130445981 T C 0.2684 0.0157 0.0019 1.071e-16 ++ 694615 0.993429 0.2693 0.0312 0.0025 1.9e-34 ++ 379485 0.993429 0.2674 -0.0037 0.0028 0.1857 -- 315265 0.993429 1.43678352668051e-20
rs1385167:A:G 2 66200648 A G 0.8621 -0.0265 0.0025 7.947e-27 -- 691182 0.998332 0.8621 -0.0282 0.0033 2.587e-17 -- 377427 0.998332 0.862 -0.0234 0.0037 1.389e-10 -- 313889 0.998332 0.332960947898636
rs139271800:A:G 15 90214777 A G 0.9991 0.2393 0.035 8.596e-12 +? 484563 0.845768 0.9991 0.31 0.0483 1.426e-10 +? 262759 0.845768 0.999 0.1475 0.0509 0.003746 +? 221804 0.845768 0.0205672910135935
rs140201358:C:G 11 823586 C G 0.9868 -0.0848 0.0086 9.583e-23 -? 484563 1 0.9867 -0.0977 0.0116 3.493e-17 -? 262759 1 0.9869 -0.0692 0.013 9.118e-08 -? 221804 1 0.101887457733517
rs1406948:G:A 20 33905619 A G 0.3682 -0.0159 0.0018 2.076e-19 -- 694248 0.995099 0.3675 -0.0061 0.0024 0.009766 -- 379328 0.995099 0.3683 -0.0303 0.0026 3.995e-31 -- 315054 0.995099 7.95675404648519e-12
rs144033177:A:C 20 571467 A C 0.9848 -0.0526 0.0083 2.209e-10 -? 484563 0.950289 0.9847 -0.0898 0.0111 7.319e-16 -? 262759 0.950289 0.9848 -0.0045 0.0124 0.7183 -? 221804 0.950289 2.96815579143963e-07
rs1440372:T:C 15 67033151 T C 0.2666 -0.0155 0.0019 9.53e-16 -- 692010 0.993347 0.2665 -0.0149 0.0026 6.529e-09 -- 377960 0.993347 0.2666 -0.0161 0.0029 1.673e-08 -- 314184 0.993347 0.758007991619566
rs144926207:T:C 9 140079779 T C 0.9578 0.0319 0.0053 1.599e-09 +? 484563 0.861318 0.9579 0.0308 0.0071 1.537e-05 +? 262759 0.861318 0.9576 0.0316 0.0079 6.136e-05 +? 221804 0.861318 0.939961954104994
rs145878042:A:G 12 48143315 A G 0.9896 0.0812 0.0097 8.07e-17 +? 484563 1 0.9897 0.1048 0.0132 1.74e-15 +? 262759 1 0.9895 0.0454 0.0145 0.001705 +? 221804 1 0.00245111884123428
rs146182298:C:T 14 52531408 T C 0.0381 0.0314 0.0052 1.445e-09 +? 484563 0.988814 0.0383 0.0362 0.007 2.197e-07 +? 262759 0.988814 0.0378 0.0256 0.0078 0.0009838 +? 221804 0.988814 0.311822064329893
rs1481801:A:C 8 71989719 A C 0.3962 0.0116 0.0018 2.547e-10 ++ 627017 0.994951 0.3961 0.0136 0.0024 2.048e-08 ++ 348945 0.994951 0.3967 0.0099 0.0027 0.0003008 ++ 278206 0.994951 0.305727792487183
rs1485745:T:G 8 25891545 T G 0.5131 0.0118 0.0018 4.844e-11 ++ 626997 0.991067 0.5159 0.012 0.0024 5.479e-07 ++ 348922 0.991067 0.5114 0.0117 0.0027 1.43e-05 ++ 278210 0.991067 0.933815376788168
rs1494204:C:T 10 27904321 T C 0.419 -0.0147 0.0018 8.062e-16 -- 626936 0.991012 0.4196 -0.0133 0.0024 3.522e-08 -- 348897 0.991012 0.4181 -0.0181 0.0027 3.22e-11 -- 278174 0.991012 0.183937830114001
rs149921263:G:A 4 123923955 A G 0.0367 0.0401 0.0053 4.27e-14 +? 484563 0.977793 0.0363 0.0397 0.0072 3.178e-08 +? 262759 0.977793 0.0371 0.0384 0.0079 1.153e-06 +? 221804 0.977793 0.903197700205639
rs150841499:C:T 9 112762434 T C 0.1085 -0.0201 0.0032 4.108e-10 -? 484563 0.974827 0.1088 -0.0248 0.0043 8.841e-09 -? 262759 0.974827 0.1081 -0.0145 0.0048 0.002611 -? 221804 0.974827 0.109977897718982
rs1511022:C:T 4 120126233 T C 0.1232 0.0169 0.0027 6.397e-10 ++ 627153 0.996552 0.1236 0.0236 0.0036 7.777e-11 ++ 349015 0.996552 0.123 0.0076 0.0041 0.06332 ++ 278273 0.996552 0.00336299438828554
rs1522811:C:A 2 226992454 A C 0.226 -0.0129 0.0021 1.638e-09 -- 627151 0.98928 0.226 -0.0229 0.0028 5.307e-16 -- 349011 0.98928 0.2261 7e-04 0.0032 0.8201 -+ 278274 0.98928 2.85256274899423e-08
rs1541681:G:T 5 53304620 T G 0.2621 -0.0123 0.002 1.279e-09 -- 627262 0.995662 0.2621 -0.0128 0.0027 2.057e-06 -- 349069 0.995662 0.2618 -0.0106 0.0031 0.0005465 -- 278328 0.995662 0.592542901086803
rs1561:C:T 17 8263334 T C 0.0705 0.0216 0.0035 9.253e-10 ++ 687694 0.928054 0.0704 0.0291 0.0047 6.45e-10 ++ 376555 0.928054 0.0708 0.0114 0.0052 0.02702 ++ 311273 0.928054 0.0115624609953017
rs1569135:A:G 2 188115398 A G 0.5373 0.0205 0.0017 2.986e-33 ++ 694469 0.996958 0.5381 0.0213 0.0023 1.376e-20 ++ 379401 0.996958 0.5362 0.0193 0.0025 3.462e-14 ++ 315202 0.996958 0.556032473866842
rs1635853:T:G 7 28189549 T G 0.4142 0.0159 0.0017 6.36e-20 ++ 687171 0.999855 0.4142 0.0159 0.0023 7.518e-12 ++ 375440 0.999855 0.414 0.0163 0.0026 2.357e-10 ++ 311866 0.999855 0.908262629958519
rs16907277:A:G 9 93972658 A G 0.8906 -0.0228 0.0029 9.082e-15 -- 627291 0.995757 0.89 -0.0273 0.0039 2.823e-12 -- 349088 0.995757 0.8908 -0.0156 0.0044 0.0004335 -- 278337 0.995757 0.0465994686569058
rs16976826:C:T 15 56517524 T C 0.2107 0.0199 0.0021 1.253e-21 ++ 694427 0.999536 0.211 0.0258 0.0028 2.54e-20 ++ 379381 0.999536 0.2099 0.0129 0.0031 2.847e-05 ++ 315180 0.999536 0.00201437592290115
rs16978854:G:A 19 13139660 A G 0.0374 -0.0334 0.0048 2.736e-12 -- 623343 0.993574 0.0373 -0.0415 0.0064 7.513e-11 -- 347226 0.993574 0.0377 -0.0228 0.0071 0.001425 -- 275960 0.993574 0.0504275230568327
rs17067999:C:T 13 78163787 T C 0.1356 -0.0164 0.0026 1.446e-10 -- 627309 0.998523 0.1342 -0.0151 0.0034 7.771e-06 -- 349097 0.998523 0.1359 -0.0193 0.0038 3.968e-07 -- 278346 0.998523 0.410116991679081
rs17101456:A:G 10 122875040 A G 0.8791 -0.0251 0.0028 1.342e-19 -- 612070 0.998029 0.8799 -0.0368 0.0037 2.993e-23 -- 340604 0.998029 0.8773 -0.0101 0.0045 0.02372 -? 221804 0.998029 4.58225128721829e-06
rs17154889:C:A 5 102305065 A C 0.3108 -0.0158 0.0019 3.899e-16 -- 627201 0.993996 0.3115 -0.0175 0.0026 9.223e-12 -- 349031 0.993996 0.3107 -0.0156 0.0029 7.615e-08 -- 278305 0.993996 0.62567638201365
rs17289035:G:A 3 57125424 A G 0.2029 0.0137 0.0022 9.165e-10 ++ 627310 0.995656 0.2034 0.0128 0.003 1.625e-05 ++ 349097 0.995656 0.2029 0.0161 0.0034 1.545e-06 ++ 278348 0.995656 0.466745942332331
rs17311057:C:T 3 78841789 T C 0.285 0.0145 0.002 1.72e-12 ++ 615028 0.997905 0.2861 0.0157 0.0027 8.009e-09 ++ 342578 0.997905 0.2844 0.0131 0.0031 1.963e-05 ++ 272585 0.997905 0.527089256865539
rs17326656:G:T 2 48962291 T G 0.2346 0.0153 0.0021 5.773e-13 ++ 627216 0.989881 0.2348 0.0249 0.0028 9.436e-19 ++ 349046 0.989881 0.2344 -2e-04 0.0032 0.9624 +- 278305 0.989881 3.56899522490882e-09
rs17369710:T:C 8 75995382 T C 0.7207 -0.0116 0.002 4.594e-09 -- 627239 0.997341 0.721 -0.0122 0.0026 3.621e-06 -- 349062 0.997341 0.7209 -0.011 0.003 0.0002064 -- 278312 0.997341 0.762441952004647
rs17417407:G:T 10 95931087 T G 0.1705 0.0138 0.0023 1.314e-09 ++ 684754 1 0.1702 0.0095 0.0031 0.001993 ++ 373967 1 0.1706 0.0191 0.0034 1.354e-08 ++ 310921 1 0.0369366527948321
rs174829:A:G 3 37535577 A G 0.3523 -0.014 0.0019 6.284e-13 -- 591813 0.988313 0.3515 -0.0153 0.0026 3.004e-09 -- 331396 0.988313 0.3543 -0.0107 0.0031 0.0005645 -? 221804 0.988313 0.255567806152517
rs17509001:T:C 2 24021231 T C 0.8424 -0.0161 0.0025 5.144e-11 -- 694609 0.9995 0.8421 -0.0187 0.0033 1.236e-08 -- 379479 0.9995 0.8413 -0.0136 0.0036 0.0001734 -- 315263 0.9995 0.29634582724572
rs17511102:A:T 2 37960613 A T 0.9184 -0.02 0.0033 7.958e-10 -- 611740 1 0.9195 -0.0228 0.0043 1.016e-07 -- 340421 1 0.9142 -0.0116 0.0053 0.02733 -? 221804 1 0.10078980747407
rs1757471:C:T 10 34168090 T C 0.508 0.0146 0.0018 5.468e-16 ++ 626934 1 0.5078 0.017 0.0024 1.183e-12 ++ 348890 1 0.5088 0.0106 0.0027 8.325e-05 ++ 278179 1 0.0764548496716666
rs17703354:T:C 5 157986357 T C 0.9152 -0.0202 0.0033 1.247e-09 -- 626997 0.988307 0.9146 -0.016 0.0044 0.0002798 -- 348915 0.988307 0.9151 -0.0237 0.005 1.741e-06 -- 278216 0.988307 0.247640740261572
rs17703883:T:C 15 51530097 T C 0.7627 -0.0149 0.0021 7.274e-13 -- 627178 0.995352 0.7648 -0.0103 0.0027 0.0001835 -- 349025 0.995352 0.7617 -0.0218 0.0031 1.932e-12 -- 278288 0.995352 0.00515157962418091
rs17764730:C:T 5 127357526 T C 0.2359 -0.0162 0.0021 9.679e-15 -- 627292 0.99116 0.2346 -0.0176 0.0028 2.516e-10 -- 349086 0.99116 0.237 -0.0168 0.0031 8.674e-08 -- 278341 0.99116 0.848125765104152
rs1800978:C:G 9 107665978 C G 0.8788 0.0262 0.0026 2.621e-23 ++ 688307 0.989117 0.8793 0.0324 0.0035 5.107e-20 ++ 377386 0.989117 0.8785 0.0183 0.0039 2.363e-06 ++ 311055 0.989117 0.00712975583316787
rs1805740:G:T 12 9075014 T G 0.7185 -0.0179 0.002 1.163e-19 -- 627211 0.998009 0.7181 -0.0143 0.0026 4.301e-08 -- 349044 0.998009 0.7191 -0.0227 0.003 1.876e-14 -- 278302 0.998009 0.0343508098237108
rs180958337:C:T 12 28168810 T C 0.006 0.0878 0.0132 3.327e-11 +? 484563 0.924641 0.006 0.1 0.0179 2.223e-08 +? 262759 0.924641 0.0061 0.079 0.0197 5.85e-05 +? 221804 0.924641 0.430141350602396
rs1893781:C:A 18 42443643 A C 0.1158 0.0175 0.0028 3.273e-10 ++ 625010 0.996859 0.116 0.0196 0.0037 1.19e-07 ++ 346837 0.996859 0.1154 0.013 0.0042 0.001883 ++ 278308 0.996859 0.238344199428392
rs1979527:C:A 3 127400781 A C 0.1989 0.0134 0.0022 2.364e-09 ++ 625840 0.989766 0.1977 0.0141 0.003 1.892e-06 ++ 348322 0.989766 0.1995 0.0103 0.0034 0.002251 ++ 277653 0.989766 0.402000334847232
rs1997833:T:C 20 39690342 T C 0.7071 -0.0138 0.0019 1.63e-13 -- 694226 0.998656 0.7071 -0.0164 0.0025 7.945e-11 -- 379283 0.998656 0.7075 -0.0106 0.0028 0.0001428 -- 315076 0.998656 0.122308392850661
rs2012485:C:T 8 25374910 T C 0.0454 -0.0293 0.0044 2.67e-11 -- 674509 0.998089 0.0455 -0.028 0.0059 1.902e-06 -- 368819 0.998089 0.0455 -0.0331 0.0066 4.365e-07 -- 305276 0.998089 0.564549942720887
rs2027982:T:C 22 31593435 T C 0.4255 -0.0121 0.0018 2.196e-11 -- 627258 0.998906 0.4264 -0.014 0.0024 4.748e-09 -- 349066 0.998906 0.4243 -0.0081 0.0027 0.002749 -- 278327 0.998906 0.102421101409568
rs2028386:C:G 15 74226708 C G 0.4838 -0.0126 0.0018 2.753e-12 -- 626803 0.996239 0.4806 -0.0146 0.0024 8.889e-10 -- 348821 0.996239 0.4852 -0.0104 0.0027 0.0001092 -- 278118 0.996239 0.244976926734342
rs2047937:C:T 16 49864791 T C 0.517 -0.0147 0.0017 7.308e-18 -- 694322 0.999687 0.5171 -0.013 0.0023 1.546e-08 -- 379326 0.999687 0.517 -0.0166 0.0025 5.851e-11 -- 315130 0.999687 0.289262600887709
rs2061708:G:C 1 103417203 C G 0.5883 0.0162 0.002 6.988e-16 +? 484563 0.994471 0.5888 0.0146 0.0027 6.117e-08 +? 262759 0.994471 0.5878 0.0164 0.003 4.392e-08 +? 221804 0.994471 0.65561423002474
rs2075665:A:T 9 101749943 A T 0.6245 0.0112 0.0018 1.205e-09 ++ 626947 0.996632 0.6239 0.0164 0.0025 2.13e-11 ++ 348888 0.996632 0.6256 0.004 0.0028 0.1447 ++ 278194 0.996632 0.000955070125163362
rs2124307:T:C 14 98344662 T C 0.3721 -0.0127 0.0018 4.955e-12 -- 625104 0.996892 0.3702 -0.02 0.0024 2.722e-16 -- 346894 0.996892 0.3723 -0.0018 0.0028 0.5074 +- 278344 0.996892 8.00818314735993e-07
rs2145272:G:A 20 6626218 A G 0.6367 -0.0247 0.0018 3.95e-43 -- 694482 1 0.6368 -0.0202 0.0024 3.84e-17 -- 379416 1 0.6367 -0.0325 0.0027 1.565e-34 -- 315200 1 0.000661968490387523
rs2158828:A:G 7 14227425 A G 0.8271 -0.0135 0.0023 3.423e-09 -- 665297 0.991572 0.827 -0.0142 0.0031 3.293e-06 -- 365029 0.991572 0.8275 -0.0107 0.0034 0.001679 -- 300403 0.991572 0.446842345105583
rs2167750:C:T 4 89730074 T C 0.4729 0.0274 0.0018 5.529e-53 ++ 627208 0.997953 0.4734 0.0415 0.0024 5.579e-68 ++ 349039 0.997953 0.4727 0.0102 0.0027 0.0001394 ++ 278305 0.997953 4.53850356367755e-18
rs2200155:G:A 12 33734935 A G 0.3718 -0.0138 0.0019 1.264e-13 -- 627133 0.997285 0.373 -0.0141 0.0025 1.068e-08 -- 349012 0.997285 0.3717 -0.0135 0.0028 1.201e-06 -- 278256 0.997285 0.873004132334931
rs2222543:G:C 7 120902185 C G 0.3761 -0.0147 0.0018 1.622e-15 -- 624476 0.999547 0.3751 -0.0143 0.0024 5.225e-09 -- 346555 0.999547 0.3763 -0.0166 0.0028 1.91e-09 -- 278056 0.999547 0.532841001085334
rs2236519:G:A 20 45529571 A G 0.3693 0.0298 0.0019 4.071e-58 ++ 626533 0.993531 0.3679 0.0347 0.0025 6.995e-45 ++ 348658 0.993531 0.3705 0.0238 0.0028 1.254e-17 ++ 278010 0.993531 0.00368629726526134
rs2272790:G:A 22 35680095 A G 0.6941 -0.0133 0.0019 7.993e-12 -- 627192 0.998068 0.6938 -0.0153 0.0026 2.82e-09 -- 349028 0.998068 0.6946 -0.0094 0.0029 0.001287 -- 278300 0.998068 0.129819592673157
rs2277339:T:G 12 57146069 T G 0.8931 -0.0224 0.0029 2.347e-14 -- 614842 1 0.8932 -0.0232 0.0039 2.985e-09 -- 342316 1 0.8929 -0.0222 0.0044 5.161e-07 -- 272662 1 0.864948126564947
rs227733:C:A 17 54769174 A C 0.2835 0.0128 0.002 7.521e-11 ++ 626990 0.99438 0.2821 0.0134 0.0026 2.807e-07 ++ 348930 0.99438 0.2843 0.0117 0.0029 6.677e-05 ++ 278195 0.99438 0.662494497860022
rs2279469:G:C 1 164740405 C G 0.4996 0.013 0.0018 7.922e-13 ++ 616758 0.983999 0.5001 0.0155 0.0024 1.074e-10 ++ 342314 0.983999 0.4991 0.0098 0.0027 0.0002984 ++ 274579 0.983999 0.114596830038992
rs2294239:A:G 22 29449477 A G 0.5685 0.0243 0.0017 4.04e-44 ++ 694017 0.989833 0.568 0.0256 0.0023 4.212e-28 ++ 379173 0.989833 0.5687 0.0238 0.0026 2.839e-20 ++ 314977 0.989833 0.604084292301122
rs2294823:C:T 6 22596987 T C 0.3092 0.0116 0.0019 2.721e-09 ++ 626461 0.987775 0.3087 0.0121 0.0026 2.333e-06 ++ 348607 0.987775 0.3094 0.0113 0.0029 0.0001062 ++ 277989 0.987775 0.837260818381155
rs2299253:T:C 7 93110055 T C 0.5162 0.0115 0.0017 1.669e-11 ++ 693485 0.999569 0.5165 0.0117 0.0023 3.461e-07 ++ 378788 0.999569 0.5171 0.0124 0.0025 9.037e-07 ++ 314831 0.999569 0.836743509855032
rs2373078:C:T 2 218392555 T C 0.0999 0.0215 0.0029 1.114e-13 ++ 627188 0.986517 0.0988 0.033 0.0038 8.824e-18 ++ 349037 0.986517 0.1005 0.0052 0.0044 0.2301 +- 278285 0.986517 1.73779717828528e-06
rs2376585:T:C 17 76417883 T C 0.1963 -0.0175 0.0023 5.501e-14 -- 626927 0.992505 0.1984 -0.0173 0.0031 1.731e-08 -- 348882 0.992505 0.1954 -0.0177 0.0035 3.526e-07 -- 278180 0.992505 0.931821813742722
rs2387280:A:T 16 4339684 A T 0.7585 0.0178 0.0023 1.723e-14 +? 484563 0.98506 0.7587 0.0172 0.0031 3.996e-08 +? 262759 0.98506 0.7583 0.0208 0.0035 1.855e-09 +? 221804 0.98506 0.441313883843958
rs2398893:A:G 9 96758342 A G 0.7142 0.0153 0.0019 6.75e-16 ++ 694566 0.999774 0.7139 0.0138 0.0026 7.286e-08 ++ 379461 0.999774 0.7141 0.0178 0.0028 2.791e-10 ++ 315239 0.999774 0.29516975952311
rs2503100:A:G 6 100613915 A G 0.8345 -0.0245 0.0024 4.856e-25 -- 627198 0.998911 0.835 -0.0364 0.0031 4.051e-31 -- 349040 0.998911 0.8347 -0.0075 0.0036 0.03453 -+ 278293 0.998911 1.17807570772485e-09
rs2524163:C:T 6 31259579 T C 0.5544 0.024 0.0017 4.388e-43 ++ 687908 1 0.5536 0.0246 0.0023 4.453e-26 ++ 375551 1 0.5528 0.0238 0.0026 2.596e-20 ++ 312492 1 0.81773396879505
rs2526886:G:T 14 71359064 T G 0.69 0.0138 0.0021 1.006e-10 +? 484563 0.995027 0.6893 0.0151 0.0029 1.442e-07 +? 262759 0.995027 0.6907 0.0127 0.0032 7.654e-05 +? 221804 0.995027 0.578388461675964
rs2529411:G:C 7 50738482 C G 0.6354 -0.0114 0.0019 2.832e-09 -- 591750 0.995441 0.6339 -0.0119 0.0025 2.6e-06 -- 331357 0.995441 0.6433 -0.0108 0.0031 0.000438 -? 221804 0.995441 0.782385948677398
rs2595004:C:T 3 11406721 T C 0.8252 -0.0156 0.0024 3.389e-11 -- 627230 0.991141 0.826 -0.0154 0.0031 8.22e-07 -- 349053 0.991141 0.8246 -0.0155 0.0035 1.042e-05 -- 278312 0.991141 0.982935959551987
rs2602680:T:G 2 225066513 T G 0.5455 0.0116 0.0018 1.011e-10 ++ 627099 0.997167 0.546 0.0107 0.0024 6.64e-06 ++ 348987 0.997167 0.5453 0.0125 0.0027 3.359e-06 ++ 278247 0.997167 0.618291720846424
rs2603229:T:C 15 100263499 T C 0.2495 0.0123 0.0021 2.989e-09 ++ 627113 0.991767 0.2495 0.0132 0.0027 1.409e-06 +- 348989 0.991767 0.2492 0.0108 0.0031 0.0004792 ++ 278259 0.991767 0.559351442254577
rs2701523:A:G 15 37384284 A G 0.741 0.0129 0.002 3.206e-10 ++ 626427 0.98337 0.7427 0.0133 0.0027 1.099e-06 ++ 348609 0.98337 0.7398 0.0111 0.0031 0.0003139 ++ 277953 0.98337 0.592542901086804
rs270960:A:C 2 161714729 A C 0.663 0.0111 0.0018 9.043e-10 ++ 687116 0.998562 0.6629 0.0124 0.0024 2.493e-07 ++ 377025 0.998562 0.6643 0.009 0.0027 0.0008393 ++ 310225 0.998562 0.346611545572684
rs2786198:A:G 10 119313196 A G 0.3329 0.0134 0.0021 1.842e-10 +? 484563 0.989116 0.3329 0.0163 0.0028 9.15e-09 +? 262759 0.989116 0.333 0.0093 0.0031 0.003102 +? 221804 0.989116 0.0937939038923896
rs2791550:T:G 1 219655369 T G 0.2478 -0.037 0.0018 3.35e-93 -- 694588 0.999956 0.247 -0.0576 0.0024 1.04e-124 -- 379470 0.999956 0.2457 -0.0082 0.0027 0.002347 -- 315252 0.999956 1.43557455585322e-42
rs2836141:T:C 21 39455061 T C 0.5376 0.0154 0.0018 1.546e-17 ++ 627051 0.997176 0.5355 0.0197 0.0024 1.836e-16 ++ 348958 0.997176 0.5385 0.0095 0.0027 0.0004445 ++ 278229 0.997176 0.00474955631214562
rs28408682:A:G 10 104403310 A G 0.3562 -0.0122 0.0019 1.822e-10 -- 547577 0.998983 0.3956 -0.0199 0.0027 2.597e-13 -? 262759 0.998983 0.3975 -0.0026 0.003 0.39 -? 221804 0.998983 1.8164943681033e-05
rs28451064:G:A 21 35593827 A G 0.1268 0.018 0.003 2.874e-09 +? 484563 0.955171 0.1261 0.0119 0.0041 0.00366 +? 262759 0.955171 0.1277 0.0285 0.0045 2.849e-10 +? 221804 0.955171 0.00639492391846073
rs2898237:A:G 21 36763769 A G 0.6879 0.0118 0.0018 7.473e-11 ++ 694572 0.99577 0.6884 0.0131 0.0024 7.228e-08 ++ 379457 0.99577 0.689 0.0108 0.0027 6.297e-05 ++ 315248 0.99577 0.524331992608284
rs2925979:T:C 16 81534790 T C 0.2959 0.0265 0.0019 7.332e-46 ++ 692391 1 0.296 0.045 0.0025 2.286e-72 ++ 378190 1 0.2957 3e-04 0.0028 0.9165 +- 314335 1 1.07059762346773e-32
rs2970332:G:A 11 14360435 A G 0.7608 0.0156 0.0021 1.006e-13 ++ 627144 0.994859 0.7603 0.0176 0.0028 2.264e-10 ++ 349001 0.994859 0.761 0.0122 0.0031 0.0001018 ++ 278278 0.994859 0.19611659334176
rs299615:G:A 5 34042097 A G 0.1518 -0.0148 0.0025 1.708e-09 -- 627105 1 0.1502 -0.0191 0.0033 4.804e-09 -- 348976 1 0.1524 -0.0099 0.0037 0.006906 -- 278264 1 0.0635029609134115
rs2997447:G:A 1 26387423 A G 0.2139 -0.0137 0.0021 1.379e-10 -- 693774 0.976298 0.2143 -0.0164 0.0029 9.161e-09 -- 379031 0.976298 0.2139 -0.0093 0.0032 0.003296 -- 314877 0.976298 0.100162818244481
rs3110697:A:G 7 45955029 A G 0.4348 0.0123 0.0018 1.08e-11 ++ 626435 1 0.4364 0.0127 0.0024 1.525e-07 ++ 348662 1 0.434 0.0134 0.0027 8.976e-07 ++ 277908 1 0.846353796483813
rs3218121:G:A 1 23858317 A G 0.0844 0.0217 0.0032 9.414e-12 ++ 693833 0.996839 0.0844 0.0244 0.0043 1.225e-08 ++ 379056 0.996839 0.0848 0.0189 0.0047 6.56e-05 ++ 314911 0.996839 0.387923453877196
rs322396:A:G 5 172160736 A G 0.5888 0.0119 0.002 2.881e-09 +? 484563 1 0.5888 0.0131 0.0027 1.203e-06 +? 262759 1 0.5887 0.0109 0.003 0.0002516 +? 221804 1 0.585696864749115
rs332105:G:A 2 119444229 A G 0.5547 -0.0137 0.0018 4.925e-14 -- 624989 0.982559 0.5542 -0.0191 0.0024 2.413e-15 -- 346833 0.982559 0.5538 -0.0047 0.0027 0.0847 -- 278290 0.982559 6.71447230421593e-05
rs34000:T:C 5 141973501 T C 0.6 0.014 0.0019 3.681e-14 ++ 604297 0.985019 0.6016 0.019 0.0025 1.145e-14 ++ 337124 0.985019 0.5905 0.0069 0.003 0.02245 +? 221804 0.985019 0.00194507896945015
rs34312154:G:A 11 47470345 A G 0.0945 0.0188 0.003 3.182e-10 ++ 551850 1 0.1071 0.0207 0.0043 1.444e-06 +? 262759 1 0.1073 0.0199 0.0048 2.898e-05 +? 221804 1 0.901205043172056
rs34905952:G:A 3 138104635 A G 0.1433 0.0209 0.0026 1.226e-15 ++ 535689 0.995385 0.1558 0.032 0.0037 2.843e-18 +? 262759 0.995385 0.1561 0.0091 0.0041 0.02499 +? 221804 0.995385 3.37541406196161e-05
rs352300:C:G 1 176250052 C G 0.5453 0.0106 0.0018 2.919e-09 ++ 627306 0.999405 0.549 0.0126 0.0024 9.313e-08 ++ 349094 0.999405 0.5442 0.0077 0.0027 0.00378 ++ 278347 0.999405 0.17496891093177
rs35344256:C:A 17 79934194 A C 0.3042 0.0142 0.0021 3.815e-11 +? 484563 1 0.3022 0.0126 0.0029 1.364e-05 +? 262759 1 0.3066 0.0175 0.0032 4.078e-08 +? 221804 1 0.25652774999263
rs35419826:G:A 2 239719323 A G 0.175 -0.0157 0.0026 1.721e-09 -? 484563 0.986292 0.175 -0.0198 0.0035 1.685e-08 -? 262759 0.986292 0.1751 -0.0119 0.0039 0.002268 -? 221804 0.986292 0.13166520398243
rs35710478:G:C 18 45377882 C G 0.4406 0.0118 0.002 3.761e-09 +? 484563 0.98514 0.4399 0.0151 0.0027 2.093e-08 +? 262759 0.98514 0.4414 0.0078 0.003 0.00909 +? 221804 0.98514 0.0705003552989403
rs357438:G:C 7 138023288 C G 0.3522 -0.0114 0.0019 3.79e-09 -+ 612429 0.993367 0.3524 -0.0122 0.0026 2.265e-06 -+ 341036 0.993367 0.3442 -0.0108 0.0031 0.0005259 -? 221804 0.993367 0.729326190832291
rs3731861:T:C 2 219191256 T C 0.6307 -0.0112 0.0019 1.398e-09 -- 627073 0.995181 0.6319 -0.0123 0.0025 5.142e-07 -- 348965 0.995181 0.6298 -0.011 0.0028 7.897e-05 -- 278244 0.995181 0.729096077852506
rs3741378:C:T 11 65408937 T C 0.144 -0.0224 0.0025 1.134e-19 -- 691070 1 0.1445 -0.0293 0.0033 8.758e-19 -- 376403 1 0.1438 -0.0146 0.0037 7.478e-05 -- 314801 1 0.00302671525405361
rs3757298:A:C 6 132785016 A C 0.8941 -0.0205 0.003 6.064e-12 -- 615027 0.998001 0.8935 -0.02 0.0039 3.965e-07 -- 342418 0.998001 0.8946 -0.0211 0.0045 2.532e-06 -- 272744 0.998001 0.853445522404862
rs3761706:G:A 2 111899881 A G 0.0734 0.0321 0.0037 1.699e-18 ++ 626748 0.997217 0.0753 0.0411 0.0048 1.587e-17 ++ 348807 0.997217 0.0726 0.0185 0.0055 0.0007594 ++ 278075 0.997217 0.00196222868078479
rs3786897:A:G 19 33893008 A G 0.5803 -0.0279 0.0017 2.997e-58 -- 693294 0.997489 0.5799 -0.026 0.0023 5.89e-29 -- 378774 0.997489 0.5812 -0.0318 0.0026 2.734e-35 -- 314654 0.997489 0.094753584563637
rs3792751:C:T 5 32773314 T C 0.3642 0.0136 0.0018 1.41e-14 ++ 694315 0.987811 0.3639 0.0178 0.0024 5.207e-14 ++ 379334 0.987811 0.364 0.0078 0.0026 0.002849 ++ 315115 0.987811 0.00471086828837143
rs3803042:G:A 12 54387947 A G 0.4295 0.0268 0.0018 4.841e-49 ++ 625688 0.996149 0.4304 0.0303 0.0024 5.363e-36 ++ 348241 0.996149 0.4289 0.0224 0.0027 3.08e-16 ++ 277583 0.996149 0.0287524315585451
rs3807947:T:G 7 20424889 T G 0.6058 0.0137 0.0018 7.537e-14 ++ 627221 1 0.6049 0.014 0.0024 7.639e-09 ++ 349053 1 0.6061 0.0138 0.0027 4.67e-07 ++ 278303 1 0.955848751920801
rs3851294:A:G 1 205130413 A G 0.0965 -0.0257 0.0031 9.031e-17 -- 627266 1 0.0972 -0.0375 0.0041 4.416e-20 -- 349074 1 0.0962 -0.0105 0.0047 0.0237 -+ 278327 1 1.49778594974227e-05
rs3936510:G:T 5 55860866 T G 0.1969 0.0299 0.0022 4.623e-43 ++ 692459 1 0.1964 0.0491 0.0029 4.283e-64 ++ 378404 1 0.197 0.0038 0.0032 0.2327 ++ 314190 1 9.64393197502552e-26
rs402294:G:A 7 101723260 A G 0.175 0.014 0.0024 2.905e-09 ++ 627026 0.998377 0.1751 0.012 0.0031 0.0001147 ++ 348963 0.998377 0.1753 0.0184 0.0035 1.935e-07 ++ 278198 0.998377 0.171047118879974
rs41277978:C:A 10 71883836 A C 0.0072 0.073 0.0117 4.705e-10 +? 484563 1 0.0072 0.1028 0.0158 6.768e-11 +? 262759 1 0.0071 0.0238 0.0175 0.174 +? 221804 1 0.000806140564740035
rs4293945:A:T 5 38736142 A T 0.5926 0.0117 0.0018 1.692e-10 ++ 624922 0.994431 0.5911 0.0148 0.0024 1.287e-09 ++ 346799 0.994431 0.5924 0.0072 0.0027 0.008861 ++ 278259 0.994431 0.035394254215754
rs4371408:A:G 20 51024233 A G 0.634 0.0164 0.0019 7.465e-19 ++ 627315 0.998615 0.6348 0.0164 0.0025 1.941e-11 ++ 349102 0.998615 0.634 0.0165 0.0028 2.829e-09 ++ 278349 0.998615 0.978746366079296
rs4372913:A:G 2 114517748 A G 0.7875 -0.0159 0.0022 2.648e-13 -- 626669 0.996809 0.7875 -0.019 0.0029 3.88e-11 -- 348723 0.996809 0.7873 -0.0107 0.0033 0.001057 -- 278081 0.996809 0.0588525076891658
rs4420638:A:G 19 45422946 A G 0.813 0.0229 0.0024 6.809e-22 ++ 604317 1 0.8129 0.0251 0.0032 3.221e-15 ++ 337111 1 0.8128 0.0203 0.0038 8.21e-08 +? 221804 1 0.333942302497766
rs4474021:G:T 8 12632903 T G 0.3076 0.0118 0.0019 2.437e-10 ++ 679364 1 0.3075 0.016 0.0025 1.53e-10 ++ 373137 1 0.307 0.0056 0.0028 0.04399 ++ 306360 1 0.00559487175720857
rs4489410:A:C 9 131591649 A C 0.7463 -0.012 0.002 4.581e-09 -- 627259 0.999344 0.7474 -0.0153 0.0027 1.33e-08 -- 349072 0.999344 0.7463 -0.0062 0.0031 0.04243 -- 278322 0.999344 0.0268566955075244
rs4558863:T:C 4 26079129 T C 0.8104 -0.021 0.0024 4.69e-19 -- 627314 0.998678 0.8082 -0.0304 0.0031 2.395e-22 -- 349100 0.998678 0.8106 -0.0095 0.0035 0.006875 -- 278349 0.998678 7.81681034420865e-06
rs4646342:G:A 17 17493272 A G 0.4536 -0.0172 0.0018 3.536e-21 -- 626923 0.974599 0.4549 -0.0155 0.0024 1.617e-10 -- 348893 0.974599 0.4529 -0.0198 0.0027 4.122e-13 -- 278164 0.974599 0.233921214699479
rs4684857:G:C 3 12493863 C G 0.7103 0.0211 0.002 2.99e-25 ++ 623147 0.994012 0.7097 0.0281 0.0027 3.433e-25 ++ 345840 0.994012 0.7108 0.0112 0.003 0.0002136 ++ 277443 0.994012 2.82387481114969e-05
rs4686696:G:A 3 185516520 A G 0.3139 0.0152 0.0018 5.665e-17 ++ 693522 0.999926 0.3138 0.0188 0.0024 1.171e-14 ++ 378818 0.999926 0.3137 0.0115 0.0027 2.311e-05 ++ 314838 0.999926 0.0433032334868992
rs4773173:A:G 13 111025118 A G 0.6743 0.0153 0.0018 4.232e-17 ++ 686141 0.994639 0.6748 0.0112 0.0024 3.981e-06 ++ 374633 0.994639 0.6758 0.0208 0.0027 1.044e-14 ++ 311641 0.994639 0.00787330178306082
rs4789261:G:C 17 74249394 C G 0.0791 0.0286 0.0033 1.121e-17 ++ 611773 0.996692 0.0784 0.04 0.0045 3.72e-19 ++ 339479 0.996692 0.0797 0.0127 0.005 0.01084 +- 272430 0.996692 4.94130367018705e-05
rs4794033:G:A 17 47358481 A G 0.1012 -0.0194 0.003 8.688e-11 -- 626793 0.983585 0.1001 -0.0221 0.004 2.815e-08 -- 348792 0.983585 0.1021 -0.0155 0.0045 0.0005143 -0 278136 0.983585 0.272991113467419
rs4902630:A:G 14 69142390 A G 0.6285 0.0124 0.0018 3.007e-12 ++ 694404 1 0.629 0.012 0.0024 4.964e-07 ++ 379359 1 0.6279 0.0132 0.0026 5.843e-07 ++ 315179 1 0.734504227767102
rs4951588:C:T 1 212500433 T C 0.4039 -0.0118 0.0018 1.016e-10 -- 627297 0.995589 0.404 -0.0154 0.0024 2.194e-10 -- 349093 0.995589 0.4038 -0.0072 0.0027 0.008006 -- 278340 0.995589 0.0232130574433322
rs4964058:G:A 12 27522766 A G 0.5145 0.0113 0.0018 2.838e-10 ++ 626919 0.993021 0.5136 0.0158 0.0024 2.365e-11 ++ 348880 0.993021 0.5145 0.0044 0.0027 0.1045 ++ 278174 0.993021 0.0016009795487781
rs4964656:G:C 12 108594069 C G 0.3025 -0.0159 0.002 4.937e-16 -- 625457 0.999554 0.3015 -0.0182 0.0026 2.976e-12 -- 348001 0.999554 0.3029 -0.0125 0.0029 2.143e-05 -- 277592 0.999554 0.143340437427523
rs541091:G:A 6 160770552 A G 0.4288 -0.0199 0.0019 2.987e-26 -- 545328 0.997066 0.4758 -0.0274 0.0027 6.456e-25 -? 262759 0.997066 0.4747 -0.0119 0.003 5.72e-05 -? 221804 0.997066 0.000122857477321002
rs55747707:G:A 7 73037366 A G 0.1783 -0.0244 0.0024 3.047e-25 -- 551855 0.995534 0.1982 -0.0355 0.0033 2.19e-26 -? 262759 0.995534 0.1985 -0.0108 0.0037 0.003518 -? 221804 0.995534 6.29218872157515e-07
rs55920843:T:G 2 158412701 T G 0.9886 0.0859 0.0093 2.683e-20 +? 484563 1 0.9888 0.117 0.0126 1.894e-20 +? 262759 1 0.9884 0.0455 0.0138 0.0009357 +? 221804 1 0.000130130721671977
rs56185013:G:A 4 106160133 A G 0.2179 -0.0168 0.0024 2.492e-12 -? 484563 0.999202 0.2169 -0.0172 0.0032 9.358e-08 -? 262759 0.999202 0.219 -0.0141 0.0036 8.138e-05 -? 221804 0.999202 0.519833248892722
rs56196860:C:A 12 2908330 A C 0.03 -0.0357 0.0058 6.452e-10 -? 484563 1 0.03 -0.0219 0.0078 0.004898 -? 262759 1 0.03 -0.0581 0.0086 1.782e-11 -? 221804 1 0.00182138194066809
rs56271783:G:C 11 64004723 C G 0.0439 0.059 0.0049 1.212e-33 +? 484563 0.975925 0.0443 0.0885 0.0065 1.108e-41 +? 262759 0.975925 0.0434 0.0203 0.0073 0.005498 +? 221804 0.975925 3.00756802573773e-12
rs598104:A:T 1 86266109 A T 0.5944 -0.0137 0.0018 5.365e-14 -- 626434 0.998999 0.5948 -0.0139 0.0024 8.759e-09 -- 348632 0.998999 0.5937 -0.0136 0.0027 6.74e-07 -- 277937 0.998999 0.933815376788168
rs59888683:C:T 15 79049464 T C 0.1772 0.0142 0.0024 1.801e-09 ++ 543377 0.998415 0.1965 0.02 0.0033 2.053e-09 +? 262759 0.998415 0.1969 0.0064 0.0037 0.08346 +? 221804 0.998415 0.00608547388083157
rs6018291:C:G 20 45756772 C G 0.4453 -0.0139 0.0018 1.329e-14 -- 627099 0.993289 0.4454 -0.0121 0.0024 4.05e-07 -- 348987 0.993289 0.4448 -0.0157 0.0027 7.259e-09 -- 278247 0.993289 0.318985045760398
rs6040229:A:G 20 10883131 A G 0.5481 -0.0112 0.0018 5.266e-10 -- 627216 0.99839 0.5495 -0.0135 0.0024 1.674e-08 -- 349051 0.99839 0.5478 -0.0082 0.0027 0.00235 -- 278300 0.99839 0.14233884219075
rs6047259:C:T 20 21098319 T C 0.6188 0.0104 0.0018 4.321e-09 ++ 694395 0.989467 0.6174 0.0101 0.0024 1.887e-05 ++ 379360 0.989467 0.6203 0.0108 0.0026 3.462e-05 ++ 315169 0.989467 0.843176745928193
rs6054471:T:C 20 6674887 T C 0.2582 0.0122 0.0021 4.1e-09 ++ 627050 0.989721 0.2576 0.0139 0.0027 4.486e-07 ++ 348948 0.989721 0.2589 0.0088 0.0031 0.004219 ++ 278236 0.989721 0.214758781359114
rs62012773:A:G 15 63868761 A G 0.8447 -0.0174 0.0027 1.668e-10 -? 484563 0.999156 0.8452 -0.0201 0.0037 4.377e-08 -? 262759 0.999156 0.844 -0.0132 0.0041 0.001153 -? 221804 0.999156 0.211521259466014
rs62070804:C:T 17 27889643 T C 0.0177 0.0469 0.0075 4.363e-10 +? 484563 1 0.0175 0.0788 0.0102 9.661e-15 +? 262759 1 0.0179 0.0066 0.0111 0.555 +? 221804 1 1.67242665566862e-06
rs62271373:T:A 3 150066540 A T 0.0578 0.0408 0.0043 3.441e-21 +? 484563 0.957592 0.0578 0.0688 0.0058 2.22e-32 +? 262759 0.957592 0.0577 0.0015 0.0064 0.8177 +? 221804 0.957592 6.59875934884454e-15
rs62621197:C:T 19 8670147 T C 0.0361 -0.0358 0.0055 8.875e-11 -? 484563 0.924188 0.0364 -0.028 0.0074 0.0001541 -? 262759 0.924188 0.0358 -0.046 0.0083 2.713e-08 -? 221804 0.924188 0.105504543393503
rs634869:T:C 6 139831757 T C 0.4193 0.0229 0.0017 2.598e-40 ++ 694613 0.999457 0.4201 0.0334 0.0023 2.079e-47 ++ 379480 0.999457 0.4188 0.0077 0.0026 0.002671 ++ 315268 0.999457 1.3259825306334e-13
rs6426912:T:C 1 165321568 T C 0.1087 0.0191 0.0029 6.152e-11 ++ 605393 0.986598 0.1082 0.0252 0.0039 9.311e-11 ++ 337311 0.986598 0.1114 0.0111 0.0047 0.01791 +? 221804 0.986598 0.020961062735552
rs6432188:T:C 2 11499032 T C 0.2016 0.0143 0.0023 2.251e-10 ++ 693855 0.984825 0.2025 0.0174 0.003 7.476e-09 ++ 379103 0.984825 0.2039 0.0104 0.0033 0.001833 ++ 314886 0.984825 0.116515216724748
rs6480914:G:A 10 80772591 A G 0.5844 0.0133 0.002 3.205e-11 +? 484563 0.991411 0.5851 0.0113 0.0027 2.968e-05 +? 262759 0.991411 0.5836 0.0141 0.003 2.45e-06 +? 221804 0.991411 0.487844521467117
rs6556301:G:T 5 176527577 T G 0.3706 0.0206 0.0018 2.026e-29 ++ 663437 0.983643 0.3712 0.0152 0.0024 5.254e-10 ++ 364397 0.983643 0.3699 0.0291 0.0027 7.544e-27 ++ 299174 0.983643 0.000119195981325571
rs664532:T:C 13 110932363 T C 0.3811 0.0134 0.0019 1.376e-12 ++ 551855 0.987828 0.4281 0.0144 0.0027 1.061e-07 +? 262759 0.987828 0.429 0.0108 0.003 0.0003093 +? 221804 0.987828 0.372418138000967
rs6658424:T:A 1 200049302 A T 0.2845 -0.0143 0.002 2.884e-13 -- 627301 0.993948 0.2833 -0.0145 0.0026 2.326e-08 -- 349095 0.993948 0.2842 -0.0131 0.0029 7.919e-06 -- 278341 0.993948 0.719260483350719
rs6688233:C:T 1 9335745 T C 0.2393 0.021 0.0021 9.638e-24 ++ 626909 0.982661 0.2382 0.028 0.0028 1.074e-23 ++ 348868 0.982661 0.2402 0.0128 0.0031 4.284e-05 ++ 278176 0.982661 0.000274021154087467
rs6705646:A:G 2 165567695 A G 0.4182 0.0254 0.0017 3.971e-48 ++ 694039 0.986446 0.4185 0.0454 0.0023 7.742e-85 ++ 379177 0.986446 0.4181 -9e-04 0.0026 0.7311 +- 314996 0.986446 1.39328733310568e-40
rs6721459:A:G 2 67852836 A G 0.527 -0.0178 0.0018 4.077e-23 -- 624705 0.996627 0.5274 -0.0178 0.0024 9.352e-14 -- 346684 0.996627 0.5264 -0.0171 0.0027 1.866e-10 -- 278157 0.996627 0.846353796483814
rs6752964:T:C 2 43754655 T C 0.8967 -0.0189 0.0028 1.661e-11 -- 694429 0.995229 0.8968 -0.024 0.0037 1.384e-10 -- 379397 0.995229 0.8971 -0.0106 0.0042 0.01105 -- 315165 0.995229 0.0166656348637873
rs6795831:A:C 3 129341403 A C 0.8144 0.0348 0.0023 4.905e-53 ++ 627216 0.984604 0.8163 0.052 0.003 4.652e-67 ++ 349057 0.984604 0.8135 0.0102 0.0034 0.002704 +- 278295 0.984604 3.01019005855028e-20
rs6853254:T:G 4 26352363 T G 0.349 0.0174 0.0019 4.021e-20 ++ 627201 0.996143 0.3506 0.0182 0.0025 3.874e-13 ++ 349038 0.996143 0.3494 0.0168 0.0028 2.694e-09 ++ 278299 0.996143 0.709171642282525
rs6859752:C:T 5 171851934 T C 0.3289 0.012 0.0019 3.674e-10 ++ 627209 0.998267 0.3313 0.0159 0.0025 3.632e-10 ++ 349043 0.998267 0.3283 0.008 0.0029 0.005566 +- 278301 0.998267 0.0390851590122124
rs6867518:T:C 5 64679283 T C 0.8754 -0.018 0.0027 1.927e-11 -- 627200 0.987071 0.8764 -0.0165 0.0035 3.151e-06 -- 349034 0.987071 0.8753 -0.0188 0.004 2.721e-06 -- 278300 0.987071 0.665209770433176
rs6872807:G:T 5 55966023 T G 0.3405 0.0108 0.0018 2.187e-09 ++ 694620 0.98784 0.3405 0.0176 0.0024 4.175e-13 ++ 379489 0.98784 0.3402 0.0032 0.0027 0.2311 ++ 315266 0.98784 6.71447230421592e-05
rs6905288:G:A 6 43758873 A G 0.5735 0.0444 0.0018 9.04e-140 ++ 671554 1 0.5736 0.0609 0.0024 3.87e-144 ++ 371948 1 0.5734 0.024 0.0026 2.922e-20 ++ 304604 1 1.8365692711737e-25
rs6932767:G:T 6 14595873 T G 0.7926 0.0154 0.0022 4.256e-12 ++ 627215 0.998656 0.792 0.0179 0.003 1.584e-09 ++ 349051 0.998656 0.7929 0.0119 0.0033 0.000353 ++ 278299 0.998656 0.178513658005411
rs6940715:A:C 6 133601845 A C 0.8944 0.0222 0.003 6.11e-14 ++ 627196 0.996094 0.8938 0.0277 0.0039 1.437e-12 ++ 349040 0.996094 0.8941 0.0161 0.0044 0.0002597 ++ 278291 0.996094 0.048505286322472
rs6985478:G:A 8 25780152 A G 0.7102 0.0148 0.002 5.963e-14 ++ 626686 0.995575 0.7122 0.0144 0.0026 3.574e-08 ++ 348773 0.995575 0.7093 0.0145 0.0029 8.79e-07 ++ 278048 0.995575 0.979516717297639
rs699370:T:C 14 74989119 T C 0.3802 -0.0127 0.0018 3.784e-12 -- 684617 0.978014 0.3812 -0.0121 0.0024 6.077e-07 -- 374940 0.978014 0.3831 -0.0127 0.0027 2.221e-06 -- 309812 0.978014 0.868085368452534
rs7003062:T:C 8 121358527 T C 0.6051 -0.0124 0.0018 2.055e-11 -- 614969 0.994436 0.605 -0.0128 0.0025 1.723e-07 -- 342373 0.994436 0.6056 -0.0116 0.0028 2.804e-05 -- 272731 0.994436 0.749205183958638
rs7020604:A:G 9 112583554 A G 0.6653 0.0129 0.0021 7.039e-10 +? 484563 0.99457 0.6646 0.0189 0.0028 2.317e-11 +? 262759 0.99457 0.6661 0.0041 0.0031 0.1934 +? 221804 0.99457 0.000395690244042086
rs7070749:G:A 10 63882682 A G 0.5531 0.0136 0.002 9.1e-12 +? 484563 0.995798 0.5539 0.0181 0.0027 1.292e-11 +? 262759 0.995798 0.5522 0.0075 0.003 0.0111 +? 221804 0.995798 0.00863171849880752
rs7086377:T:G 10 3596526 T G 0.3952 0.0119 0.0018 6.88e-11 ++ 627258 0.997261 0.3944 0.0176 0.0024 3.601e-13 ++ 349068 0.997261 0.3952 0.0047 0.0027 0.08553 ++ 278325 0.997261 0.000355681145125046
rs7102:T:C 16 11642242 T C 0.646 -0.0115 0.0018 1.383e-10 -- 686994 0.98977 0.646 -0.0186 0.0024 1.267e-14 -- 376198 0.98977 0.647 -0.001 0.0027 0.7134 -0 310930 0.98977 1.1047333859847e-06
rs711076:T:C 12 77905207 T C 0.6797 -0.0123 0.0018 1.489e-11 -- 694439 0.995925 0.6795 -0.0099 0.0024 4.964e-05 -- 379385 0.995925 0.6802 -0.0163 0.0027 1.919e-09 -- 315187 0.995925 0.0764548496716667
rs711869:G:A 2 13073967 A G 0.5566 -0.0186 0.0018 1.961e-24 -- 627083 0.981668 0.557 -0.0174 0.0024 4.828e-13 -- 348967 0.981668 0.5566 -0.0197 0.0027 4.849e-13 -- 278251 0.981668 0.524331992608284
rs7119797:C:T 11 62166235 T C 0.4891 -0.013 0.0018 5.491e-13 -- 627021 0.990757 0.4888 -0.0154 0.0024 1.134e-10 -- 348913 0.990757 0.4894 -0.0098 0.0027 0.0002986 -- 278244 0.990757 0.121097769158756
rs71439172:G:A 2 25584162 A G 0.1437 -0.0233 0.0029 3.371e-16 -? 484563 0.963824 0.1429 -0.0294 0.0038 1.987e-14 -? 262759 0.963824 0.1447 -0.0181 0.0043 2.054e-05 -? 221804 0.963824 0.048933901928018
rs71511786:A:T 9 107578059 A T 0.9207 0.0228 0.0037 5.184e-10 +? 484563 0.989553 0.9212 0.0236 0.005 1.974e-06 +? 262759 0.989553 0.92 0.0191 0.0054 0.0004594 +? 221804 0.989553 0.540890307593845
rs715300:C:T 1 221290755 T C 0.3095 0.0144 0.0019 1.107e-13 ++ 627315 0.995543 0.3098 0.0125 0.0026 9.792e-07 ++ 349100 0.995543 0.3097 0.0176 0.0029 1.406e-09 ++ 278351 0.995543 0.190393737572828
rs717795:T:C 1 2970464 T C 0.8014 -0.0196 0.0023 6.858e-18 -- 627060 0.991382 0.8001 -0.021 0.003 3.879e-12 -- 348966 0.991382 0.8023 -0.0178 0.0034 2.064e-07 -- 278229 0.991382 0.480356218695552
rs7198287:C:T 16 85258191 T C 0.218 -0.0137 0.0022 1.045e-09 -- 623331 0.993015 0.2192 -0.0182 0.003 1.119e-09 -- 346863 0.993015 0.2184 -0.0063 0.0034 0.06239 -- 276603 0.993015 0.0086793495922785
rs7213608:C:T 17 21279289 T C 0.6826 -0.0115 0.0019 3.146e-09 -- 626694 0.977134 0.682 -0.0144 0.0026 2.172e-08 -- 348758 0.977134 0.6836 -0.006 0.0029 0.03979 -- 278070 0.977134 0.0310303025195036
rs7225453:T:C 17 3960620 T C 0.825 -0.0145 0.0023 2.662e-10 -- 627294 0.99837 0.827 -0.014 0.003 4.433e-06 -- 349094 0.99837 0.8246 -0.0159 0.0034 3.943e-06 -- 278335 0.99837 0.675196373092874
rs7235010:G:A 18 20724810 A G 0.774 0.0186 0.0021 5.647e-19 ++ 694222 0.998884 0.7731 0.0177 0.0028 1.99e-10 ++ 379276 0.998884 0.7741 0.0211 0.0031 8.85e-12 ++ 315080 0.998884 0.415691339520273
rs7252102:A:G 19 17197012 A G 0.7227 -0.0141 0.002 9.396e-13 -- 627241 0.996254 0.7242 -0.0162 0.0026 7.691e-10 -- 349065 0.996254 0.7218 -0.0126 0.003 2.253e-05 -+ 278311 0.996254 0.36449834270773
rs727428:T:C 17 7537792 T C 0.454 0.0158 0.0018 4.253e-18 ++ 626586 1 0.455 0.0186 0.0024 8.728e-15 ++ 348720 1 0.4538 0.0117 0.0027 1.796e-05 ++ 278001 1 0.0561272861179393
rs7279347:G:A 21 47537882 A G 0.5064 -0.0121 0.0018 1.998e-11 -- 624792 0.993164 0.5062 -0.0152 0.0024 2.494e-10 -- 347753 0.993164 0.5064 -0.0068 0.0027 0.01212 -- 277174 0.993164 0.0200573437809783
rs72823057:G:C 17 40567260 C G 0.0731 0.0294 0.0038 1.692e-14 +? 484563 0.98187 0.0729 0.0365 0.0052 1.472e-12 +? 262759 0.98187 0.0733 0.0192 0.0057 0.0007435 +? 221804 0.98187 0.0249471772394978
rs72877579:C:T 3 64697471 T C 0.0833 -0.0347 0.0033 3.293e-26 -- 551882 0.950404 0.0937 -0.0481 0.0047 5.851e-25 -? 262759 0.950404 0.0934 -0.0151 0.0052 0.003501 -? 221804 0.950404 2.50104526710759e-06
rs72959041:G:A 6 127454893 A G 0.0417 0.1624 0.0044 2.08e-293 ++ 549629 0.969127 0.0473 0.2165 0.0063 6.05e-255 +? 262759 0.969127 0.047 0.1009 0.0071 2.162e-46 +? 221804 0.969127 4.04427819813395e-34
rs73001065:G:C 19 19460541 C G 0.0606 0.0219 0.0037 3.68e-09 ++ 551749 0.992649 0.0684 0.0282 0.0053 9.799e-08 +? 262759 0.992649 0.0684 0.0153 0.0059 0.009161 +? 221804 0.992649 0.103835118204709
rs73094710:T:G 3 61557775 T G 0.896 0.0197 0.0032 1.195e-09 +? 484563 0.992204 0.8962 0.0215 0.0044 8.986e-07 +? 262759 0.992204 0.8956 0.0189 0.0048 9.648e-05 +? 221804 0.992204 0.689678189338605
rs7350438:C:T 10 5643511 T C 0.3763 -0.0116 0.0019 3.627e-10 -- 626977 0.990482 0.3766 -0.0141 0.0025 8.783e-09 -- 348921 0.990482 0.3765 -0.0069 0.0028 0.01256 -- 278191 0.990482 0.0550951105065782
rs73858966:T:A 3 99654183 A T 0.0788 0.0244 0.0037 2.461e-11 +? 484563 0.998054 0.0786 0.0223 0.0049 6.075e-06 +? 262759 0.998054 0.079 0.0278 0.0055 3.67e-07 +? 221804 0.998054 0.455268915341268
rs73942938:T:C 19 46162346 T C 0.7362 -0.0146 0.0025 4.462e-09 -- 551862 0.995002 0.8293 -0.0142 0.0035 6.124e-05 -? 262759 0.995002 0.8298 -0.0136 0.0039 0.0005617 -? 221804 0.995002 0.908842387398634
rs7395513:G:A 11 69262756 A G 0.4389 -0.0214 0.002 9.351e-27 -? 484563 0.99223 0.439 -0.027 0.0027 1.103e-23 -? 262759 0.99223 0.4388 -0.0156 0.003 1.536e-07 -? 221804 0.99223 0.00473518246057228
rs740838:C:A 3 43764315 A C 0.0248 -0.0431 0.0058 8.976e-14 -- 606754 0.998522 0.0245 -0.0495 0.0077 1.309e-10 -- 337331 0.998522 0.026 -0.0273 0.0092 0.003162 -? 221804 0.998522 0.0642487445817872
rs747249:A:G 11 130271647 A G 0.3589 0.0114 0.0019 1.251e-09 ++ 626947 0.985753 0.3597 0.0161 0.0025 1.019e-10 ++ 348907 0.985753 0.3583 0.0043 0.0028 0.124 ++ 276618 0.985753 0.0016688656019644
rs7492628:C:G 14 91547136 C G 0.6801 -0.0229 0.0019 4.909e-32 -- 626927 0.981371 0.6796 -0.0287 0.0026 1.448e-28 -- 348877 0.981371 0.6807 -0.0154 0.0029 1.461e-07 -- 276629 0.981371 0.000638406938601872
rs7521902:C:A 1 22490724 A C 0.2276 -0.0129 0.002 1.468e-10 -- 693920 1 0.2275 -0.0105 0.0027 0.0001003 -- 379113 1 0.2268 -0.0174 0.003 5.215e-09 -- 314941 1 0.0873442075649956
rs7530102:T:A 1 163760257 A T 0.3978 0.0117 0.0018 1.464e-10 ++ 626763 0.993155 0.3963 0.0129 0.0024 1.069e-07 ++ 348819 0.993155 0.399 0.0113 0.0027 3.634e-05 ++ 278078 0.993155 0.657831393950346
rs7554947:C:T 1 160413460 T C 0.2619 -0.0151 0.0022 1.821e-11 -? 484563 0.990433 0.2619 -0.0143 0.003 2.188e-06 -? 262759 0.990433 0.2618 -0.0159 0.0034 2.03e-06 -? 221804 0.990433 0.724189746190375
rs755643:G:A 5 173136667 A G 0.2882 -0.0119 0.002 1.561e-09 -- 627000 0.986999 0.2882 -0.0149 0.0026 1.055e-08 -- 348932 0.986999 0.2877 -0.0077 0.0029 0.008839 -- 278203 0.986999 0.064517587244492
rs757081:C:G 11 17351683 C G 0.6627 -0.0113 0.0018 4.025e-10 -- 693473 1 0.6632 -0.0072 0.0024 0.002939 -- 378810 1 0.6617 -0.017 0.0027 2.902e-10 -- 314796 1 0.00667135333630491
rs757608:A:G 17 59497277 A G 0.3207 0.0194 0.0018 1.095e-26 ++ 694592 1 0.3205 0.0187 0.0024 1.979e-14 ++ 379471 1 0.3208 0.0214 0.0027 2.427e-15 ++ 315254 1 0.454816522068539
rs7585974:C:G 2 172377212 C G 0.1826 0.0187 0.0026 2.307e-13 +? 484563 0.995766 0.1824 0.0277 0.0034 7.283e-16 +? 262759 0.995766 0.1829 0.0071 0.0038 0.06293 +? 221804 0.995766 5.3452937208346e-05
rs7680787:T:C 4 122624065 T C 0.6476 0.0138 0.0018 1.171e-14 ++ 693901 1 0.6478 0.0159 0.0024 2.389e-11 ++ 379105 1 0.6477 0.0097 0.0026 0.0002677 ++ 314930 1 0.0797353673333219
rs7708285:G:A 5 76425867 A G 0.7065 -0.0132 0.0019 2.998e-12 -- 691373 1 0.7072 -0.0148 0.0025 5.136e-09 -- 377753 1 0.706 -0.012 0.0028 1.874e-05 -- 313750 1 0.455705073251567
rs7721054:T:C 5 54890802 T C 0.2948 0.0169 0.0019 1.559e-19 ++ 693843 0.989511 0.2948 0.0235 0.0025 1.005e-20 ++ 379066 0.989511 0.2946 0.0074 0.0028 0.007415 ++ 314911 0.989511 1.79365034005962e-05
rs7744833:A:G 6 20581828 A G 0.6823 0.0117 0.0019 1.423e-09 ++ 627233 0.986807 0.6811 0.0137 0.0026 9.521e-08 ++ 349055 0.986807 0.6833 0.0081 0.0029 0.005217 ++ 278313 0.986807 0.150493856258308
rs7795371:A:G 7 77362504 A G 0.565 0.0172 0.0018 2.886e-21 ++ 627159 0.996663 0.5623 0.0218 0.0024 1.102e-19 ++ 348993 0.996663 0.5654 0.0109 0.0027 6.058e-05 ++ 278301 0.996663 0.00255021201543679
rs7798002:G:T 7 25860580 T G 0.1969 0.0319 0.0021 4.234e-50 ++ 694434 0.99546 0.1963 0.0441 0.0029 3.791e-53 ++ 379378 0.99546 0.1973 0.0159 0.0032 4.709e-07 ++ 315190 0.99546 6.57927450874393e-11
rs780159:A:G 10 80907147 A G 0.4287 -0.0163 0.0018 3.332e-20 -- 686401 0.969682 0.4289 -0.0134 0.0024 1.405e-08 -- 376075 0.969682 0.4301 -0.0216 0.0026 1.724e-16 -- 310460 0.969682 0.0204788494654953
rs7827182:G:C 8 8380471 C G 0.4407 -0.0166 0.0019 3.921e-19 -- 567657 0.999162 0.4989 -0.012 0.0027 6.335e-06 -? 262759 0.999162 0.4957 -0.027 0.0029 4.341e-20 -? 221804 0.999162 0.00015330209131138
rs7854560:C:T 9 98382950 T C 0.2902 0.0116 0.0019 5.854e-10 ++ 694360 1 0.2899 0.0133 0.0025 1.348e-07 ++ 379345 1 0.2902 0.0095 0.0028 0.0006404 ++ 315150 1 0.311373618460427
rs7903146:C:T 10 114758349 T C 0.2798 0.0181 0.0019 9.913e-22 ++ 694542 1 0.2786 0.0216 0.0025 1.543e-17 ++ 379446 1 0.2804 0.0148 0.0028 1.06e-07 ++ 315230 1 0.0700537629685637
rs7932891:A:G 11 10921512 A G 0.2954 0.0141 0.002 1.39e-12 ++ 626262 0.998727 0.2959 0.0172 0.0026 6.605e-11 ++ 348519 0.998727 0.2953 0.0118 0.003 6.763e-05 +- 277879 0.998727 0.173753877977182
rs7945962:G:A 11 36360598 A G 0.4887 0.0114 0.0018 2.202e-10 ++ 626631 0.994694 0.4901 0.0177 0.0024 1.083e-13 ++ 348745 0.994694 0.4885 9e-04 0.0027 0.7345 +- 278021 0.994694 3.31055991621275e-06
rs79664277:G:A 5 149859889 A G 0.0874 0.021 0.0035 2.339e-09 +? 484563 0.986645 0.0869 0.0237 0.0047 5.424e-07 +? 262759 0.986645 0.088 0.0159 0.0052 0.002375 +? 221804 0.986645 0.265789818489076
rs797486:C:A 13 51221618 A C 0.893 0.0373 0.0026 4.379e-46 ++ 694585 0.987915 0.8936 0.0376 0.0035 4.316e-27 ++ 379476 0.987915 0.894 0.0362 0.0039 8.537e-21 ++ 315244 0.987915 0.789342972355656
rs7993238:A:C 13 22473593 A C 0.6498 -0.012 0.0019 1.683e-10 -- 627052 0.971194 0.6519 -0.0147 0.0025 3.888e-09 -- 348949 0.971194 0.6492 -0.0086 0.0028 0.00238 -+ 278239 0.971194 0.104145838265085
rs801593:G:C 22 47195050 C G 0.7396 -0.0123 0.002 6.683e-10 -- 625084 1 0.7428 -0.0138 0.0026 1.934e-07 -- 346882 1 0.7392 -0.0103 0.003 0.00053 -- 278337 1 0.37797299734235
rs8024294:G:A 15 94023132 A G 0.1114 0.0177 0.0029 5.026e-10 ++ 615118 0.97696 0.1114 0.0151 0.0038 6.286e-05 ++ 342471 0.97696 0.1114 0.0211 0.0043 7.803e-07 ++ 272782 0.97696 0.295757080438647
rs8054299:C:G 16 53498655 C G 0.6861 0.0146 0.0019 5.788e-14 ++ 615528 0.999166 0.6859 0.0205 0.0026 1.873e-15 ++ 342676 0.999166 0.6859 0.007 0.0029 0.01572 ++ 272987 0.999166 0.000528068562526042
rs805768:C:T 20 5666891 T C 0.2391 0.0179 0.0023 1.646e-14 +? 484563 0.987885 0.24 0.0184 0.0031 4.653e-09 +? 262759 0.987885 0.238 0.0205 0.0035 4.385e-09 +? 221804 0.987885 0.653321355869656
rs8066985:A:G 17 68453345 A G 0.4878 0.0228 0.0017 2.028e-40 ++ 694540 0.996236 0.4889 0.036 0.0023 1.489e-55 ++ 379442 0.996236 0.4874 0.0042 0.0025 0.09495 ++ 315232 0.996236 7.89537974940184e-21
rs8074638:G:A 17 53731579 A G 0.191 0.0157 0.0023 2.118e-11 ++ 626827 0.977124 0.1919 0.021 0.0031 1.563e-11 ++ 348843 0.977124 0.1908 0.0084 0.0035 0.01615 ++ 278118 0.977124 0.00704060718658026
rs8080903:T:C 17 43996140 T C 0.4347 -0.0146 0.0018 1.567e-15 -- 623482 0.978333 0.4346 -0.018 0.0024 1.36e-13 -- 345991 0.978333 0.4348 -0.0108 0.0027 7.94e-05 -+ 276070 0.978333 0.0462514267918326
rs8103017:C:G 19 55999142 C G 0.7044 -0.0196 0.0022 2.98e-19 -? 484563 0.980636 0.7047 -0.0226 0.0029 1.475e-14 -? 262759 0.980636 0.704 -0.0144 0.0033 1.019e-05 -? 221804 0.980636 0.0619671167015741
rs8126001:C:T 20 62711459 T C 0.4853 -0.0164 0.002 1.604e-16 -? 484563 0.992915 0.4858 -0.0269 0.0027 7.491e-24 -? 262759 0.992915 0.4846 -0.0025 0.003 0.3966 -? 221804 0.992915 1.48985183488123e-09
rs8142329:A:G 22 27647289 A G 0.8752 -0.0165 0.0026 1.595e-10 -- 680293 1 0.8747 -0.0182 0.0035 1.474e-07 -- 372009 1 0.8761 -0.0157 0.0038 3.795e-05 -- 308418 1 0.628448853535787
rs821100:A:G 8 89448877 A G 0.7283 -0.0161 0.0022 3.989e-13 -? 484563 0.992341 0.7283 -0.0204 0.003 1.034e-11 -? 262759 0.992341 0.7282 -0.0104 0.0033 0.001804 -? 221804 0.992341 0.0249456942669231
rs848286:T:C 2 58394543 T C 0.6226 0.0116 0.0019 3.748e-10 ++ 627185 0.995143 0.6223 0.0062 0.0025 0.01126 ++ 349025 0.995143 0.6213 0.0187 0.0028 1.654e-11 ++ 278295 0.995143 0.000868213950307692
rs863750:C:T 12 124505444 T C 0.5842 0.0373 0.0017 4.17e-101 ++ 693934 0.993593 0.5827 0.0512 0.0023 2.31e-107 ++ 379126 0.993593 0.5833 0.0185 0.0026 7.552e-13 ++ 314942 0.993593 4.5077816106911e-21
rs889129:T:A 19 10070954 A T 0.8774 -0.0198 0.0029 9.321e-12 -- 593244 0.96509 0.8778 -0.022 0.0039 1.382e-08 -- 332265 0.96509 0.8746 -0.0173 0.0045 0.0001383 -? 221804 0.96509 0.429951140635695
rs905938:T:C 1 154991389 T C 0.7233 0.0243 0.002 1.345e-35 ++ 692430 1 0.7232 0.0322 0.0026 1.408e-34 ++ 378295 1 0.7237 0.0151 0.0029 2.47e-07 ++ 314265 1 1.13146387595544e-05
rs910071:C:T 20 39213710 T C 0.3151 -0.0171 0.0019 6.274e-19 -- 627030 0.994225 0.3136 -0.0219 0.0025 7.592e-18 -- 348955 0.994225 0.3157 -0.01 0.0029 0.0005368 -- 278209 0.994225 0.00188362783777717
rs910382:G:A 20 51699189 A G 0.4937 -0.0187 0.0018 2.757e-25 -- 625776 0.991927 0.4926 -0.0255 0.0024 8.896e-27 -- 348291 0.991927 0.4942 -0.0093 0.0027 0.0005634 -- 277620 0.991927 7.31002177390043e-06
rs917191:G:C 7 80570871 C G 0.5706 0.0138 0.0018 5.113e-14 ++ 626903 0.980862 0.5697 0.022 0.0024 1.042e-19 ++ 348874 0.980862 0.5702 0.0018 0.0027 0.5152 ++ 278164 0.980862 2.24819556611073e-08
rs917681:C:T 4 13247539 T C 0.2945 0.0115 0.0019 7.58e-10 ++ 694552 0.99252 0.2936 0.0094 0.0025 0.0001704 ++ 379441 0.99252 0.2948 0.0144 0.0028 2.027e-07 ++ 315245 0.99252 0.182849825033015
rs930653:A:T 2 68464271 A T 0.3558 0.0112 0.0019 2.893e-09 ++ 627070 0.998172 0.3587 0.0121 0.0025 1.183e-06 ++ 348953 0.998172 0.3556 0.0093 0.0028 0.001046 ++ 278252 0.998172 0.455705073251567
rs9341990:A:G 6 85391568 A G 0.4131 0.0151 0.0018 9.459e-17 ++ 627285 0.997719 0.4123 0.0139 0.0024 6.236e-09 ++ 349082 0.997719 0.4136 0.0178 0.0027 6.063e-11 ++ 278338 0.997719 0.280324244891913
rs9388766:T:C 6 130354855 T C 0.3132 -0.017 0.0019 3.963e-20 -- 694603 0.994722 0.3137 -0.0164 0.0025 3.191e-11 -- 379482 0.994722 0.3131 -0.0181 0.0028 4.714e-11 -- 315255 0.994722 0.650627431328459
rs9415106:G:A 10 77295957 A G 0.7138 0.0142 0.002 9.781e-13 ++ 627049 1 0.7127 0.0172 0.0026 6.705e-11 ++ 348956 1 0.7145 0.0122 0.003 4.129e-05 ++ 278228 1 0.207856358271114
rs9435732:C:T 1 17308158 T C 0.2396 -0.0128 0.0019 2.57e-11 -- 693273 1 0.2401 -0.0148 0.0026 9.741e-09 -- 378601 1 0.2378 -0.0095 0.0029 0.000894 -- 314805 1 0.173588016518695
rs951252:A:G 4 145825151 A G 0.4514 -0.0185 0.0017 3.44e-27 -- 694562 1 0.4509 -0.0162 0.0023 1.77e-12 -- 379448 1 0.4528 -0.0213 0.0025 3.74e-17 -- 315248 1 0.13327817527745
rs9644033:A:T 8 23610639 A T 0.7545 0.0222 0.0021 3.404e-26 ++ 626939 0.997191 0.7544 0.0379 0.0028 3.001e-42 ++ 348884 0.997191 0.754 -6e-04 0.0031 0.8404 +- 278190 0.997191 3.07139126166896e-20
rs9647379:G:C 3 171785168 C G 0.3988 -0.015 0.0019 5.144e-16 -- 624516 0.9925 0.3974 -0.0185 0.0024 3.843e-14 -- 347797 0.9925 0.4001 -0.0081 0.0028 0.00349 -- 276854 0.9925 0.0048009291548212
rs9678859:A:G 2 100288478 A G 0.1816 0.0188 0.0023 7.97e-16 ++ 627274 0.99681 0.1818 0.0228 0.0031 1.618e-13 ++ 349079 0.99681 0.1817 0.0144 0.0035 3.825e-05 ++ 278330 0.99681 0.0723972964069529
rs975385:C:T 5 141858677 T C 0.4002 -0.0114 0.0018 5.293e-10 -- 626087 0.987005 0.3981 -0.0124 0.0024 3.578e-07 -- 348436 0.987005 0.4013 -0.0106 0.0027 0.0001173 -- 277786 0.987005 0.618291720846424
rs9909443:C:T 17 73308346 T C 0.2251 -0.0138 0.0021 1.236e-10 -- 626372 0.991733 0.2248 -0.0142 0.0028 5.908e-07 -- 348519 0.991733 0.2255 -0.0133 0.0032 3.505e-05 -- 277988 0.991733 0.832370583530441
